988326.965372 1818605.834029 1621847542.50694
988328.50512 1818607.085965 1621847542.70811
988349.069868 1818623.768 1621847545.216355
988355.340484 1818628.841479 1621847545.90719
988361.892738 1818634.147037 1621847546.606939
988368.181395 1818639.285568 1621847547.255867
988394.217029 1818660.693947 1621847549.80532
988405.59503 1818669.976737 1621847550.855854
988412.806033 1818675.863458 1621847551.506631
988424.10634 1818685.143212 1621847552.507273
988427.538196 1818687.954644 1621847552.806817
988443.323354 1818700.879003 1621847554.155864
988463.785552 1818717.52784 1621847555.855989
988468.067598 1818721.003573 1621847556.215683
988472.400416 1818724.51003 1621847556.555478
988484.851642 1818734.643803 1621847557.55582
988510.49753 1818755.693534 1621847559.606577
988514.883439 1818759.298433 1621847559.95587
988518.640531 1818762.389309 1621847560.256104
988551.877194 1818789.515182 1621847562.856808
988565.038983 1818800.32309 1621847563.856717
988569.022779 1818803.634247 1621847564.156733
988592.085163 1818822.762748 1621847565.856282
988596.922186 1818826.779159 1621847566.218058
988608.777635 1818836.525988 1621847567.056769
988625.085005 1818849.888655 1621847568.218106
988639.388761 1818861.566884 1621847569.217809
988658.843149 1818877.489495 1621847570.555835
988654.509372 1818873.93944 1621847570.256417
988668.985305 1818885.792515 1621847571.256608
988686.330672 1818900.180935 1621847572.457064
988720.894062 1818929.203597 1621847574.857293
988735.306853 1818941.130768 1621847575.857832
988739.611677 1818944.693137 1621847576.156259
988759.602447 1818961.245648 1621847577.556663
988778.785099 1818977.133353 1621847578.907264
988783.777976 1818981.224653 1621847579.256619
988783.777976 1818981.224653 1621847579.256619
988783.777976 1818981.224653 1621847579.256619
988783.777976 1818981.224653 1621847579.256619
988783.777976 1818981.224653 1621847579.256619
988783.777976 1818981.224653 1621847579.256619
988783.777976 1818981.224653 1621847579.256619
988783.777976 1818981.224653 1621847579.256619
988783.777976 1818981.224653 1621847579.256619
988783.777976 1818981.224653 1621847579.256619
988783.777976 1818981.224653 1621847579.256619
988783.777976 1818981.224653 1621847579.256619
988783.777976 1818981.224653 1621847579.256619
988783.777976 1818981.224653 1621847579.256619
988783.777976 1818981.224653 1621847579.256619
988783.777976 1818981.224653 1621847579.256619
988783.777976 1818981.224653 1621847579.256619
988783.777976 1818981.224653 1621847579.256619
988783.777976 1818981.224653 1621847579.256619
988783.777976 1818981.224653 1621847579.256619
988783.777976 1818981.224653 1621847579.256619
988783.777976 1818981.224653 1621847579.256619
988783.777976 1818981.224653 1621847579.256619
988783.777976 1818981.224653 1621847579.256619
988783.777976 1818981.224653 1621847579.256619
988783.777976 1818981.224653 1621847579.256619
988783.777976 1818981.224653 1621847579.256619
988783.777976 1818981.224653 1621847579.256619
988783.777976 1818981.224653 1621847579.256619
988783.777976 1818981.224653 1621847579.256619
988783.777976 1818981.224653 1621847579.256619
988783.777976 1818981.224653 1621847579.256619
988783.777976 1818981.224653 1621847579.256619
988783.777976 1818981.224653 1621847579.256619
988783.777976 1818981.224653 1621847579.256619
988783.777976 1818981.224653 1621847579.256619
988783.777976 1818981.224653 1621847579.256619
988783.777976 1818981.224653 1621847579.256619
988783.777976 1818981.224653 1621847579.256619
988783.777976 1818981.224653 1621847579.256619
988783.777976 1818981.224653 1621847579.256619
988783.777976 1818981.224653 1621847579.256619
988783.777976 1818981.224653 1621847579.256619
988783.777976 1818981.224653 1621847579.256619
988783.777976 1818981.224653 1621847579.256619
988783.777976 1818981.224653 1621847579.256619
988788.772227 1818985.283373 1621847677.846749
988788.772227 1818985.283373 1621847677.846749
988788.772227 1818985.283373 1621847677.846749
988788.772227 1818985.283373 1621847677.846749
988788.772227 1818985.283373 1621847677.846749
988788.772227 1818985.283373 1621847677.846749
988788.772227 1818985.283373 1621847677.846749
988788.772227 1818985.283373 1621847677.846749
988788.772227 1818985.283373 1621847677.846749
988788.772227 1818985.283373 1621847677.846749
988788.772227 1818985.283373 1621847677.846749
988788.772227 1818985.283373 1621847677.846749
988788.772227 1818985.283373 1621847677.846749
988788.772227 1818985.283373 1621847677.846749
988788.772227 1818985.283373 1621847677.846749
988788.772227 1818985.283373 1621847677.846749
988788.772227 1818985.283373 1621847677.846749
988788.772227 1818985.283373 1621847677.846749
988788.772227 1818985.283373 1621847677.846749
988788.772227 1818985.283373 1621847677.846749
988788.772227 1818985.283373 1621847677.846749
988788.772227 1818985.283373 1621847677.846749
988788.772227 1818985.283373 1621847677.846749
988788.772227 1818985.283373 1621847677.846749
988788.772227 1818985.283373 1621847677.846749
988788.772227 1818985.283373 1621847677.846749
988788.772227 1818985.283373 1621847677.846749
988788.772227 1818985.283373 1621847677.846749
988788.772227 1818985.283373 1621847677.846749
988788.772227 1818985.283373 1621847677.846749
988788.772227 1818985.283373 1621847677.846749
988788.772227 1818985.283373 1621847677.846749
988788.772227 1818985.283373 1621847677.846749
988788.772227 1818985.283373 1621847677.846749
988788.772227 1818985.283373 1621847677.846749
988788.772227 1818985.283373 1621847677.846749
988788.772227 1818985.283373 1621847677.846749
988788.772227 1818985.283373 1621847677.846749
988788.772227 1818985.283373 1621847677.846749
988788.772227 1818985.283373 1621847677.846749
988788.772227 1818985.283373 1621847677.846749
988788.772227 1818985.283373 1621847677.846749
988788.772227 1818985.283373 1621847677.846749
988788.772227 1818985.283373 1621847677.846749
988810.311258 1819002.817053 1621847678.286884
989705.73468 1819340.49575 1621847678.614628
989718.692525 1819340.146291 1621847680.307321
989727.211748 1819340.055198 1621847681.306763
989736.359368 1819340.11267 1621847682.306103
989742.984184 1819340.150876 1621847683.005788
989756.13431 1819340.103357 1621847684.356363
989759.626208 1819340.081026 1621847684.708656
989775.020517 1819340.047447 1621847686.21918
989782.454128 1819340.073135 1621847686.906902
989801.602902 1819340.034588 1621847688.606207
989811.184299 1819340.025142 1621847689.406345
989822.263291 1819340.014884 1621847690.306537
989838.534039 1819340.056831 1621847691.60682
989847.380652 1819339.998563 1621847692.307182
989856.282013 1819339.892106 1621847693.006605
989864.574806 1819339.824201 1621847693.655837
989878.024409 1819339.768216 1621847694.708709
989881.872944 1819339.75051 1621847695.006608
989918.909422 1819339.496777 1621847697.85878
989925.478801 1819339.461504 1621847698.35542
989941.295509 1819339.416168 1621847699.555859
989951.741803 1819339.346474 1621847700.35527
989947.849574 1819339.366477 1621847700.056367
989977.494546 1819339.139203 1621847702.405621
989981.737408 1819339.115444 1621847702.756166
989993.640247 1819339.052891 1621847703.755186
990006.948052 1819339.032199 1621847704.906693
990030.271401 1819338.82085 1621847706.907121
990034.444188 1819338.747496 1621847707.255918
990055.010252 1819338.514613 1621847708.959405
990046.515135 1819338.581869 1621847708.255584
990071.67782 1819338.540713 1621847710.306808
990073.553617 1819338.548966 1621847710.456693
990096.957001 1819338.567083 1621847712.306688
990107.768662 1819338.548216 1621847713.156273
990157.128636 1819338.052242 1621847716.956979
990180.638724 1819337.803659 1621847718.656235
990176.411512 1819337.834071 1621847718.355858
990205.620369 1819337.959084 1621847720.406457
990207.786659 1819337.985082 1621847720.556682
990239.521477 1819338.247036 1621847722.756322
990251.424883 1819338.326564 1621847723.606563
990265.036053 1819338.442883 1621847724.606783
990283.397366 1819338.702174 1621847726.006377
990287.235037 1819338.776728 1621847726.306823
990302.375462 1819339.14674 1621847727.506611
990342.466262 1819340.24977 1621847730.709413
990350.301654 1819340.497633 1621847731.356275
990357.980776 1819340.735822 1621847732.006291
990362.114054 1819340.858646 1621847732.356468
990378.348889 1819341.310383 1621847733.708598
990416.17571 1819342.495661 1621847736.708167
990429.059102 1819342.91138 1621847737.709308
990437.971777 1819343.193373 1621847738.406456
990446.086293 1819343.449587 1621847739.056937
990450.397118 1819343.570289 1621847739.406357
990473.087282 1819344.123237 1621847741.256801
990490.566879 1819344.569656 1621847742.65546
990498.670749 1819344.841893 1621847743.307014
990517.48424 1819345.222807 1621847745.006409
990530.260296 1819345.543664 1621847746.35621
990532.862852 1819345.612552 1621847746.656287
990545.872629 1819345.981293 1621847748.506875
990559.976761 1819346.526637 1621847751.356275
990561.521098 1819346.595801 1621847751.707804
990570.020294 1819346.965997 1621847753.709311
990567.284682 1819346.857674 1621847753.056266
990571.625747 1819347.026901 1621847754.056236
990579.528875 1819347.302977 1621847755.755539
990580.747799 1819347.325371 1621847756.056206
990590.060147 1819347.436936 1621847758.95583
990590.465175 1819347.442752 1621847759.106588
990592.991713 1819347.566055 1621847760.105888
990596.168001 1819347.60119 1621847761.256109
990601.556192 1819347.933254 1621847762.6056
990599.286977 1819347.782184 1621847762.10661
990611.510718 1819348.657412 1621847764.656426
990614.91047 1819348.992033 1621847765.306434
990621.642105 1819347.690703 1621847766.707824
990622.789344 1819346.825943 1621847767.006155
990626.99917 1819338.115041 1621847768.708194
990627.435024 1819330.944364 1621847769.708015
990627.405956 1819325.661538 1621847770.35634
990627.270654 1819316.325394 1621847771.356279
990627.188327 1819309.520003 1621847772.006381
990627.159694 1819298.120448 1621847773.004505
990627.215669 1819285.739239 1621847774.006311
990627.255164 1819276.587799 1621847774.707903
990627.177063 1819258.07854 1621847776.056106
990627.03934 1819238.557275 1621847777.406292
990626.911338 1819218.980411 1621847778.708276
990626.874154 1819213.575026 1621847779.055845
990626.711432 1819187.37705 1621847780.708277
990626.722442 1819192.213023 1621847780.406547
990626.643526 1819162.008925 1621847782.256158
990626.562624 1819137.114757 1621847783.755206
990626.489362 1819117.022208 1621847784.955611
990626.435688 1819111.138502 1621847785.306851
990626.249866 1819094.310656 1621847786.306704
990626.004529 1819070.561488 1621847787.707414
990625.933917 1819059.578877 1621847788.356227
990625.906611 1819053.660772 1621847788.708932
990625.900622 1819045.20239 1621847789.210361
990625.856918 1819022.283987 1621847790.555054
990625.625964 1818979.577308 1621847793.056491
990625.461053 1818950.444677 1621847794.756575
990625.346858 1818933.197741 1621847795.756479
990625.316685 1818927.118201 1621847796.106609
990625.295752 1818921.052069 1621847796.456698
990625.32672 1818903.803138 1621847797.455989
990625.079853 1818877.250728 1621847799.006338
990624.596569 1818848.811243 1621847800.655947
990624.28366 1818831.371265 1621847801.656821
990623.769602 1818813.923833 1621847802.656551
990623.070354 1818795.699947 1621847803.70931
990622.37118 1818772.465712 1621847805.056544
990621.157252 1818741.547293 1621847806.905969
990620.769271 1818733.41268 1621847807.406724
990619.834375 1818711.899303 1621847808.755286
990619.633301 1818707.189073 1621847809.056084
990618.815038 1818685.67365 1621847810.457126
990618.570831 1818680.395043 1621847810.806314
990618.35287 1818675.902818 1621847811.106568
990617.623118 1818660.428065 1621847812.155924
990616.138192 1818629.979558 1621847814.305726
990615.597551 1818620.448467 1621847815.006442
990614.660034 1818598.606139 1621847816.708376
990614.476995 1818594.518364 1621847817.056043
990613.343373 1818580.012003 1621847818.406188
990612.669988 1818567.753714 1621847819.755343
990612.844991 1818570.745852 1621847819.406042
990612.518817 1818564.865815 1621847820.106252
990612.426467 1818554.225823 1621847821.456152
990612.549883 1818543.072442 1621847823.106432
990613.152873 1818532.658073 1621847824.806511
990613.199481 1818530.776841 1621847825.106498
990613.30195 1818528.520436 1621847825.456463
990614.478992 1818512.037722 1621847828.006179
990614.985306 1818507.674861 1621847828.6559
990615.636566 1818502.81432 1621847829.356254
990616.847927 1818492.882343 1621847830.709272
990616.532055 1818495.557545 1621847830.35602
990618.197057 1818482.27285 1621847832.056443
990619.958375 1818469.064981 1621847833.956223
990620.090441 1818468.122392 1621847834.106051
990620.668472 1818464.10852 1621847834.756003
990620.975063 1818461.940277 1621847835.106459
990622.203391 1818453.215866 1621847836.456028
990623.199942 1818446.263423 1621847837.45654
990623.995296 1818441.005139 1621847838.155748
990626.217957 1818423.303679 1621847840.155667
990629.54169 1818397.493776 1621847842.656013
990630.898218 1818386.627717 1621847843.656252
990632.42442 1818375.078903 1621847844.708319
990632.887901 1818371.226329 1621847845.056073
990634.390679 1818360.414088 1621847846.056354
990635.096174 1818355.153334 1621847846.556617
990636.249265 1818337.21303 1621847848.408415
990634.442787 1818328.936629 1621847849.456009
990631.13702 1818322.355658 1621847850.456216
990628.173969 1818318.733175 1621847851.106591
990626.304581 1818317.018903 1621847851.456131
990622.119426 1818314.176528 1621847852.155963
990615.10204 1818311.518275 1621847853.156979
990605.600219 1818310.579824 1621847854.356231
990585.362901 1818310.336115 1621847856.708282
990579.681155 1818310.071827 1621847857.356237
990582.318233 1818310.221766 1621847857.056137
990560.007857 1818308.184837 1621847859.708472
990557.422087 1818308.026189 1621847860.056276
990554.877487 1818307.884537 1621847860.406277
990526.79296 1818306.588311 1621847863.756062
990516.213955 1818305.924017 1621847864.755372
990520.034089 1818306.165664 1621847864.406052
990500.37921 1818305.02239 1621847866.106238
990497.915292 1818304.899591 1621847866.306504
990464.693287 1818304.362924 1621847868.806158
990473.540161 1818304.393153 1621847868.156127
990437.000197 1818304.550735 1621847870.806357
990446.052022 1818304.454579 1621847870.155556
990432.120022 1818304.60456 1621847871.155051
990374.877481 1818305.085708 1621847875.215692
990363.214789 1818305.127722 1621847876.006074
990338.109406 1818305.182866 1621847877.707675
990340.335024 1818305.189068 1621847877.555041
990307.352785 1818305.119278 1621847879.756045
990292.201616 1818305.142876 1621847880.75607
990297.497623 1818305.113225 1621847880.406206
990281.702227 1818305.221269 1621847881.455914
990225.035734 1818305.59083 1621847885.456019
990185.335864 1818305.633832 1621847888.455921
990182.667578 1818305.636205 1621847888.656039
990158.085382 1818305.719122 1621847890.506936
990153.419895 1818305.746396 1621847890.855961
990149.420568 1818305.769251 1621847891.155077
990135.431992 1818305.832905 1621847892.215232
990102.727202 1818306.134539 1621847894.755283
990099.021553 1818306.183753 1621847895.056007
990085.962051 1818306.363583 1621847896.105803
990081.518832 1818306.419925 1621847896.456069
990068.532407 1818306.596116 1621847897.456118
990054.4306 1818306.77391 1621847898.506447
990023.108752 1818307.125522 1621847900.707627
990007.925284 1818307.220195 1621847901.707152
989997.737821 1818307.250208 1621847902.35609
989986.492486 1818307.247015 1621847903.056495
989958.482958 1818307.198164 1621847904.756306
989941.748973 1818307.175957 1621847905.756352
989924.753307 1818307.193542 1621847906.756249
989918.732696 1818307.202908 1621847907.106311
989896.063842 1818307.276553 1621847908.405912
989874.715981 1818307.372943 1621847909.605969
989860.269241 1818307.443385 1621847910.404979
989865.70913 1818307.410577 1621847910.106372
989828.818524 1818307.602728 1621847912.106351
989815.643008 1818307.688158 1621847912.806324
989777.43889 1818307.895871 1621847914.806308
989764.892502 1818307.981319 1621847915.456856
989738.808178 1818308.106466 1621847916.805013
989751.369839 1818308.041668 1621847916.156195
989732.036353 1818308.117384 1621847917.155988
989711.675354 1818308.174096 1621847918.214905
989668.558183 1818308.227518 1621847920.405311
989648.738584 1818308.275228 1621847921.406166
989627.773527 1818308.359232 1621847922.456544
989613.705498 1818308.45069 1621847923.155031
989600.503274 1818308.584847 1621847923.806065
989593.328232 1818308.6644 1621847924.156105
989543.970315 1818308.973802 1621847926.506408
989526.639298 1818309.055891 1621847927.305612
989499.025198 1818309.185626 1621847928.555397
989492.301922 1818309.209914 1621847928.855243
989449.009314 1818309.37437 1621847930.755368
989425.798133 1818309.477642 1621847931.755408
989432.774433 1818309.44544 1621847931.455215
989394.401254 1818309.621284 1621847933.105949
989356.868921 1818309.778937 1621847934.755307
989349.104826 1818309.808297 1621847935.105315
989313.239339 1818309.947198 1621847936.754885
989327.209929 1818309.878517 1621847936.105101
989285.03388 1818310.023326 1621847938.105903
989277.923862 1818310.060564 1621847938.455505
989231.792815 1818310.379623 1621847940.855675
989213.681187 1818310.468203 1621847941.85718
989202.335504 1818310.50598 1621847942.506305
989179.553329 1818310.305589 1621847943.855368
989169.071401 1818310.508524 1621847944.506182
989159.090862 1818311.313052 1621847945.157896
989149.350027 1818311.573399 1621847945.855674
989128.805225 1818312.683279 1621847947.506157
989132.857215 1818312.385309 1621847947.155312
989121.869478 1818313.253132 1621847948.155334
989098.567741 1818314.927937 1621847951.216931
989088.069822 1818315.072752 1621847952.906323
989090.328586 1818315.071217 1621847952.556085
989083.854056 1818315.048049 1621847953.556141
989079.571677 1818315.009052 1621847954.218493
989066.455246 1818314.921134 1621847956.605887
989062.794041 1818314.987734 1621847957.456425
989055.921157 1818315.799479 1621847958.805241
989057.923852 1818315.476441 1621847958.457212
989045.157068 1818317.587992 1621847960.506034
989040.458453 1818318.008753 1621847961.155896
989032.221622 1818318.131368 1621847962.218351
989029.722803 1818318.141545 1621847962.505938
989017.177217 1818318.194501 1621847963.906218
989005.516589 1818318.304329 1621847965.106265
989004.020091 1818318.317522 1621847965.256098
988977.624642 1818318.423525 1621847967.805873
988966.489743 1818318.463018 1621847968.806072
988958.323276 1818318.486828 1621847969.506257
988946.20811 1818318.559356 1621847970.506598
988950.498008 1818318.540324 1621847970.155531
988921.142674 1818318.546485 1621847972.5064
988916.767377 1818318.534289 1621847972.856738
988908.054832 1818318.513747 1621847973.55506
988884.168689 1818318.642712 1621847975.555222
988872.961661 1818318.711959 1621847976.556005
988869.082468 1818318.713085 1621847976.906199
988856.782014 1818318.796175 1621847978.055897
988831.182276 1818319.018796 1621847980.606043
988826.189467 1818319.044442 1621847981.106341
988812.734778 1818319.107903 1621847982.455945
988809.278673 1818319.111056 1621847982.805789
988788.842942 1818319.202485 1621847984.856031
988785.789175 1818319.231696 1621847985.155639
988767.907083 1818319.202523 1621847986.860454
988764.165343 1818319.209102 1621847987.217221
988749.882077 1818319.232765 1621847988.555819
988753.527844 1818319.249085 1621847988.217734
988739.724517 1818319.229391 1621847989.556043
988720.128936 1818319.402127 1621847991.605897
988712.454609 1818319.482749 1621847992.455804
988715.584017 1818319.447214 1621847992.106125
988697.663309 1818319.624333 1621847994.155084
988683.734085 1818319.681437 1621847995.855849
988681.365947 1818319.685878 1621847996.155127
988675.889967 1818319.712632 1621847996.855958
988673.174974 1818319.731998 1621847997.218577
988665.34902 1818319.824761 1621847998.256032
988654.826607 1818320.181496 1621847999.906002
988648.307195 1818320.437996 1621848001.605834
988645.978785 1818320.559914 1621848002.906245
988646.34277 1818320.530596 1621848002.606055
988645.468815 1818320.614171 1621848004.105319
988645.478019 1818320.646355 1621848005.106145
988645.483292 1818320.648426 1621848006.505657
988645.462767 1818320.661987 1621848007.506232
988645.455208 1818320.663602 1621848007.156081
988645.484791 1818320.657534 1621848009.156195
988645.4684 1818320.665162 1621848010.805905
988645.463329 1818320.669005 1621848010.155937
988645.472517 1818320.661705 1621848011.155134
988645.451784 1818320.646803 1621848012.155298
988645.42221 1818320.616155 1621848014.506176
988645.421505 1818320.616713 1621848014.218783
988645.429043 1818320.61568 1621848016.218134
988645.418074 1818320.614445 1621848017.218721
988645.394962 1818320.62067 1621848018.855665
988645.392601 1818320.622607 1621848019.212038
988645.356513 1818320.611973 1621848020.855796
988645.343625 1818320.610948 1621848021.555875
988645.332435 1818320.615469 1621848022.554971
988645.328312 1818320.614004 1621848022.905572
988645.325305 1818320.612831 1621848023.215772
988645.292361 1818320.606178 1621848024.212254
988645.222473 1818320.602026 1621848026.955217
988645.234747 1818320.601754 1621848026.213476
988645.214737 1818320.601249 1621848027.606042
988645.203674 1818320.602323 1621848028.655805
988645.185008 1818320.620172 1621848030.805897
988645.171285 1818320.621723 1621848031.655828
988645.164888 1818320.623132 1621848032.455448
988645.161533 1818320.61015 1621848033.80595
988645.163281 1818320.621446 1621848033.306523
988645.127425 1818320.605443 1621848037.154489
988645.117722 1818320.607357 1621848038.50622
988645.11709 1818320.60652 1621848038.655973
988645.110224 1818320.583567 1621848040.506283
988645.115935 1818320.587588 1621848042.155434
988644.907586 1818320.589605 1621848043.506235
988644.297541 1818320.597222 1621848044.354954
988641.912795 1818320.659639 1621848046.555055
988642.19128 1818320.649592 1621848046.215355
988640.308346 1818320.701983 1621848048.906706
988640.869934 1818320.692008 1621848048.256335
988639.958539 1818320.709164 1621848049.256011
988634.66379 1818320.839122 1621848051.955531
988636.701991 1818320.796727 1621848051.306278
988630.759942 1818320.934809 1621848052.955062
988629.125377 1818320.978394 1621848053.306211
988619.061526 1818321.340607 1621848054.955403
988603.33311 1818322.625143 1621848057.005359
988599.17877 1818323.117622 1621848057.506151
988588.053262 1818324.81192 1621848058.855793
988585.185171 1818325.34784 1621848059.214272
988571.913383 1818328.482419 1621848060.855931
988569.068694 1818329.291532 1621848061.212051
988554.592201 1818334.219913 1621848062.906495
988552.020268 1818335.230913 1621848063.214659
988540.282645 1818340.273587 1621848064.605802
988529.542089 1818345.624499 1621848065.906325
988515.554463 1818353.667339 1621848067.606145
988518.027828 1818352.153726 1621848067.306119
988498.148214 1818365.162347 1621848069.655868
988499.449447 1818364.253532 1621848069.505475
988482.180227 1818378.36979 1621848071.506694
988470.910099 1818390.08176 1621848072.856117
988467.985284 1818393.306112 1621848073.215626
988465.048508 1818396.58209 1621848073.555132
988450.629926 1818413.110777 1621848075.255852
988435.728657 1818430.668887 1621848076.955392
988437.507906 1818428.549962 1621848076.755893
988418.995246 1818450.968021 1621848078.80609
988417.618466 1818452.658389 1621848078.954433
988401.763672 1818472.186354 1621848080.655972
988405.071769 1818468.123917 1621848080.306509
988392.210857 1818483.901923 1621848081.656025
988374.551629 1818505.575353 1621848083.506289
988361.931234 1818520.914563 1621848084.856982
988358.66572 1818524.883928 1621848085.212272
988355.402582 1818528.84365 1621848085.555357
988334.507196 1818554.232144 1621848087.905696
988329.527043 1818560.521467 1621848088.554821
988331.75422 1818557.661185 1621848088.255693
988321.347184 1818573.163464 1621848089.955318
988318.547829 1818581.81557 1621848090.956606
988320.081448 1818593.535526 1621848092.306236
988325.482387 1818601.755859 1621848093.306363
988331.890257 1818608.449167 1621848094.155271
988334.767294 1818611.16292 1621848094.506188
988343.462054 1818618.835461 1621848095.506036
988365.811634 1818637.479094 1621848097.906196
988375.700512 1818645.65467 1621848098.906263
988382.784269 1818651.452008 1621848099.606022
988393.033279 1818659.867053 1621848100.605877
988396.117515 1818662.372193 1621848100.906013
988410.264579 1818673.930897 1621848102.256008
988424.623792 1818685.728978 1621848103.605392
988435.327722 1818694.462179 1621848104.604975
988449.197206 1818705.742647 1621848105.906364
988442.270643 1818700.112023 1621848105.255507
988470.921029 1818723.347319 1621848107.955032
988474.546239 1818726.287521 1621848108.306236
988487.652134 1818736.867309 1621848109.605398
988491.084211 1818739.613389 1621848109.95592
988494.457475 1818742.331306 1621848110.306133
988503.818799 1818749.913183 1621848111.306843
988521.383828 1818764.201355 1621848113.306373
988527.173794 1818768.931699 1621848114.005886
988535.064842 1818775.302119 1621848115.005013
988544.221112 1818782.833484 1621848116.356084
988550.461335 1818788.465399 1621848117.655748
988551.668847 1818789.458747 1621848118.005968
988554.399167 1818791.830323 1621848119.555647
988554.578163 1818791.982288 1621848120.217312
988554.616009 1818792.058577 1621848121.905985
988554.631124 1818792.072894 1621848121.555973
988554.591267 1818792.129673 1621848123.605981
988554.606374 1818792.173516 1621848124.606395
988554.593823 1818792.224786 1621848125.955647
988554.586268 1818792.226916 1621848126.306162
988554.589803 1818792.172124 1621848126.954755
988554.385922 1818791.780311 1621848128.005643
988554.338227 1818791.690344 1621848129.005888
988554.348059 1818791.733822 1621848129.505904
988554.379807 1818791.924165 1621848130.855666
988554.399901 1818791.996134 1621848132.855744
988554.400729 1818791.996394 1621848133.906114
988554.402395 1818791.997227 1621848134.556347
988554.403208 1818791.997824 1621848135.955769
988554.404188 1818791.999099 1621848135.056377
988554.390646 1818792.073327 1621848137.955032
988554.396596 1818792.037479 1621848137.605563
988554.426645 1818792.24062 1621848139.604983
988554.429043 1818792.286453 1621848140.955784
988554.429922 1818792.28035 1621848140.455798
988554.419903 1818792.326701 1621848141.805683
988554.406307 1818792.410073 1621848145.105803
988554.393824 1818792.404457 1621848146.805758
988554.392197 1818792.407168 1621848147.305961
988554.379129 1818792.439484 1621848149.354755
988554.379017 1818792.439202 1621848149.217484
988557.097442 1818794.734532 1621848151.855731
988563.270182 1818799.883704 1621848153.505969
988575.647263 1818809.950054 1621848155.55531
988582.023789 1818815.160496 1621848156.406214
988594.642043 1818825.715418 1621848157.906279
988597.351939 1818827.995173 1621848158.217266
988600.583012 1818830.71386 1621848158.555777
988617.465731 1818844.801315 1621848160.255573
988631.946452 1818856.783286 1621848161.605149
988647.294617 1818869.461922 1621848162.955596
988643.801063 1818866.582785 1621848162.655648
988671.54149 1818889.369901 1621848164.955119
988680.254128 1818896.535634 1621848165.655598
988692.841673 1818906.923882 1621848166.656302
988697.292582 1818910.608882 1621848167.005819
988714.637845 1818925.089566 1621848168.355868
988718.547958 1818928.32362 1621848168.655637
988723.143582 1818932.096594 1621848169.005599
988741.157655 1818946.770898 1621848170.355843
988750.620727 1818954.465608 1621848171.05639
988789.793654 1818986.588246 1621848173.906476
988780.792146 1818979.110239 1621848173.25573
988818.495025 1819010.43455 1621848175.956421
988832.698373 1819022.260139 1621848176.955773
988847.045216 1819034.138218 1621848177.955807
988852.093539 1819038.300679 1621848178.305534
988857.160851 1819042.44861 1621848178.655947
988882.100263 1819061.974859 1621848180.355743
988886.5227 1819065.178145 1621848180.65588
988896.793368 1819072.407514 1621848181.355054
988920.992446 1819088.867686 1621848183.055721
988938.284452 1819100.311334 1621848184.356603
988942.726914 1819103.245054 1621848184.707298
988950.759549 1819108.57763 1621848185.356013
988963.199148 1819116.810043 1621848186.405748
988983.302881 1819130.008822 1621848188.258246
988986.864126 1819132.470361 1621848188.605478
989005.570861 1819145.029145 1621848190.605609
989013.846085 1819150.557675 1621848191.605893
989018.828689 1819153.969143 1621848192.255784
989025.940175 1819158.791289 1621848193.255567
989037.163193 1819166.057523 1621848194.95564
989039.412429 1819167.487452 1621848195.305934
989041.324653 1819168.706754 1621848195.605921
989055.251695 1819178.133599 1621848197.65592
989059.87146 1819181.283151 1621848198.305604
989064.919194 1819184.672352 1621848199.005864
989072.271742 1819189.52785 1621848200.004813
989081.496898 1819195.629194 1621848201.217739
989092.902173 1819203.13889 1621848202.6056
989101.454175 1819208.730529 1621848203.605691
989110.79367 1819214.798786 1621848204.658155
989116.699192 1819218.650399 1621848205.306028
989118.523458 1819219.840741 1621848205.505828
989147.210017 1819239.070337 1621848208.708331
989149.962291 1819240.912621 1621848209.005137
989153.192547 1819243.066538 1621848209.35576
989172.465184 1819255.901602 1621848211.405851
989185.659733 1819264.600531 1621848212.755956
989194.03941 1819270.146835 1621848213.605874
989207.153027 1819278.952756 1621848214.955576
989216.479572 1819285.212936 1621848215.955062
989225.608866 1819291.323649 1621848216.955474
989228.836958 1819293.48234 1621848217.306158
989238.594888 1819299.985518 1621848218.355873
989241.361844 1819301.820847 1621848218.656033
989254.113757 1819310.123226 1621848220.055609
989263.381536 1819315.704702 1621848221.055996
989272.889616 1819321.213783 1621848222.106079
989289.584465 1819331.071536 1621848223.956042
989298.56566 1819336.700056 1621848224.95572
989304.856344 1819340.656056 1621848225.655511
989308.003265 1819342.622836 1621848226.005654
989322.509304 1819351.39955 1621848227.655594
989325.497554 1819353.161948 1621848228.005555
989336.456977 1819359.673624 1621848229.35568
989346.505859 1819365.392507 1621848230.655481
989352.990568 1819368.278822 1621848231.505559
989359.46157 1819369.897768 1621848232.355898
989366.58348 1819369.759961 1621848233.355611
989373.524603 1819365.56649 1621848234.707854
989375.508174 1819361.949709 1621848235.405543
989376.355089 1819353.198846 1621848236.70854
989376.312642 1819357.868354 1621848236.056524
989376.245056 1819347.487416 1621848237.406245
989376.103884 1819337.930668 1621848238.405449
989375.888509 1819326.878444 1621848239.405534
989375.510341 1819305.287451 1621848241.105672
989375.163943 1819283.441717 1621848242.655512
989375.10448 1819278.291337 1621848243.005506
989374.841392 1819252.225163 1621848244.708318
989374.762583 1819241.835365 1621848245.355717
989374.701103 1819236.158343 1621848245.708878
989374.636052 1819230.43022 1621848246.055368
989374.40407 1819213.018538 1621848247.106026
989373.723564 1819165.518808 1621848249.955558
989373.86236 1819176.331244 1621848249.306505
989373.437386 1819143.084661 1621848251.306025
989373.119207 1819120.948448 1621848252.655631
989373.016218 1819115.303351 1621848253.004771
989372.664718 1819093.68373 1621848254.355565
989372.538885 1819083.393564 1621848255.005062
989372.317881 1819067.067123 1621848256.055798
989371.993684 1819045.232578 1621848257.555384
989371.812641 1819030.699415 1621848258.759108
989371.830183 1819034.064111 1621848258.455378
989371.489456 1819012.960909 1621848260.804686
989370.19003 1819007.911835 1621848261.655571
989367.954604 1819004.29972 1621848262.355677
989360.982414 1818999.958878 1621848263.655365
989362.876053 1819000.675997 1621848263.356216
989347.7894 1818996.850285 1621848265.35616
989338.766539 1818994.633914 1621848266.356332
989325.287746 1818990.962792 1621848267.755532
989318.781718 1818989.053776 1621848268.404028
989315.24913 1818987.990756 1621848268.754869
989312.189508 1818987.061463 1621848269.055402
989294.449624 1818981.422269 1621848270.754619
989284.821479 1818978.240574 1621848271.655403
989260.664602 1818970.26428 1621848273.855959
989255.222238 1818968.491014 1621848274.355337
989240.540445 1818963.679745 1621848275.707453
989236.642548 1818962.400366 1621848276.055836
989233.276379 1818961.294965 1621848276.355704
989214.011255 1818954.920752 1621848278.05567
989195.689137 1818948.842601 1621848279.707783
989202.934598 1818951.228949 1621848279.055744
989142.025806 1818929.963632 1621848285.405538
989142.74675 1818930.258509 1621848285.25565
989136.957374 1818927.887393 1621848287.805525
989136.852509 1818927.850834 1621848288.105936
989136.760543 1818927.822506 1621848288.455453
989136.457094 1818927.703105 1621848289.505615
989136.06051 1818927.501914 1621848290.306075
989135.317334 1818927.249374 1621848291.655817
989135.327536 1818927.232905 1621848295.006463
989135.334963 1818927.243989 1621848296.355921
989135.324996 1818927.268219 1621848297.708105
989135.334493 1818927.262761 1621848297.355482
989135.337006 1818927.222574 1621848300.404499
989135.242763 1818927.178515 1621848301.404517
989135.286276 1818927.197616 1621848301.105402
989135.196005 1818927.122661 1621848303.105416
989135.209592 1818927.134742 1621848304.755465
989135.234921 1818927.143204 1621848305.455478
989135.270286 1818927.147456 1621848306.105734
989135.289866 1818927.121404 1621848307.755457
989135.284931 1818927.105847 1621848308.105747
989135.283506 1818927.100158 1621848308.255696
989135.425448 1818927.067072 1621848312.955294
989135.431463 1818927.061843 1621848313.15609
989135.485917 1818927.015305 1621848318.954611
989135.489176 1818927.010698 1621848319.804557
989135.486071 1818927.004476 1621848320.805527
989135.484071 1818927.001927 1621848321.1556
989135.485383 1818926.997634 1621848322.455575
989135.485198 1818927.001442 1621848323.805466
989135.487494 1818927.002204 1621848324.154423
989135.487453 1818926.989885 1621848325.455418
989135.492683 1818926.986562 1621848326.456212
989135.500825 1818926.990375 1621848327.1555
989135.507951 1818926.990853 1621848328.805268
989135.507697 1818926.99011 1621848329.154504
989135.508403 1818926.988493 1621848329.805383
989135.518565 1818926.987747 1621848330.855225
989135.506654 1818926.991783 1621848332.70719
989135.469394 1818926.980223 1621848333.354574
989135.167197 1818926.865202 1621848334.354724
989134.37657 1818926.548043 1621848335.707984
989133.687445 1818926.258593 1621848336.403884
989133.350276 1818926.11329 1621848336.707114
989131.038959 1818925.136455 1621848338.405257
989127.384838 1818923.478486 1621848339.70729
989125.896337 1818922.777475 1621848340.055396
989121.101852 1818920.482779 1621848341.05542
989111.419402 1818915.853475 1621848342.707456
989109.119919 1818914.752367 1621848343.055472
989102.193666 1818911.341397 1621848344.05533
989091.930122 1818906.079817 1621848345.404521
989089.116044 1818904.624974 1621848345.755568
989072.793508 1818896.039139 1621848347.755412
989067.852497 1818893.392659 1621848348.404415
989060.540684 1818889.327745 1621848349.454601
989056.341792 1818886.907875 1621848350.105959
989048.014653 1818881.983601 1621848351.455315
989042.118718 1818878.394451 1621848352.455238
989036.583414 1818874.9475 1621848353.45541
989034.959395 1818873.949636 1621848353.755345
989023.668784 1818867.201266 1621848355.805737
989017.921665 1818863.713958 1621848356.805358
989019.963137 1818864.967754 1621848356.455206
989015.844702 1818862.424195 1621848357.155656
989007.94679 1818857.427552 1621848358.455548
989002.231775 1818853.775392 1621848359.505862
988996.909519 1818850.354893 1621848360.855487
988992.452443 1818847.468268 1621848362.355746
988988.810078 1818845.168578 1621848363.755425
988987.188067 1818844.136729 1621848364.405524
988984.622908 1818842.52293 1621848365.454949
988982.297487 1818841.013272 1621848366.455212
988979.263603 1818839.106421 1621848367.805199
988978.601917 1818838.622124 1621848368.156318
988976.882007 1818837.468955 1621848369.155332
988975.886117 1818836.830696 1621848369.805427
988975.408092 1818836.529576 1621848370.155426
988974.192404 1818835.775353 1621848371.505511
988973.872548 1818835.545841 1621848372.155128
988973.46909 1818835.115585 1621848374.754842
988973.481631 1818835.131945 1621848375.755437
988973.470627 1818835.140476 1621848376.10571
988973.649008 1818835.092628 1621848377.805396
988973.745071 1818835.07146 1621848378.455522
988973.798091 1818835.05499 1621848379.505449
988973.928245 1818835.000854 1621848380.805451
988973.867413 1818835.01704 1621848381.155719
988973.660519 1818835.096695 1621848382.505496
988973.638067 1818835.097051 1621848383.155695
988973.617437 1818835.099654 1621848383.505384
988973.583736 1818835.106139 1621848384.505362
988973.507354 1818835.112147 1621848385.855232
988973.294628 1818835.123809 1621848387.505086
988973.248362 1818835.145263 1621848388.218109
988973.253606 1818835.143192 1621848388.505497
988973.239148 1818835.130786 1621848390.05524
988973.201608 1818835.112768 1621848391.405281
988973.19374 1818835.096798 1621848392.805516
988973.197075 1818835.090167 1621848393.805447
988973.196232 1818835.089965 1621848394.15538
988973.194645 1818835.095184 1621848394.505805
988973.188829 1818835.108961 1621848395.855305
988973.188107 1818835.109122 1621848396.218016
988973.205523 1818835.104048 1621848399.40549
988973.206469 1818835.104762 1621848400.405407
988973.206674 1818835.105357 1621848400.755801
988973.206051 1818835.104429 1621848402.755541
988973.204021 1818835.102775 1621848403.455289
988973.204651 1818835.102758 1621848404.105317
988973.205406 1818835.103267 1621848404.455312
988973.21319 1818835.110918 1621848407.955237
988973.209824 1818835.108556 1621848408.805279
988973.205761 1818835.105714 1621848409.155671
988973.209768 1818835.108871 1621848410.505641
988973.210845 1818835.109352 1621848410.855267
988973.220499 1818835.11694 1621848413.555592
988973.212847 1818835.11313 1621848414.855171
988973.216927 1818835.116873 1621848414.217371
988973.220174 1818835.116489 1621848416.218767
988973.219605 1818835.115056 1621848417.755379
988973.170436 1818835.106519 1621848418.755322
988973.128842 1818835.101874 1621848419.455293
988973.129087 1818835.102138 1621848419.605308
988973.123951 1818835.098768 1621848421.805352
988973.127168 1818835.100577 1621848422.505287
988973.124484 1818835.099714 1621848422.155551
988973.123595 1818835.09806 1621848424.155573
988973.055274 1818835.066612 1621848425.905207
988973.051709 1818835.061642 1621848426.218203
988973.068728 1818835.012947 1621848427.755662
988973.052722 1818834.994546 1621848428.404474
988973.048924 1818834.982246 1621848429.805239
988973.047873 1818834.981148 1621848429.455299
988973.059435 1818834.976805 1621848431.805329
988973.053639 1818834.967539 1621848432.505162
988973.027132 1818834.95706 1621848433.211432
988973.027091 1818834.92692 1621848434.505492
988973.025676 1818834.900067 1621848435.505531
988973.023296 1818834.892766 1621848435.855067
988973.03411 1818834.865053 1621848436.855072
988973.021416 1818834.814775 1621848438.855266
988973.021919 1818834.820362 1621848438.50545
988973.021107 1818834.809026 1621848440.213829
988973.016425 1818834.806118 1621848441.214356
988973.015708 1818834.772886 1621848442.405053
988973.019317 1818834.768295 1621848443.405437
988973.034141 1818834.743668 1621848444.755645
988973.023312 1818834.733476 1621848445.60533
988973.004001 1818834.72092 1621848446.455147
988973.014124 1818834.703915 1621848447.755678
988973.015342 1818834.697242 1621848448.105311
988973.015521 1818834.697372 1621848449.455457
988973.005683 1818834.69008 1621848450.455451
988973.000772 1818834.686153 1621848451.105191
988973.007523 1818834.670421 1621848452.155393
988973.013772 1818834.65112 1621848453.855137
988973.018333 1818834.645466 1621848454.505505
988973.027311 1818834.645441 1621848455.707787
988973.027151 1818834.646256 1621848456.255352
988973.02445 1818834.63581 1621848457.25454
988973.024718 1818834.631009 1621848457.755197
988972.320784 1818834.163306 1621848459.505742
988970.498498 1818832.983919 1621848460.855235
988971.164125 1818833.41022 1621848460.50527
988966.661527 1818830.533231 1621848462.155742
988961.429627 1818827.179482 1621848463.505042
988958.527575 1818825.252455 1621848464.156343
988953.598081 1818821.947733 1621848465.155539
988945.831447 1818816.726258 1621848466.555759
988947.862161 1818818.08944 1621848466.213642
988942.024521 1818814.14263 1621848467.210626
988930.400533 1818805.982221 1621848469.255239
988924.460005 1818801.614776 1621848470.305578
988922.758549 1818800.353009 1621848470.605813
988909.967074 1818790.54728 1621848472.805337
988905.900242 1818787.28687 1621848473.505388
988907.937846 1818788.930776 1621848473.156284
988891.873233 1818775.712263 1621848475.8553
988896.043426 1818779.201102 1621848475.155446
988880.788794 1818766.043363 1621848477.905704
988879.348022 1818764.731725 1621848478.216975
988874.70715 1818760.733962 1621848479.217116
988873.134658 1818759.304777 1621848479.555844
988866.997426 1818753.67836 1621848480.90536
988864.041969 1818750.845065 1621848481.605399
988860.180904 1818747.048497 1621848482.605246
988853.801851 1818740.806263 1621848484.305813
988852.748182 1818739.719834 1621848484.605452
988848.178157 1818734.892362 1621848485.955539
988843.968661 1818730.293986 1621848487.305788
988840.457556 1818726.462925 1621848488.805532
988838.754105 1818724.654353 1621848489.805515
988838.195693 1818724.060398 1621848490.15525
988835.771264 1818721.505392 1621848491.855806
988834.961541 1818720.659531 1621848492.506294
988833.581664 1818719.22797 1621848493.85548
988832.928272 1818718.566238 1621848494.855307
988833.315697 1818718.956977 1621848494.218331
988832.83765 1818718.475346 1621848495.055161
988832.743293 1818718.400367 1621848500.905759
988832.747023 1818718.389865 1621848501.255602
988832.817594 1818718.416914 1621848502.90547
988832.807827 1818718.416894 1621848502.555501
988832.868951 1818718.428532 1621848504.255476
988832.79294 1818718.442818 1621848505.905365
988832.813527 1818718.447136 1621848505.255198
988832.777268 1818718.458209 1621848507.556251
988832.758188 1818718.475328 1621848508.257675
988832.757706 1818718.474264 1621848508.555668
988832.75366 1818718.474004 1621848510.605424
988832.747372 1818718.464236 1621848510.955263
988832.744517 1818718.459733 1621848511.105958
988832.71875 1818718.419694 1621848514.305104
988832.708286 1818718.397579 1621848514.955534
988832.721487 1818718.362243 1621848516.505251
988832.700497 1818718.35312 1621848517.805245
988832.706107 1818718.356028 1621848517.505313
988832.680934 1818718.366269 1621848519.85517
988832.668519 1818718.383825 1621848520.90547
988832.67277 1818718.378084 1621848520.555908
988832.642148 1818718.404804 1621848522.255174
988832.641149 1818718.406071 1621848522.604387
988832.617376 1818718.437077 1621848524.605213
988832.60292 1818718.441868 1621848524.955821
988832.592442 1818718.447893 1621848525.30626
988832.585512 1818718.511495 1621848527.804096
988832.586593 1818718.518456 1621848528.15564
988832.587218 1818718.523461 1621848528.505531
988832.577351 1818718.554089 1621848530.855027
988832.575162 1818718.556897 1621848531.21421
988832.571291 1818718.562586 1621848531.90535
988832.571458 1818718.568267 1621848532.706773
988832.572667 1818718.577777 1621848534.555384
988832.582175 1818718.585459 1621848535.707116
988832.57739 1818718.588766 1621848536.905119
988832.575895 1818718.597317 1621848537.604555
988832.57959 1818718.608652 1621848538.255203
988832.578686 1818718.609 1621848538.60425
988832.578212 1818718.605093 1621848539.654946
988832.599736 1818718.609113 1621848541.855033
988832.60264 1818718.613713 1621848542.905447
988832.603964 1818718.611456 1621848542.214271
988832.615974 1818718.622113 1621848544.604042
988832.618557 1818718.620686 1621848545.955389
988832.621032 1818718.622547 1621848545.255441
988832.625742 1818718.629114 1621848546.605433
988832.641709 1818718.644914 1621848547.955529
988832.641954 1818718.645277 1621848549.005081
988832.638627 1818718.624524 1621848550.855
988832.631518 1818718.627673 1621848551.555386
988832.620161 1818718.63501 1621848552.905144
988832.615777 1818718.629528 1621848553.60518
988832.613571 1818718.625018 1621848554.254986
988832.610768 1818718.6231 1621848554.604234
988832.606478 1818718.633801 1621848556.305143
988832.599375 1818718.63464 1621848556.655194
988832.596008 1818718.648398 1621848558.305126
988832.587494 1818718.650996 1621848559.305227
988832.589748 1818718.660775 1621848560.305016
988832.589394 1818718.662469 1621848560.955493
988832.590479 1818718.664545 1621848561.305523
988832.598215 1818718.673608 1621848562.656445
988832.608194 1818718.692494 1621848564.855518
988832.608623 1818718.693605 1621848565.555016
988832.614782 1818718.694871 1621848566.604051
988832.616773 1818718.705894 1621848567.905045
988832.625038 1818718.705328 1621848568.905066
988832.61933 1818718.71092 1621848568.255522
988832.606461 1818718.721134 1621848570.754686
988832.607197 1818718.734798 1621848573.255145
988832.604869 1818718.749369 1621848573.955321
988832.604843 1818718.756082 1621848574.304682
988832.604802 1818718.757614 1621848576.304994
988832.601701 1818718.755862 1621848576.60429
988832.595869 1818718.753664 1621848577.305052
988832.607806 1818718.767852 1621848579.305105
988832.623681 1818718.778761 1621848580.005046
988832.617951 1818718.795339 1621848581.654487
988832.624171 1818718.809581 1621848582.65519
988832.622392 1818718.807955 1621848583.305444
988832.617972 1818718.807376 1621848583.654588
988832.105919 1818718.309606 1621848587.355221
988832.161342 1818718.366118 1621848587.215568
988819.684901 1818705.087129 1621848592.555481
988815.908219 1818701.0257 1621848593.255773
988805.641276 1818689.972433 1621848594.955146
988803.667994 1818687.886844 1621848595.257665
988798.940962 1818682.829095 1621848595.954876
988789.494986 1818672.852841 1621848597.305151
988784.981436 1818668.001438 1621848597.955487
988782.597512 1818665.426427 1621848598.305129
988767.525916 1818649.156478 1621848600.655162
988749.308512 1818629.641145 1621848604.005397
988741.601299 1818621.271297 1621848605.855969
988737.735903 1818616.966035 1621848606.905498
988737.240194 1818616.384528 1621848607.055804
988733.831426 1818612.506203 1621848608.255215
988731.825056 1818610.642001 1621848609.004002
988731.098802 1818609.948107 1621848609.304961
988727.831292 1818606.680687 1621848611.005015
988725.943052 1818604.764759 1621848612.707294
988725.702949 1818604.552633 1621848613.355313
988725.639392 1818604.518638 1621848614.355386
988725.427792 1818604.561035 1621848615.707439
988725.377562 1818604.568438 1621848616.004959
988725.317872 1818604.586021 1621848616.707199
988725.303059 1818604.5941 1621848617.00431
988725.158868 1818604.598702 1621848619.405084
988725.057802 1818604.580721 1621848620.604962
988725.000402 1818604.57829 1621848621.604913
988725.020879 1818604.572245 1621848621.255396
988724.876367 1818604.584866 1621848623.605188
988724.835508 1818604.580422 1621848624.305116
988724.79105 1818604.560894 1621848625.305306
988724.776115 1818604.554469 1621848626.005481
988724.76957 1818604.551265 1621848626.305027
988724.700784 1818604.528381 1621848628.355367
988724.701407 1818604.528726 1621848628.707287
988724.699916 1818604.539026 1621848630.905283
988724.693875 1818604.531128 1621848631.55564
988724.68254 1818604.521977 1621848632.905183
988724.682703 1818604.521749 1621848633.255356
988724.690369 1818604.522268 1621848634.955159
988724.683937 1818604.515352 1621848635.654852
988724.68814 1818604.517842 1621848635.305318
988724.654621 1818604.51306 1621848637.654949
988724.650325 1818604.513323 1621848638.004145
988724.648588 1818604.513283 1621848638.707004
988724.633071 1818604.51603 1621848640.755721
988724.623005 1818604.528572 1621848641.755469
988724.608698 1818604.533228 1621848642.555299
988724.585791 1818604.553415 1621848643.904887
988724.595997 1818604.53635 1621848643.255234
988724.547735 1818604.571347 1621848645.95546
988724.535722 1818604.574624 1621848646.604097
988724.521296 1818604.580568 1621848647.954493
988724.518993 1818604.582262 1621848648.304997
988724.521898 1818604.582 1621848648.654933
988724.529106 1818604.591581 1621848650.655028
988724.527139 1818604.588369 1621848650.355393
988724.53112 1818604.595125 1621848651.00409
988724.542814 1818604.622286 1621848653.055543
988724.555161 1818604.63952 1621848654.755563
988724.563897 1818604.648828 1621848655.255141
988724.584483 1818604.655723 1621848656.605196
988724.600994 1818604.662128 1621848657.254981
988724.612378 1818604.678832 1621848658.955482
988724.614036 1818604.681514 1621848659.95542
988724.614041 1818604.687545 1621848661.004843
988724.616023 1818604.692881 1621848661.655537
988724.617755 1818604.69708 1621848662.355647
988724.614473 1818604.693364 1621848662.707632
988724.610226 1818604.689927 1621848663.404755
988724.612319 1818604.695384 1621848664.054356
988724.620397 1818604.688394 1621848666.605032
988724.634275 1818604.682817 1621848667.904823
988724.62679 1818604.670074 1621848668.254598
988723.874347 1818603.853654 1621848669.954834
988722.478265 1818602.368212 1621848671.004131
988720.938174 1818600.746187 1621848671.654826
988721.813883 1818601.668838 1621848671.305079
988717.791745 1818597.416833 1621848672.706907
988715.52679 1818595.009574 1621848673.355316
988711.782851 1818591.022684 1621848674.405131
988708.127183 1818587.062222 1621848675.404115
988699.523084 1818577.698358 1621848677.404103
988696.358371 1818574.260893 1621848678.058577
988690.970986 1818568.411963 1621848679.104991
988682.718554 1818559.557757 1621848680.60425
988678.482899 1818555.07909 1621848681.305108
988672.090661 1818548.218323 1621848682.30499
988662.959304 1818538.56038 1621848683.654668
988661.55655 1818537.088073 1621848683.85501
988648.587789 1818523.301553 1621848685.707392
988647.554593 1818522.208513 1621848685.854911
988635.017801 1818508.894593 1621848687.75538
988637.284888 1818511.278412 1621848687.405167
988621.051785 1818494.666108 1621848689.954097
988614.807085 1818488.360521 1621848690.95547
988612.654701 1818486.216632 1621848691.305845
988598.982801 1818473.000307 1621848693.654808
988595.029635 1818469.351163 1621848694.355405
988589.434986 1818464.395229 1621848695.356061
988587.421052 1818462.685202 1621848695.707419
988579.098828 1818455.325916 1621848697.055131
988577.098664 1818453.472142 1621848697.355897
988572.213347 1818448.838305 1621848698.054929
988564.778581 1818441.565142 1621848699.054407
988556.821062 1818433.767486 1621848700.055163
988540.934114 1818418.050205 1621848701.955373
988529.971358 1818406.926476 1621848703.305393
988518.213 1818395.337911 1621848705.00473
988520.409612 1818397.433222 1621848704.65554
988509.355714 1818387.993893 1621848706.706911
988506.551872 1818386.252985 1621848707.357202
988504.258862 1818385.047935 1621848708.004911
988502.600342 1818384.319893 1621848708.707669
988502.089693 1818384.117998 1621848709.054878
988501.34731 1818383.805022 1621848710.104905
988501.348245 1818383.767007 1621848712.104771
988500.084752 1818383.319445 1621848714.004766
988498.617286 1818382.905276 1621848714.706768
988496.2829 1818382.430269 1621848715.355315
988493.167603 1818382.1168 1621848716.004058
988487.989825 1818382.421493 1621848717.004934
988482.125723 1818384.166913 1621848718.004015
988462.372329 1818399.994838 1621848720.905318
988461.303156 1818401.135709 1621848721.054787
988456.246537 1818406.769262 1621848721.755022
988443.457376 1818421.815104 1621848723.403875
988445.884431 1818418.928359 1621848723.10483
988421.489467 1818447.536371 1621848725.955205
988412.251248 1818458.70746 1621848727.004036
988406.470421 1818465.7576 1621848727.655461
988400.177281 1818473.419488 1621848728.354909
988391.087259 1818484.445251 1621848729.355357
988376.187831 1818502.563721 1621848731.003959
988370.493235 1818509.571596 1621848731.654687
988361.912936 1818520.192045 1621848732.654745
988358.942265 1818523.861175 1621848733.004924
988345.230373 1818540.657716 1621848734.654663
988347.652325 1818537.710166 1621848734.35526
988317.950409 1818584.456144 1621848740.214549
988321.442831 1818594.885372 1621848741.706794
988324.758298 1818599.020551 1621848742.354965
988333.368844 1818607.087952 1621848743.706241
988329.08769 1818603.294994 1621848743.055308
988345.403392 1818617.075741 1621848745.404822
988350.242577 1818621.132691 1621848746.054935
988352.843441 1818623.434221 1621848746.404881
988360.628272 1818630.822516 1621848747.454711
988375.133125 1818644.63892 1621848749.305075
988383.939992 1818652.487818 1621848750.355349
988385.19263 1818653.64277 1621848750.504552
988403.663466 1818671.052478 1621848752.706502
988406.719765 1818673.792622 1621848753.054885
988416.08238 1818681.957124 1621848754.104807
988417.439822 1818683.112512 1621848754.255053
988438.163607 1818700.349346 1621848756.604023
988456.994209 1818715.759224 1621848758.955239
988458.122222 1818716.690199 1621848759.104259
988467.903941 1818724.762257 1621848760.454962
