988146.777358 1818824.946192 1620731658.666989
988146.78509 1818824.94675 1620731661.667641
988146.782611 1818824.945229 1620731662.267556
988146.866703 1818825.004841 1620731664.667514
988149.626586 1818826.894882 1620731667.118093
988150.272902 1818827.357993 1620731667.418385
988160.996581 1818835.590657 1620731670.967661
988162.140018 1818836.567937 1620731671.267666
988164.284619 1818838.502143 1620731671.817898
988172.493659 1818846.661237 1620731673.967628
988173.545693 1818847.742955 1620731674.267704
988181.424931 1818855.595398 1620731676.71764
988189.917208 1818861.046074 1620731679.718024
988191.716395 1818861.177931 1620731680.266518
988198.62524 1818856.665356 1620731682.71674
988205.912156 1818845.840972 1620731685.417948
988205.017212 1818847.211323 1620731685.117883
988214.10785 1818833.348318 1620731687.866764
988224.447491 1818817.580597 1620731690.567889
988223.264572 1818819.385513 1620731690.267772
988237.329896 1818797.902557 1620731693.867835
988248.962375 1818780.248421 1620731696.867745
988247.779398 1818782.033113 1620731696.567643
988258.413414 1818766.022748 1620731699.266557
988259.535605 1818764.34344 1620731699.567683
988270.436505 1818747.920854 1620731702.866598
988269.547048 1818749.290442 1620731702.566956
988278.956376 1818734.414052 1620731705.56856
988279.916867 1818732.81213 1620731705.866821
988288.302909 1818716.057885 1620731708.86757
988293.636518 1818697.904068 1620731711.866453
988293.940364 1818696.038693 1620731712.167481
988294.157709 1818694.482904 1620731712.417958
988293.925328 1818674.94548 1620731715.417896
988287.020855 1818651.452777 1620731718.717556
988286.055783 1818649.266915 1620731719.029969
988273.14028 1818628.493483 1620731722.029825
988256.895041 1818612.918648 1620731724.717407
988240.772176 1818604.704465 1620731727.717462
988241.726783 1818604.801359 1620731727.46874
988227.899468 1818620.072678 1620731732.718079
988228.548302 1818618.758931 1620731732.46654
988219.187273 1818634.978387 1620731735.71746
988220.043845 1818633.765345 1620731735.466438
988201.697004 1818659.4523 1620731740.466587
988200.580896 1818661.011721 1620731740.767513
988186.389824 1818684.162158 1620731745.467569
988201.442158 1818701.330174 1620731750.466286
988206.363319 1818704.706071 1620731751.317119
988211.534317 1818707.985008 1620731752.167124
988264.330468 1818740.832427 1620731761.76764
988265.488088 1818741.114203 1620731762.067543
988267.784073 1818740.91001 1620731762.618082
988279.563639 1818734.287407 1620731765.91757
988280.408528 1818732.911442 1620731766.21786
988281.126739 1818731.682711 1620731766.467376
988287.043531 1818718.920172 1620731768.617947
988292.44552 1818698.47943 1620731771.317229
988292.815972 1818695.979173 1620731771.617567
988292.572808 1818671.740553 1620731774.367275
988292.917854 1818674.424518 1620731774.06751
988287.390815 1818653.273011 1620731776.467242
988286.33406 1818650.698997 1620731776.76796
988265.862672 1818620.960111 1620731780.61792
988263.745673 1818618.993564 1620731780.917434
988236.805976 1818600.267192 1620731784.217752
988231.98152 1818597.144671 1620731784.768358
988192.177361 1818571.201405 1620731789.217966
988167.493257 1818554.683071 1620731792.217742
988145.228985 1818540.209595 1620731795.767159
988141.903885 1818538.098192 1620731796.36722
988136.950409 1818534.991384 1620731797.217643
988121.248608 1818524.711741 1620731799.917341
988122.623009 1818525.661554 1620731799.667245
988108.163739 1818515.883754 1620731802.367152
988093.973314 1818506.521099 1620731804.817629
988092.624878 1818505.632456 1620731805.067289
988091.097955 1818504.640758 1620731805.367578
988076.73138 1818495.282883 1620731808.666626
988050.38377 1818481.069348 1620731812.817648
988008.549116 1818475.518911 1620731817.817566
988006.448622 1818475.385236 1620731818.066459
987987.101325 1818472.749301 1620731820.519615
987989.319314 1818473.234183 1620731820.217598
987970.780847 1818467.226026 1620731822.967669
987967.526484 1818465.703128 1620731823.519926
987969.302064 1818466.536617 1620731823.21783
987936.82487 1818446.556678 1620731828.817665
987921.386431 1818435.321198 1620731831.52175
987922.689706 1818436.383062 1620731831.266244
987910.830982 1818424.460338 1620731833.967301
987909.715227 1818423.011825 1620731834.266129
987907.765562 1818420.252019 1620731834.817894
987906.755778 1818418.692618 1620731835.11733
987891.286963 1818391.233251 1620731839.967254
987892.336869 1818393.06621 1620731839.667474
987881.945307 1818378.216881 1620731842.417986
987856.013035 1818358.329365 1620731847.417574
987841.564519 1818348.84466 1620731849.817567
987839.873162 1818347.731842 1620731850.117442
987825.697565 1818338.441404 1620731852.819111
987820.884911 1818335.244121 1620731853.717017
987824.111902 1818337.394989 1620731853.117161
987790.526437 1818331.006862 1620731861.817632
987789.904911 1818332.198995 1620731862.117106
987790.744165 1818343.265052 1620731864.817528
987790.125821 1818342.372999 1620731864.567307
987802.214204 1818351.970794 1620731867.867232
987800.907234 1818351.135405 1620731867.567201
987803.314 1818352.674582 1620731868.117311
987817.946528 1818361.466914 1620731871.417768
987820.203208 1818362.748601 1620731871.967119
987831.48631 1818366.487389 1620731874.417729
987833.006931 1818366.513453 1620731874.71722
987850.177702 1818360.32951 1620731879.417637
987850.403821 1818359.597953 1620731879.718171
987841.204563 1818349.063411 1620731883.568053
987838.265828 1818347.157908 1620731884.167205
987811.720384 1818330.162449 1620731888.866478
987804.307236 1818325.321035 1620731890.030601
987800.663438 1818322.92082 1620731890.568312
987783.713358 1818311.719953 1620731893.030063
987781.558029 1818310.283233 1620731893.317181
987759.656371 1818295.251129 1620731896.317166
987753.815657 1818291.294121 1620731897.168179
987752.139267 1818290.135259 1620731897.417673
987728.208338 1818274.054249 1620731901.317213
987723.156343 1818270.801438 1620731902.167335
987704.342531 1818258.728065 1620731905.71743
987701.293867 1818256.495035 1620731906.317328
987702.817831 1818257.646267 1620731906.029743
987687.395602 1818240.870391 1620731909.317133
987671.609549 1818218.936858 1620731912.868729
987668.126944 1818215.880768 1620731913.466372
987669.905009 1818217.384613 1620731913.167268
987664.693257 1818213.241598 1620731914.030995
987631.486704 1818191.23442 1620731918.7172
987633.288522 1818192.4076 1620731918.467016
987629.325612 1818189.831655 1620731919.028826
987602.994445 1818172.616917 1620731922.867136
987606.432105 1818174.907363 1620731922.318108
987579.423958 1818167.952644 1620731927.867195
987581.078146 1818166.666255 1620731927.317291
987562.857298 1818190.41445 1620731933.466959
987561.675336 1818192.144917 1620731933.767328
987560.676961 1818193.610217 1620731934.030564
987545.231205 1818216.336699 1620731937.917496
987546.341777 1818214.754103 1620731937.618362
987536.881414 1818228.445866 1620731940.618042
987537.685236 1818227.253863 1620731940.317326
987530.740252 1818237.169363 1620731943.06648
987530.064646 1818238.115067 1620731943.319097
987520.41846 1818253.125208 1620731946.317079
987518.497026 1818256.610002 1620731946.917158
987509.709743 1818273.121281 1620731950.217806
987509.12698 1818274.196952 1620731950.466174
987503.453338 1818284.759938 1620731952.917074
987502.758222 1818286.039341 1620731953.217578
987495.562355 1818299.332902 1620731955.918576
987486.315208 1818317.521384 1620731958.916983
987470.618538 1818347.566507 1620731963.617465
987471.460781 1818345.94536 1620731963.36721
987460.941514 1818365.954046 1620731966.367492
987460.027993 1818367.679998 1620731966.617713
987444.714487 1818396.276348 1620731970.767198
987445.589553 1818394.631127 1620731970.519067
987437.148288 1818410.667978 1620731973.518839
987436.589949 1818411.704777 1620731973.767066
987429.929157 1818424.33235 1620731976.518304
987430.762086 1818422.760982 1620731976.217581
987428.351565 1818427.266956 1620731977.066269
987418.075635 1818446.440032 1620731980.666237
987418.867772 1818444.963897 1620731980.367341
987409.322584 1818462.832062 1620731983.666175
987410.27391 1818461.027432 1620731983.36814
987397.269078 1818485.700797 1620731987.817744
987396.556164 1818487.040372 1620731988.06709
987387.826928 1818503.39285 1620731990.817552
987388.813417 1818501.505066 1620731990.518534
987378.41944 1818520.82871 1620731993.518953
987377.306533 1818522.850762 1620731993.817659
987364.760621 1818547.128662 1620731997.367193
987363.719545 1818549.207208 1620731997.670114
987352.900607 1818569.86555 1620732000.969664
987352.122232 1818571.313532 1620732001.217597
987335.172082 1818603.87647 1620732005.967248
987316.872236 1818638.87763 1620732010.667258
987315.832752 1818640.867822 1620732010.967117
987306.632962 1818658.48245 1620732013.667286
987307.682714 1818656.47636 1620732013.368332
987296.406083 1818678.34544 1620732016.367954
987292.881446 1818685.104507 1620732017.267333
987287.650408 1818695.079176 1620732018.667114
987278.099214 1818713.185044 1620732021.416461
987231.946 1818801.330866 1620732034.116339
987224.604026 1818815.192832 1620732036.567288
987223.851541 1818816.582642 1620732036.817907
987216.136927 1818832.120946 1620732039.266305
987215.236815 1818834.274571 1620732039.567234
987210.176119 1818851.354812 1620732041.71731
987209.75229 1818853.462738 1620732041.967216
987207.074659 1818873.713301 1620732044.418072
987206.782276 1818877.928947 1620732044.96729
987206.220271 1818899.050746 1620732047.967173
987206.23194 1818897.266241 1620732047.717056
987206.408337 1818926.360826 1620732051.567211
987206.407603 1818924.053493 1620732051.266974
987206.465035 1818942.948213 1620732053.717057
987206.481986 1818944.904136 1620732053.967204
987206.815668 1818969.385497 1620732056.968158
987206.872494 1818971.904767 1620732057.266349
987206.912817 1818986.619121 1620732058.967334
987207.273864 1819010.419187 1620732061.718233
987207.118859 1819007.948346 1620732061.419106
987210.61596 1819029.400115 1620732064.41755
987211.706454 1819032.35962 1620732065.030419
987228.953155 1819038.499993 1620732068.867301
987248.52325 1819037.818278 1620732071.567241
987250.767308 1819037.784142 1620732071.867053
987275.40511 1819037.55778 1620732075.717127
987274.136821 1819037.570998 1620732075.417516
987287.29824 1819037.554978 1620732078.417711
987309.014753 1819038.299393 1620732082.031341
987311.213554 1819038.488134 1620732082.567978
987321.068279 1819039.860906 1620732085.030364
987340.045819 1819044.775976 1620732088.030035
987342.149996 1819045.398654 1620732088.317239
987365.400685 1819056.345521 1620732091.867388
987366.847772 1819057.581858 1620732092.168494
987368.221258 1819058.809742 1620732092.467456
987374.184163 1819070.162699 1620732094.867201
987374.145743 1819071.71502 1620732095.167313
987373.929607 1819073.26122 1620732095.468397
987357.99331 1819091.917799 1620732099.617563
987343.561905 1819107.220368 1620732102.31726
987341.956226 1819109.146642 1620732102.617594
987327.098218 1819133.478209 1620732105.867342
987325.983041 1819135.88009 1620732106.167319
987317.084085 1819156.196047 1620732108.86651
987316.198648 1819158.320161 1620732109.167995
987308.62994 1819178.961469 1620732111.917579
987308.003826 1819180.930138 1620732112.167577
987307.264849 1819183.314603 1620732112.466407
987300.37043 1819217.19329 1620732116.618169
987299.916957 1819221.735334 1620732117.168119
987299.503217 1819242.658784 1620732119.917237
987299.722401 1819244.387066 1620732120.167938
987319.918898 1819259.331313 1620732124.916452
987321.466425 1819259.312909 1620732125.167264
987327.506948 1819259.24579 1620732126.067026
987341.264412 1819258.763874 1620732127.917339
987343.247812 1819258.696317 1620732128.16782
987372.586821 1819257.798954 1620732131.767193
987370.140694 1819257.821835 1620732131.46703
987375.037023 1819257.788859 1620732132.066221
987394.068603 1819257.80989 1620732134.467014
987396.274708 1819257.813914 1620732134.767485
987417.843263 1819257.699839 1620732138.066676
987419.71624 1819257.675108 1620732138.367322
987435.384257 1819257.432922 1620732140.767469
987478.681475 1819256.763564 1620732146.617662
987484.666581 1819256.699047 1620732147.517703
987482.710544 1819256.717739 1620732147.217615
987498.100998 1819256.508021 1620732149.617569
987500.108127 1819256.479417 1620732149.916525
987516.270013 1819256.353092 1620732152.367236
987514.415808 1819256.251833 1620732152.067328
987530.196069 1819270.299474 1620732156.768417
987529.708473 1819267.485467 1620732156.21792
987531.186583 1819287.53032 1620732159.517632
987531.245658 1819289.237458 1620732159.767939
987531.974556 1819309.516021 1620732162.768724
987532.696788 1819314.754962 1620732163.667065
987533.980908 1819319.185208 1620732164.518216
987533.452954 1819317.688781 1620732164.217896
987542.351298 1819327.913054 1620732166.967341
987543.538902 1819328.374254 1620732167.218191
987557.249967 1819330.564019 1620732169.667415
987559.091465 1819330.636006 1620732169.967198
987576.636792 1819334.206661 1620732172.968206
987574.95595 1819333.445522 1620732172.668164
987595.291918 1819349.750355 1620732176.518473
987593.726859 1819348.300774 1620732176.217852
987606.644717 1819361.256619 1620732178.667407
987624.755268 1819371.5243 1620732181.666553
987622.682264 1819371.005695 1620732181.367207
987649.986631 1819372.496171 1620732184.967562
987681.914325 1819372.425214 1620732188.817925
987684.416032 1819372.42363 1620732189.117172
987705.890087 1819371.983278 1620732191.817837
987703.670534 1819372.051933 1620732191.517722
987722.655768 1819365.13538 1620732195.367516
987723.249345 1819363.918609 1620732195.667303
987724.604586 1819347.192342 1620732198.667119
987724.569723 1819349.158224 1620732198.367304
987724.943094 1819319.347611 1620732202.817576
987724.924093 1819317.246904 1620732203.116958
987724.405201 1819292.699103 1620732206.666453
987724.438056 1819294.407642 1620732206.417612
987723.11494 1819269.345448 1620732210.819009
987722.704493 1819268.270595 1620732211.116581
987716.568398 1819263.245777 1620732213.567304
987705.173675 1819263.538208 1620732215.967445
987703.508291 1819263.620624 1620732216.268389
987688.619942 1819264.310253 1620732218.667125
987686.59205 1819264.406344 1620732218.967083
987650.645096 1819265.236502 1620732223.967453
987648.3855 1819265.046824 1620732224.268022
987630.699879 1819264.161746 1620732226.717294
987624.736207 1819264.021395 1620732227.569026
987620.948001 1819263.864626 1620732228.117293
987602.06921 1819261.68352 1620732230.867281
987600.326013 1819261.467308 1620732231.117435
987580.683784 1819259.054262 1620732233.867556
987574.492056 1819258.514224 1620732234.718382
987578.864304 1819258.8876 1620732234.117177
987545.961305 1819257.014261 1620732238.871148
987541.347762 1819256.964884 1620732239.717453
987544.51572 1819256.974967 1620732239.117217
987531.332387 1819264.52045 1620732242.967344
987531.096594 1819265.789696 1620732243.267086
987531.139233 1819277.324271 1620732245.417698
987531.18065 1819279.1371 1620732245.718159
987531.373087 1819294.423733 1620732248.168098
987531.391061 1819296.034878 1620732248.417766
987532.145276 1819312.940093 1620732251.168336
987538.635586 1819325.202615 1620732253.867476
987542.603004 1819327.625283 1620732254.717395
987545.562184 1819328.664901 1620732255.267663
987544.183899 1819328.24655 1620732255.02887
987566.981618 1819330.448069 1620732258.867376
987565.212465 1819330.203652 1620732258.567754
987581.066637 1819336.575496 1620732261.317593
987594.459601 1819348.323092 1620732264.02966
987595.920558 1819349.877106 1620732264.317214
987616.627971 1819369.22342 1620732268.71818
987618.371777 1819369.928234 1620732269.030054
987632.025983 1819371.875637 1620732271.167812
987651.673709 1819371.42883 1620732273.867346
987649.392971 1819371.478094 1620732273.56866
987653.971633 1819371.386014 1620732274.167335
987672.949481 1819370.667695 1620732276.61792
987674.9172 1819370.625505 1620732276.867298
987677.260159 1819370.588856 1620732277.167554
987705.084005 1819370.807443 1620732281.02973
987707.004629 1819370.767015 1620732281.317328
987720.771307 1819367.265423 1620732284.317387
987724.912581 1819356.978181 1620732287.317232
987724.688183 1819332.227218 1620732291.168337
987724.670314 1819330.086919 1620732291.467283
987724.382099 1819312.552696 1620732293.917194
987723.467698 1819286.526045 1620732297.467512
987723.379811 1819282.530603 1620732298.02913
987723.556132 1819276.033369 1620732298.918422
987723.781532 1819274.309938 1620732299.167711
987726.854049 1819265.133323 1620732300.618187
987744.674955 1819245.595204 1620732304.467452
987742.966406 1819247.117067 1620732304.167838
987763.872432 1819227.181038 1620732307.769485
987770.654855 1819220.550857 1620732308.917666
987773.945769 1819217.293665 1620732309.467509
987772.150773 1819219.07574 1620732309.167682
987793.690946 1819197.611731 1620732312.767476
987800.084328 1819191.15808 1620732313.917361
987795.390637 1819195.908283 1620732313.067434
987814.343139 1819176.363948 1620732316.618251
987812.758176 1819178.079341 1620732316.317268
987825.729518 1819163.404295 1620732318.767643
987827.301709 1819161.613886 1620732319.06696
987847.037408 1819139.16555 1620732323.466583
987842.147491 1819124.144833 1620732326.767551
987834.098035 1819117.905483 1620732328.518952
987814.99677 1819104.907613 1620732331.768655
987812.903958 1819103.410103 1620732332.066506
987796.188477 1819091.784607 1620732334.518198
987773.875351 1819076.706867 1620732338.066438
987758.704916 1819065.034688 1620732341.068497
987757.65552 1819063.425298 1620732341.368215
987758.965069 1819045.498782 1620732344.067709
987777.138164 1819027.274549 1620732347.667789
987775.655127 1819028.576211 1620732347.367714
987781.361018 1819023.494926 1620732348.518783
987795.656483 1819010.791002 1620732350.917728
987801.731012 1819005.379405 1620732351.818223
987797.652129 1819009.013757 1620732351.21767
987816.749535 1818993.060598 1620732353.916926
987818.976207 1818991.421746 1620732354.217782
987840.761634 1818977.659849 1620732356.967775
987864.199968 1818966.669548 1620732359.66665
987869.063495 1818964.696403 1620732360.21802
987892.537678 1818956.044404 1620732362.967944
987910.026443 1818949.64416 1620732365.967761
987908.636946 1818950.392123 1620732365.667756
987916.23671 1818937.883282 1620732368.667839
987917.46015 1818922.0598 1620732371.117424
987918.557518 1818915.967733 1620732371.967533
987919.016916 1818914.146179 1620732372.217839
987926.884356 1818896.501626 1620732374.666958
987928.216774 1818894.37321 1620732374.967632
987939.387104 1818877.566644 1620732377.367674
987938.225638 1818879.351181 1620732377.117622
987953.324034 1818856.282708 1620732380.367959
987952.146765 1818858.07815 1620732380.117771
987969.059916 1818832.119932 1620732383.668721
987974.621178 1818823.602287 1620732384.81854
987973.176729 1818825.820891 1620732384.51928
988030.289887 1818779.171715 1620732394.667384
988032.259449 1818778.674101 1620732394.967552
988048.999481 1818774.679356 1620732397.718483
988047.21561 1818775.073871 1620732397.418305
988061.820843 1818774.579406 1620732399.817747
988065.551693 1818775.522278 1620732400.418362
988068.951063 1818776.795146 1620732400.967716
988094.504142 1818791.969695 1620732405.417717
988102.437718 1818796.938525 1620732406.817679
988099.323863 1818795.004149 1620732406.267023
988120.158703 1818808.27951 1620732409.82253
988135.872301 1818817.297634 1620732412.567941
988134.321171 1818816.334693 1620732412.267931
988143.161845 1818821.968183 1620732414.717869
988143.575998 1818822.226707 1620732414.967651
988144.36115 1818822.766082 1620732417.418046
988144.363241 1818822.754953 1620732417.117761
988144.366155 1818822.825992 1620732419.568026
988144.370989 1818822.849524 1620732420.418388
