353391.457056 4026178.274683 1620731658.717556
353391.465119 4026178.275133 1620731661.617996
353391.461799 4026178.27344 1620731662.317458
353391.547326 4026178.33189 1620731664.667514
353394.336964 4026180.179283 1620731667.118093
353394.878926 4026180.554302 1620731667.367652
353405.652434 4026188.546407 1620731670.917848
353407.002464 4026189.659119 1620731671.267666
353409.177424 4026191.560248 1620731671.817898
353417.334375 4026199.413049 1620731673.918259
353418.583406 4026200.658342 1620731674.267704
353426.285283 4026208.124465 1620731676.618165
353435.003917 4026213.680263 1620731679.667676
353436.801074 4026213.822947 1620731680.21803
353443.688181 4026209.359123 1620731682.667676
353450.777603 4026198.486282 1620731685.367706
353450.339545 4026199.17996 1620731685.217981
353459.104568 4026185.352188 1620731687.917537
353469.023199 4026169.700608 1620731690.567889
353467.676481 4026171.827011 1620731690.218063
353481.230987 4026150.409525 1620731693.768045
353492.768269 4026132.282821 1620731696.816926
353492.190501 4026133.184782 1620731696.666818
353502.378061 4026117.323669 1620731699.318061
353502.92672 4026116.473346 1620731699.467988
353513.93554 4026099.316538 1620731702.866598
353512.922424 4026100.931718 1620731702.518397
353522.246595 4026085.675469 1620731705.56856
353523.332374 4026083.795765 1620731705.917764
353531.193566 4026067.463638 1620731708.817947
353536.361165 4026048.932352 1620731711.866453
353536.6777 4026046.750262 1620731712.217803
353536.794549 4026045.81439 1620731712.367476
353536.350743 4026026.306907 1620731715.36764
353528.693329 4026001.8535 1620731718.818166
353528.192461 4026000.767708 1620731718.967731
353514.783172 4025979.831013 1620731722.029825
353498.29363 4025964.506604 1620731724.717407
353481.85435 4025956.547965 1620731727.768549
353483.19153 4025956.659183 1620731727.418079
353469.405346 4025972.112333 1620731732.718079
353470.285264 4025970.260198 1620731732.367503
353460.754343 4025987.400223 1620731735.76819
353461.929412 4025985.685452 1620731735.417847
353443.811491 4026011.904594 1620731740.466587
353442.719473 4026013.481576 1620731740.767513
353428.917142 4026036.645686 1620731745.417656
353444.207605 4026053.792093 1620731750.466286
353449.18191 4026057.091947 1620731751.317119
353454.694671 4026060.465332 1620731752.217624
353507.531301 4026092.261748 1620731761.718556
353508.880643 4026092.585892 1620731762.067543
353510.962696 4026092.376475 1620731762.568464
353522.707498 4026085.766109 1620731765.867417
353523.540681 4026084.385913 1620731766.168497
353524.519192 4026082.647715 1620731766.518837
353530.209753 4026069.706974 1620731768.666989
353535.238423 4026049.11132 1620731771.368305
353535.559425 4026046.597439 1620731771.667527
353534.890598 4026022.781842 1620731774.367275
353535.334765 4026025.905685 1620731774.028894
353529.064579 4026003.536665 1620731776.567568
353528.513811 4026002.258549 1620731776.717343
353507.033725 4025972.08221 1620731780.667525
353504.875189 4025970.160218 1620731780.967527
353478.005186 4025952.16572 1620731784.217752
353473.131538 4025949.117772 1620731784.768358
353432.918713 4025923.789743 1620731789.217966
353407.580562 4025907.399048 1620731792.267472
353385.2063 4025893.352228 1620731795.817638
353382.123851 4025891.463532 1620731796.36722
353376.821085 4025888.251046 1620731797.267402
353361.257688 4025878.396345 1620731799.917341
353363.184146 4025879.675778 1620731799.581855
353347.461235 4025869.401845 1620731802.467608
353333.974814 4025860.805199 1620731804.767273
353332.069046 4025859.593091 1620731805.11749
353331.292227 4025859.106806 1620731805.266502
353316.276963 4025849.655495 1620731808.666626
353290.08876 4025835.98407 1620731812.76827
353247.778217 4025830.948694 1620731817.817566
353244.838473 4025830.801954 1620731818.167349
353226.284457 4025828.5121 1620731820.519615
353228.135793 4025828.89014 1620731820.267332
353209.875902 4025823.241766 1620731822.967669
353206.597424 4025821.769248 1620731823.519926
353208.687672 4025822.710205 1620731823.167218
353175.282077 4025802.893674 1620731828.867261
353159.733262 4025791.903433 1620731831.567195
353161.574907 4025793.356314 1620731831.21749
353149.447224 4025781.640019 1620731833.91709
353148.114686 4025779.970768 1620731834.266129
353146.298849 4025777.494433 1620731834.768204
353144.919854 4025775.43491 1620731835.167295
353129.189938 4025748.474316 1620731839.967254
353130.446403 4025750.597486 1620731839.617698
353119.433256 4025735.373449 1620731842.46625
353093.090364 4025715.923477 1620731847.466197
353079.089571 4025707.035123 1620731849.769896
353077.092932 4025705.766154 1620731850.117442
353062.770989 4025696.694793 1620731852.819111
353057.907979 4025693.571881 1620731853.717017
353060.899303 4025695.501227 1620731853.167171
353027.479493 4025689.805934 1620731861.817632
353026.78758 4025691.214262 1620731862.167325
353027.887792 4025702.062414 1620731864.817528
353027.376092 4025701.35807 1620731864.616683
353039.49472 4025710.591056 1620731867.867232
353037.960003 4025709.630468 1620731867.519912
353041.059756 4025711.554898 1620731868.217398
353055.376802 4025719.843929 1620731871.417768
353057.653713 4025721.090713 1620731871.967119
353069.248252 4025724.661162 1620731874.467175
353070.262226 4025724.658949 1620731874.667096
353087.68133 4025717.962975 1620731879.518915
353087.753059 4025717.718409 1620731879.617792
353078.202415 4025706.922111 1620731883.617368
353075.972443 4025705.518053 1620731884.066213
353048.979614 4025688.833292 1620731888.817687
353041.173795 4025683.905122 1620731890.030601
353037.492191 4025681.561218 1620731890.568312
353020.365688 4025670.622291 1620731893.030063
353018.553651 4025669.453829 1620731893.267362
352996.404162 4025654.758337 1620731896.267177
352990.48714 4025650.885479 1620731897.117115
352988.119721 4025649.300296 1620731897.466178
352964.571491 4025634.004322 1620731901.266256
352959.164357 4025630.639467 1620731902.167335
352940.160303 4025618.856878 1620731905.71743
352937.333491 4025616.863508 1620731906.266329
352938.361521 4025617.616286 1620731906.067905
352922.933477 4025601.260176 1620731909.317133
352906.804334 4025579.56901 1620731912.868729
352903.579993 4025576.808567 1620731913.417664
352904.780688 4025577.79362 1620731913.217573
352899.144099 4025573.525813 1620731914.117191
352865.881234 4025552.258065 1620731918.767329
352868.795234 4025554.090572 1620731918.367264
352863.335151 4025550.667974 1620731919.117113
352837.459839 4025534.309235 1620731922.867136
352840.610073 4025536.338346 1620731922.367309
352813.665665 4025530.152723 1620731927.917183
352815.301216 4025528.811007 1620731927.367205
352797.593812 4025552.733083 1620731933.466959
352796.244492 4025554.777141 1620731933.81777
352794.877264 4025556.866293 1620731934.166511
352780.368219 4025578.932867 1620731937.917496
352781.637288 4025577.062677 1620731937.567553
352772.338935 4025590.982875 1620731940.567257
352772.863476 4025590.170107 1620731940.367146
352766.199088 4025599.993638 1620731943.06648
352765.673282 4025600.753991 1620731943.267242
352756.123889 4025616.112116 1620731946.317079
352753.949454 4025620.210875 1620731947.030395
352745.724512 4025636.277394 1620731950.217806
352745.271441 4025637.145005 1620731950.417602
352739.648155 4025648.0149 1620731952.917074
352738.97283 4025649.305284 1620731953.217578
352731.982606 4025662.712526 1620731955.918576
352722.861663 4025681.362091 1620731958.967117
352707.620494 4025711.668938 1620731963.667181
352708.765731 4025709.379704 1620731963.317157
352698.392554 4025729.880989 1620731966.367492
352697.32793 4025731.971647 1620731966.668283
352682.634626 4025760.459703 1620731970.767198
352683.655523 4025758.467264 1620731970.467071
352675.396473 4025774.765701 1620731973.466539
352674.640485 4025776.234857 1620731973.817479
352668.283367 4025788.749399 1620731976.518304
352669.225001 4025786.903187 1620731976.168183
352666.894035 4025791.43921 1620731977.029316
352656.9022 4025810.790338 1620731980.617566
352657.414311 4025809.799824 1620731980.4175
352648.272405 4025827.574734 1620731983.666175
352649.350165 4025825.452444 1620731983.317018
352636.572719 4025850.633989 1620731987.817744
352635.739892 4025852.253075 1620731988.117075
352627.40428 4025868.475256 1620731990.817552
352628.521027 4025866.25392 1620731990.466344
352618.266527 4025886.059758 1620731993.518953
352617.003569 4025888.439468 1620731993.866167
352604.846168 4025912.926491 1620731997.417494
352604.173396 4025914.322811 1620731997.617824
352593.955271 4025934.628181 1620732000.817468
352593.054698 4025936.375169 1620732001.118148
352576.304154 4025969.791253 1620732005.967248
352558.545871 4026005.081719 1620732010.667258
352557.537181 4026007.088345 1620732010.967117
352548.439415 4026025.192189 1620732013.71728
352549.628651 4026022.825733 1620732013.368332
352538.500054 4026045.258282 1620732016.417949
352535.459175 4026051.316559 1620732017.218088
352530.193662 4026061.74529 1620732018.667114
352521.096709 4026079.65816 1620732021.36734
352476.420681 4026168.271412 1620732034.030623
352469.005769 4026182.855649 1620732036.567288
352467.977823 4026184.823294 1620732036.917136
352460.800656 4026199.917733 1620732039.266305
352459.933899 4026202.08565 1620732039.567234
352455.138026 4026219.246928 1620732041.71731
352454.823001 4026220.937126 1620732041.918005
352452.383716 4026241.656729 1620732044.418072
352452.156828 4026245.877504 1620732044.96729
352451.923102 4026267.010966 1620732047.967173
352451.904815 4026264.874485 1620732047.667345
352452.530742 4026293.937952 1620732051.518303
352452.49178 4026291.629432 1620732051.217724
352452.850329 4026310.910708 1620732053.717057
352452.918705 4026313.669566 1620732054.067287
352453.599239 4026336.930957 1620732056.916893
352453.708006 4026339.864938 1620732057.266349
352453.965286 4026353.710374 1620732058.867225
352454.708185 4026378.378453 1620732061.718233
352454.486789 4026375.49195 1620732061.367606
352458.345827 4026397.310053 1620732064.41755
352459.386356 4026400.036059 1620732064.967204
352476.827032 4026406.126114 1620732068.867301
352496.389238 4026405.140061 1620732071.567241
352499.006122 4026405.060141 1620732071.917225
352523.066029 4026404.468681 1620732075.667365
352522.43986 4026404.483596 1620732075.519309
352534.88251 4026404.275191 1620732078.367164
352556.698834 4026404.669738 1620732081.968567
352559.458295 4026404.866318 1620732082.667286
352568.976055 4026406.055161 1620732085.030364
352588.032629 4026410.675878 1620732088.030035
352590.854545 4026411.469547 1620732088.417615
352613.821792 4026422.054958 1620732091.917358
352615.037367 4026423.066854 1620732092.168494
352616.430132 4026424.273554 1620732092.467456
352622.570358 4026435.535375 1620732094.867201
352622.537137 4026437.348793 1620732095.217628
352622.313977 4026438.894396 1620732095.519138
352606.46305 4026457.798727 1620732099.667371
352592.255352 4026473.396027 1620732102.367285
352590.683784 4026475.356814 1620732102.668208
352576.46225 4026499.591648 1620732105.867342
352575.207791 4026502.413095 1620732106.216896
352566.656925 4026522.826305 1620732108.917466
352566.088629 4026524.250909 1620732109.11724
352558.579767 4026545.763192 1620732111.967465
352558.102942 4026547.346987 1620732112.167577
352557.283935 4026550.145165 1620732112.519034
352550.991572 4026584.148438 1620732116.666484
352550.67964 4026587.872687 1620732117.117455
352550.484671 4026608.514741 1620732119.817755
352550.806933 4026610.941433 1620732120.167938
352570.937638 4026625.581531 1620732124.867117
352573.10419 4026625.523603 1620732125.21751
352578.826329 4026625.370241 1620732126.067026
352592.578201 4026624.67437 1620732127.917339
352595.359329 4026624.540381 1620732128.267029
352623.889932 4026623.222345 1620732131.767193
352621.443823 4026623.283259 1620732131.46703
352626.746757 4026623.165856 1620732132.117081
352645.374847 4026622.899304 1620732134.467014
352647.946476 4026622.861854 1620732134.817646
352669.151074 4026622.419611 1620732138.066676
352671.335938 4026622.358171 1620732138.417796
352686.690335 4026621.879947 1620732140.767469
352730.318486 4026620.530079 1620732146.666975
352735.968035 4026620.379775 1620732147.517703
352733.664589 4026620.43725 1620732147.167412
352750.067107 4026619.957949 1620732149.717116
352750.73631 4026619.939468 1620732149.817836
352767.570436 4026619.542433 1620732152.367236
352765.398878 4026619.467293 1620732152.029921
352781.75626 4026633.545373 1620732156.817722
352781.240777 4026630.708202 1620732156.267364
352782.973772 4026650.492036 1620732159.517632
352783.092328 4026652.887171 1620732159.866935
352784.072314 4026672.163529 1620732162.71721
352784.848524 4026677.421073 1620732163.617221
352786.161506 4026681.865877 1620732164.46704
352785.548032 4026680.10374 1620732164.117038
352794.069661 4026690.417565 1620732166.817769
352795.720225 4026691.065032 1620732167.167358
352810.017574 4026693.133891 1620732169.71726
352810.940356 4026693.155571 1620732169.867197
352828.87329 4026696.344403 1620732172.917225
352828.028519 4026695.975224 1620732172.768754
352847.78978 4026711.487922 1620732176.466324
352846.994573 4026710.772259 1620732176.317363
352859.312775 4026722.772982 1620732178.617713
352877.510664 4026732.974275 1620732181.617932
352875.434253 4026732.460078 1620732181.317049
352902.706363 4026733.624001 1620732184.91804
352935.042079 4026733.055165 1620732188.817925
352937.544104 4026733.014686 1620732189.117172
352959.014253 4026732.240408 1620732191.817837
352956.419149 4026732.360799 1620732191.467921
352975.883288 4026724.729142 1620732195.466643
352976.166115 4026724.113747 1620732195.617766
352977.344887 4026707.484866 1620732198.617364
352977.342642 4026708.469817 1620732198.467345
352977.260639 4026679.650221 1620732202.766971
352977.209882 4026677.551217 1620732203.06691
352976.288064 4026652.316 1620732206.717342
352976.371186 4026654.707476 1620732206.367306
352974.645728 4026629.32074 1620732210.819009
352974.140404 4026628.081587 1620732211.167561
352968.182958 4026623.348838 1620732213.51813
352956.611722 4026623.791639 1620732215.967445
352954.664259 4026623.917269 1620732216.318174
352940.067726 4026624.821152 1620732218.667125
352937.70091 4026624.969205 1620732219.029877
352902.847573 4026626.318369 1620732223.86743
352900.594383 4026626.254609 1620732224.167368
352882.137417 4026625.573111 1620732226.717294
352876.170745 4026625.525458 1620732227.569026
352872.034581 4026625.398177 1620732228.168191
352853.812283 4026623.576973 1620732230.818346
352851.367361 4026623.310485 1620732231.167515
352832.035053 4026621.24253 1620732233.867556
352825.834079 4026620.798681 1620732234.718382
352829.483615 4026621.048985 1620732234.217693
352797.276089 4026619.742081 1620732238.871148
352792.416878 4026619.777162 1620732239.767579
352795.549854 4026619.722822 1620732239.167344
352782.761859 4026627.476737 1620732242.967344
352782.519566 4026628.968997 1620732243.317411
352782.792049 4026640.887482 1620732245.520728
352782.815208 4026641.492168 1620732245.617927
352783.267475 4026657.383496 1620732248.168098
352783.327518 4026659.641249 1620732248.518735
352784.370748 4026676.161523 1620732251.218129
352791.009498 4026688.053695 1620732253.867476
352795.015128 4026690.415013 1620732254.717395
352798.272368 4026691.478997 1620732255.317585
352797.154208 4026691.179536 1620732255.117514
352819.440977 4026692.859165 1620732258.867376
352817.371534 4026692.612626 1620732258.518369
352833.890028 4026698.925695 1620732261.368444
352847.448071 4026710.560512 1620732264.06645
352848.191603 4026711.326873 1620732264.217882
352869.420053 4026730.742753 1620732268.666677
352871.452001 4026731.545766 1620732269.030054
352885.480235 4026733.275059 1620732271.217548
352904.781829 4026732.528808 1620732273.867346
352902.501544 4026732.613539 1620732273.56866
352907.463777 4026732.43705 1620732274.218134
352925.655952 4026731.457847 1620732276.568264
352928.406963 4026731.347807 1620732276.917379
352929.579555 4026731.308912 1620732277.067302
352958.512789 4026731.067684 1620732281.067235
352960.740344 4026730.971863 1620732281.418072
352973.530964 4026727.474335 1620732284.217858
352977.807674 4026717.191446 1620732287.268441
352977.181783 4026691.474112 1620732291.267318
352977.168891 4026690.76003 1620732291.367664
352976.584809 4026672.514196 1620732293.917194
352975.265642 4026646.498202 1620732297.467512
352975.115626 4026642.50358 1620732298.02913
352975.171801 4026636.361934 1620732298.86775
352975.45023 4026633.943052 1620732299.217858
352978.457459 4026624.749865 1620732300.666668
352995.557112 4026605.493338 1620732304.416903
352993.874363 4026607.035181 1620732304.117543
353015.043202 4026586.225961 1620732307.81787
353021.140941 4026580.077415 1620732308.867534
353024.674259 4026576.471577 1620732309.467509
353023.495526 4026577.677897 1620732309.267736
353044.676701 4026555.901568 1620732312.867931
353050.410063 4026549.92605 1620732313.917361
353046.343591 4026554.17437 1620732313.168551
353064.44082 4026534.908221 1620732316.618251
353063.402234 4026536.072126 1620732316.417828
353075.368098 4026522.07454 1620732318.717677
353077.171844 4026519.954683 1620732319.06696
353096.664682 4026496.937754 1620732323.518539
353091.226918 4026482.075688 1620732326.819079
353083.034082 4026475.960387 1620732328.567683
353063.983635 4026463.431972 1620732331.768655
353061.511698 4026461.720939 1620732332.117641
353045.277666 4026450.79893 1620732334.467359
353022.418177 4026435.866668 1620732338.066438
353007.064207 4026424.42874 1620732341.068497
353005.830462 4026422.557036 1620732341.417632
353007.219947 4026404.555912 1620732344.117529
353024.912944 4026386.376872 1620732347.667789
353023.212075 4026387.91249 1620732347.317633
353029.592831 4026382.052036 1620732348.617888
353043.177536 4026369.603184 1620732350.917728
353048.828239 4026364.405565 1620732351.767581
353045.476864 4026367.489266 1620732351.268086
353064.363755 4026351.259377 1620732353.967391
353066.934623 4026349.318318 1620732354.317544
353086.530378 4026336.474225 1620732356.817158
353111.04446 4026324.410125 1620732359.66665
353115.437957 4026322.545057 1620732360.167734
353138.463832 4026313.623114 1620732362.867435
353156.391734 4026306.802524 1620732365.917693
353154.754163 4026307.677364 1620732365.568651
353162.593241 4026295.369304 1620732368.567759
353163.618399 4026278.966318 1620732371.117424
353164.62121 4026272.856362 1620732371.967533
353164.959918 4026271.393174 1620732372.167742
353172.646565 4026253.258157 1620732374.666958
353173.946077 4026251.108738 1620732374.967632
353184.630042 4026234.487187 1620732377.317535
353184.17558 4026235.20854 1620732377.217614
353198.46461 4026212.622741 1620732380.367959
353196.857189 4026215.168725 1620732380.030192
353213.59162 4026188.587945 1620732383.618066
353219.256614 4026179.606798 1620732384.81854
353217.846458 4026181.848158 1620732384.51928
353274.242197 4026134.304791 1620732394.667384
353276.529767 4026133.698831 1620732395.029725
353292.884497 4026129.520974 1620732397.718483
353290.811626 4026130.017279 1620732397.369039
353306.327985 4026129.334506 1620732399.917814
353309.138567 4026130.011901 1620732400.367805
353312.871678 4026131.326896 1620732400.967716
353338.664119 4026146.10627 1620732405.417717
353346.966196 4026151.124163 1620732406.86775
353343.531666 4026149.066211 1620732406.267023
353364.875272 4026162.201639 1620732409.866863
353380.431621 4026170.794553 1620732412.567941
353378.593515 4026169.693511 1620732412.218407
353387.794759 4026175.352415 1620732414.717869
353388.285604 4026175.648276 1620732415.030418
353389.00704 4026176.130031 1620732417.367666
353389.008928 4026176.117745 1620732417.031557
353389.012567 4026176.191619 1620732419.568026
353389.017768 4026176.215079 1620732420.418388
