355750.442937 4027020.993551 1620815296.732144
355750.442025 4027020.994106 1620815297.732345
355750.458852 4027020.994248 1620815298.12983
355750.547204 4027020.991133 1620815298.531018
355757.068047 4027020.851155 1620815301.780325
355767.124507 4027020.751439 1620815303.980308
355772.080636 4027020.696567 1620815304.78029
355779.151476 4027020.585724 1620815305.779682
355782.209164 4027020.547915 1620815306.180675
355783.789967 4027020.51116 1620815306.37963
355814.859092 4027019.798306 1620815309.830726
355818.701066 4027019.683422 1620815310.243774
355824.413427 4027019.486543 1620815310.830443
355830.007947 4027019.281481 1620815311.429522
355849.625016 4027018.592449 1620815313.630514
355873.603357 4027016.818019 1620815316.680591
355877.230586 4027016.347953 1620815317.280552
355879.462413 4027015.937057 1620815317.679853
355886.18952 4027013.536442 1620815319.080266
355891.90903 4027007.466524 1620815320.880431
355893.521681 4027003.614599 1620815321.680155
355895.256703 4026986.831065 1620815324.130444
355893.536752 4026959.526514 1620815326.73265
355892.903466 4026947.434041 1620815327.731999
355893.146918 4026952.394934 1620815327.330384
355892.58963 4026939.78143 1620815328.33112
355891.180965 4026893.672011 1620815331.780686
355890.674231 4026879.940917 1620815332.780744
355890.488962 4026874.496085 1620815333.183477
355890.190822 4026853.125045 1620815334.780145
355890.080086 4026839.85917 1620815335.780502
355889.721897 4026826.573761 1620815336.780594
355889.384637 4026813.192443 1620815337.780639
355888.896193 4026799.721835 1620815338.781217
355887.131656 4026771.839089 1620815340.830718
355886.709711 4026766.441952 1620815341.243136
355885.316633 4026746.104482 1620815342.830505
355885.173225 4026741.593592 1620815343.243747
355884.949809 4026737.332597 1620815343.630645
355884.317625 4026721.850072 1620815345.242154
355884.203722 4026713.265518 1620815346.243357
355882.249122 4026693.997484 1620815349.280443
355878.38287 4026689.830833 1620815350.280543
355876.011837 4026688.707299 1620815350.680605
355847.459727 4026684.405424 1620815353.930981
355838.158252 4026683.484444 1620815354.733328
355825.60165 4026682.335871 1620815355.732172
355812.255935 4026681.155236 1620815356.732937
355817.664569 4026681.630417 1620815356.330418
355753.821238 4026677.998481 1620815360.783089
355747.956058 4026677.910439 1620815361.180592
355745.012646 4026677.853397 1620815361.380756
355695.390489 4026677.171798 1620815364.830555
355689.962659 4026677.094717 1620815365.244289
355684.635296 4026676.998106 1620815365.630555
355661.361397 4026676.603554 1620815367.630575
355663.364723 4026676.636143 1620815367.430436
355641.867126 4026677.448707 1620815370.244264
355631.296321 4026685.588684 1620815372.680426
355629.69779 4026690.497936 1620815373.480404
355629.030146 4026696.229812 1620815374.280774
355629.070735 4026709.758876 1620815375.880586
355630.19343 4026749.591057 1620815379.732963
355630.345205 4026760.668428 1620815380.732581
355630.348798 4026767.206644 1620815381.330593
355630.355574 4026765.043284 1620815381.13153
355630.313721 4026801.08402 1620815384.780813
355630.947551 4026808.234555 1620815385.780639
355632.947724 4026814.152027 1620815386.780882
355636.732046 4026818.649922 1620815387.780359
355638.776642 4026820.013069 1620815388.179975
355641.071203 4026821.077267 1620815388.581254
355673.207754 4026822.403123 1620815392.630509
355678.581089 4026822.345124 1620815393.243713
355682.194787 4026822.304497 1620815393.630497
355702.105333 4026821.805904 1620815395.830614
355705.71295 4026821.686862 1620815396.243117
355714.972689 4026821.426645 1620815397.242692
355718.752301 4026821.375156 1620815397.630608
355726.264487 4026821.33432 1620815398.430578
355747.798602 4026820.858144 1620815400.680942
355749.783224 4026820.798455 1620815400.881252
355800.54383 4026819.390246 1620815405.7319
355806.774835 4026819.298425 1620815406.330852
355820.831002 4026819.109675 1620815407.732374
355814.889288 4026819.195319 1620815407.130862
355839.668748 4026818.829067 1620815409.732725
355844.788015 4026818.700319 1620815410.330636
355859.614341 4026818.186545 1620815412.581769
355866.472142 4026817.790335 1620815414.630577
355867.836463 4026817.618703 1620815415.829441
355867.966199 4026817.642667 1620815416.830482
355867.927671 4026817.577338 1620815416.180728
355868.016653 4026817.949209 1620815418.680523
355868.047964 4026817.901505 1620815418.481797
355867.895776 4026818.09052 1620815420.330583
355867.869221 4026818.091854 1620815421.381266
355867.872216 4026818.095772 1620815421.579296
355867.702727 4026818.046731 1620815423.83055
355867.689441 4026818.035381 1620815424.180765
355867.678703 4026818.019327 1620815425.880582
355867.671232 4026818.011755 1620815426.280628
355867.671669 4026818.013294 1620815426.880632
355867.669033 4026818.000499 1620815430.93086
355867.668845 4026817.99756 1620815431.330841
355867.667517 4026817.993853 1620815432.330883
355867.666542 4026817.994252 1620815433.331581
355867.66656 4026817.994662 1620815433.732649
355867.666693 4026817.996177 1620815434.530636
355867.665715 4026817.990868 1620815438.382
355867.665753 4026817.991524 1620815438.181181
355867.662979 4026817.988157 1620815440.243478
355867.663208 4026817.987978 1620815440.430186
355867.663113 4026817.986918 1620815442.481783
355867.663576 4026817.983732 1620815444.87988
355867.664323 4026817.984777 1620815445.48077
355867.664159 4026817.987941 1620815446.280765
355867.6634 4026817.987288 1620815446.880687
355867.663695 4026817.98653 1620815448.733321
355867.663339 4026817.985887 1620815449.330746
355867.664854 4026817.986147 1620815450.330548
355867.665415 4026817.985779 1620815451.329941
355867.664491 4026817.986446 1620815452.33045
355867.662773 4026817.987481 1620815453.329873
355867.663389 4026817.990855 1620815454.331152
355867.662123 4026817.990867 1620815455.331004
355867.664124 4026817.989106 1620815456.330796
355867.660489 4026817.992227 1620815457.331155
355867.668916 4026817.988219 1620815458.330506
355867.665596 4026817.990133 1620815459.330986
355867.666 4026817.990189 1620815460.331278
355867.661724 4026817.990227 1620815461.330865
355867.665 4026817.99054 1620815462.331293
355867.663132 4026817.989463 1620815463.330898
355867.663923 4026817.991477 1620815464.330658
355867.662913 4026817.989971 1620815465.331018
355867.663599 4026817.991119 1620815466.732774
355867.663931 4026817.991355 1620815467.732979
355867.66457 4026817.992786 1620815468.33073
355867.664277 4026817.993392 1620815468.731878
355867.664408 4026817.994266 1620815469.131717
355867.661312 4026817.99387 1620815474.781205
355867.661871 4026817.994226 1620815474.581197
355867.661937 4026817.994192 1620815476.830959
355867.662984 4026817.995274 1620815477.243013
355867.662576 4026817.994599 1620815477.631714
355867.662236 4026817.995084 1620815481.280294
355867.659906 4026817.995489 1620815482.282095
355867.66099 4026817.995035 1620815482.880749
355867.662995 4026817.993516 1620815484.331591
355867.658551 4026817.994233 1620815485.330714
355867.660064 4026817.99441 1620815486.330617
355867.662744 4026817.992305 1620815487.33086
355867.661989 4026817.993719 1620815488.13058
355867.661612 4026817.993428 1620815490.780819
355867.662188 4026817.993304 1620815491.830758
355867.660684 4026817.993409 1620815492.830787
355867.659008 4026817.993177 1620815493.24402
355867.656923 4026817.992906 1620815493.629761
355867.655417 4026817.993107 1620815495.280993
355867.656786 4026817.991443 1620815496.281125
355867.653835 4026817.994458 1620815497.330601
355867.655991 4026817.992778 1620815498.330856
355867.655604 4026817.993332 1620815498.732273
355867.655899 4026817.994809 1620815500.980947
355867.656534 4026817.994607 1620815501.781152
355867.655486 4026817.995364 1620815501.181163
355867.656154 4026817.994733 1620815503.781116
355867.656295 4026817.995229 1620815503.381176
355867.658443 4026817.994092 1620815505.781312
355867.657841 4026817.995422 1620815505.381269
355867.66173 4026817.99273 1620815507.781854
355867.661109 4026817.9921 1620815508.180988
355867.660844 4026817.994227 1620815510.781075
355867.661561 4026817.994895 1620815511.180812
355867.661156 4026817.995247 1620815512.780988
355867.65992 4026817.994573 1620815512.381009
355868.203996 4026817.979203 1620815514.181521
355871.188679 4026817.890752 1620815515.380889
355892.319006 4026817.443594 1620815518.78019
355929.515734 4026816.671541 1620815522.830798
355939.715486 4026816.405685 1620815523.830936
355943.836623 4026816.291235 1620815524.242872
355950.06128 4026816.148258 1620815524.830734
355961.168789 4026815.887281 1620815525.880842
355963.327767 4026815.832571 1620815526.080794
356004.924741 4026815.000351 1620815529.733196
356011.732742 4026814.884149 1620815530.330568
356022.159774 4026814.665451 1620815531.331935
356031.840337 4026814.432297 1620815532.330702
356029.923011 4026814.483523 1620815532.131622
356065.315916 4026813.346663 1620815535.781373
356076.280691 4026813.035514 1620815536.880632
356079.787471 4026812.925241 1620815537.242492
356090.239928 4026812.567283 1620815538.27999
356110.648531 4026812.002105 1620815540.330837
356112.432181 4026811.945818 1620815540.530761
356134.164232 4026811.220531 1620815544.981368
356134.396617 4026811.317935 1620815545.181408
356135.663453 4026812.452002 1620815547.830874
356137.062717 4026812.648285 1620815548.631031
356141.618156 4026813.292038 1620815549.831024
356146.36986 4026815.117347 1620815550.830076
356151.043635 4026818.535556 1620815551.83106
356149.221577 4026816.948059 1620815551.430985
356153.474465 4026821.439902 1620815552.431991
356157.295444 4026838.293196 1620815554.881194
356157.381439 4026847.078263 1620815555.881031
356157.322282 4026841.668637 1620815555.280942
356157.404716 4026848.955311 1620815556.081022
356133.040154 4026999.205555 1620815579.331189
356123.483292 4027003.731258 1620815580.331601
356113.29742 4027008.535999 1620815581.330951
356102.669868 4027013.69453 1620815582.331118
356098.317867 4027015.876642 1620815582.731917
356075.501318 4027027.686424 1620815584.780749
356063.652847 4027033.934606 1620815585.831027
356068.174898 4027031.539494 1620815585.429969
356040.463163 4027046.449411 1620815587.880881
356036.020992 4027048.90248 1620815588.283397
356013.981603 4027061.021931 1620815590.280823
356009.55191 4027063.424934 1620815590.680712
356000.71924 4027068.234876 1620815591.481756
355953.197104 4027096.8379 1620815595.931344
355949.32206 4027099.808158 1620815596.331878
355945.588641 4027102.798438 1620815596.731493
355932.733178 4027113.593133 1620815598.38126
355930.094582 4027115.471826 1620815598.781072
355910.888728 4027117.741652 1620815601.429837
355905.986766 4027114.560528 1620815602.24199
355902.448555 4027110.054537 1620815603.03091
355899.779419 4027090.880509 1620815605.430863
355899.575794 4027082.995007 1620815606.241485
355898.808523 4027071.489479 1620815607.242182
355898.912465 4027065.48141 1620815608.029977
355898.564727 4027052.566351 1620815609.831053
355898.63325 4027055.316808 1620815609.430724
355898.500111 4027049.729544 1620815610.241547
355898.031169 4027029.351549 1620815612.830915
355898.098534 4027032.317256 1620815612.431096
355897.960654 4027026.505199 1620815613.242632
355897.475292 4027007.63753 1620815615.831921
355897.558618 4027010.717145 1620815615.430913
355897.287628 4027001.191983 1620815616.629927
355897.185211 4026997.865416 1620815617.03079
355896.273216 4026955.386833 1620815622.081055
355910.726145 4026918.079311 1620815628.880521
355917.474946 4026917.549305 1620815629.880915
355913.288865 4026917.699301 1620815629.280923
355920.474006 4026917.577615 1620815630.280886
355955.001453 4026916.787512 1620815634.330773
355964.67536 4026916.57232 1620815635.332113
355974.582779 4026916.289793 1620815636.331825
355978.629292 4026916.173963 1620815636.732403
356013.040253 4026915.426642 1620815639.981078
356017.508382 4026915.332431 1620815640.381208
356022.015243 4026915.237621 1620815640.78219
356040.119651 4026914.762388 1620815642.381317
356044.132018 4026914.673572 1620815642.781343
356060.395796 4026914.270903 1620815644.781427
356057.224547 4026914.342476 1620815644.381135
356100.224041 4026913.1974 1620815648.830898
356111.623333 4026912.97797 1620815649.830551
356122.20677 4026912.819968 1620815650.830773
356125.98339 4026912.757061 1620815651.241567
356127.761555 4026912.619561 1620815651.430885
356157.262623 4026921.753058 1620815655.882175
356161.12702 4026928.764492 1620815656.881194
356163.42198 4026937.211324 1620815657.883327
356163.994991 4026940.624014 1620815658.281223
356164.252075 4026942.275065 1620815658.482381
356169.955918 4026958.841305 1620815661.33108
356175.032572 4026962.399971 1620815662.732256
356177.634953 4026962.826415 1620815663.331599
356183.42511 4026961.981043 1620815664.381407
356187.231125 4026960.513793 1620815664.981184
356191.176511 4026958.608488 1620815665.581592
356214.157016 4026943.219224 1620815668.8304
356218.712958 4026939.96463 1620815669.431022
356215.661071 4026942.147377 1620815669.030705
356239.352461 4026926.169241 1620815671.881182
356241.160977 4026924.990809 1620815672.081339
356268.016021 4026907.235629 1620815674.933278
356277.701089 4026900.433638 1620815675.931361
356287.494017 4026893.398685 1620815676.930995
356281.604084 4026897.648434 1620815676.331191
356306.706086 4026879.781077 1620815678.931214
356310.230651 4026877.301075 1620815679.331796
356322.340366 4026868.260107 1620815680.931446
356324.694872 4026865.926574 1620815681.332132
356329.514164 4026859.426192 1620815682.332291
356332.644915 4026852.249612 1620815683.331574
356333.810201 4026839.596125 1620815684.931374
356333.957886 4026844.517304 1620815684.331702
356330.00805 4026828.276652 1620815686.331243
356325.398525 4026822.052954 1620815687.331628
356171.663224 4026771.97046 1620815701.781763
356164.029454 4026769.622873 1620815702.381659
356150.666411 4026765.717458 1620815703.430775
356145.552306 4026764.170905 1620815703.831435
356119.136049 4026756.227609 1620815705.881322
356111.257327 4026753.882749 1620815706.481269
356097.926487 4026749.922901 1620815707.481367
356078.285895 4026744.118012 1620815708.932401
356064.705123 4026740.068054 1620815709.932381
356072.856234 4026742.509581 1620815709.331963
356056.539961 4026737.596698 1620815710.531662
356031.453399 4026730.023404 1620815712.380567
356028.784976 4026729.219743 1620815712.581997
355987.169459 4026716.85695 1620815715.831431
355979.849949 4026714.656698 1620815716.431339
355962.788329 4026709.539222 1620815717.881431
355967.363733 4026710.917064 1620815717.483238
355942.963423 4026703.677869 1620815719.881318
355936.376185 4026701.246811 1620815720.881488
355933.448829 4026700.039455 1620815721.482275
355929.489432 4026698.642333 1620815722.482322
355927.620104 4026697.921147 1620815723.281814
355927.277436 4026697.806132 1620815723.48245
355926.589927 4026697.428141 1620815725.531644
355926.607523 4026697.410357 1620815725.732174
355926.942662 4026697.146291 1620815728.381823
355927.023464 4026697.069327 1620815729.381818
355927.014193 4026696.697558 1620815730.830185
355927.026356 4026696.706904 1620815731.030436
355927.147063 4026696.728352 1620815732.881335
355927.167848 4026696.707095 1620815733.281462
355927.241956 4026696.792704 1620815737.131182
355927.282503 4026696.773991 1620815738.93135
355927.263596 4026696.748383 1620815739.931393
355927.252178 4026696.740561 1620815740.331516
355927.211385 4026696.754516 1620815741.38186
355927.170666 4026696.818412 1620815742.383067
355927.156746 4026696.835452 1620815742.781746
355927.132605 4026696.885344 1620815744.431313
355927.130719 4026696.916363 1620815745.431273
355927.129848 4026696.911867 1620815745.243531
355927.142511 4026696.994122 1620815747.881294
355927.162477 4026696.998889 1620815748.881437
355927.175602 4026697.004969 1620815749.881599
355927.171431 4026696.998584 1620815749.482377
355927.180053 4026697.011322 1620815750.282392
355927.21479 4026697.027137 1620815752.93234
355927.212767 4026697.027818 1620815752.734036
355927.256812 4026697.041589 1620815754.781722
355927.258119 4026697.044377 1620815754.981898
355927.268157 4026697.040705 1620815756.632124
355927.279084 4026697.040248 1620815757.430239
355927.28751 4026697.040755 1620815757.831349
355927.292108 4026697.040838 1620815758.030406
355927.364276 4026697.033829 1620815762.080976
355927.42187 4026697.053979 1620815763.681421
355927.432008 4026697.064505 1620815764.681315
355927.459046 4026697.090436 1620815766.68143
355927.459739 4026697.091275 1620815767.081324
355927.46915 4026697.121466 1620815770.881523
355927.470731 4026697.120749 1620815770.482465
355927.463712 4026697.125035 1620815772.48267
355927.452354 4026697.117288 1620815773.881953
355927.463646 4026697.121346 1620815773.483364
355927.411749 4026697.117084 1620815775.881227
355927.397563 4026697.117435 1620815776.881426
355927.386867 4026697.119126 1620815777.88149
355927.375256 4026697.128272 1620815778.881556
355927.370581 4026697.132982 1620815779.881557
355927.370474 4026697.132953 1620815779.481328
355927.348461 4026697.129296 1620815782.932409
355927.34664 4026697.131793 1620815783.331518
355927.347657 4026697.155979 1620815784.982186
355927.346428 4026697.158768 1620815785.181995
355927.358993 4026697.183311 1620815788.031592
355927.392345 4026697.190349 1620815789.83096
355927.377771 4026697.187618 1620815789.031519
355927.429243 4026697.221874 1620815792.881702
355927.431485 4026697.244129 1620815794.682066
355927.430115 4026697.248086 1620815795.244518
355927.437728 4026697.254251 1620815796.881619
355927.445228 4026697.258672 1620815797.482385
355927.4478 4026697.274517 1620815798.881477
355927.454394 4026697.269209 1620815798.482346
355927.359687 4026697.262427 1620815800.482077
355926.108492 4026696.89113 1620815801.483397
355924.017109 4026696.286893 1620815802.244551
355909.016203 4026692.570519 1620815804.881656
355912.064208 4026693.263501 1620815804.482421
355879.261717 4026686.435932 1620815807.881527
355821.931741 4026680.155571 1620815812.332504
355776.326302 4026678.685523 1620815815.531836
355767.64058 4026678.593132 1620815816.131503
355719.035959 4026677.935692 1620815819.531699
355686.973527 4026677.344444 1620815821.931821
355674.491742 4026677.230887 1620815822.931538
355669.830416 4026677.179601 1620815823.331897
355654.051504 4026677.100901 1620815824.931722
355659.36001 4026677.070461 1620815824.331512
355640.761324 4026678.705712 1620815826.931754
355635.634186 4026681.742875 1620815827.931541
355638.547692 4026679.68249 1620815827.331645
355634.786623 4026682.562622 1620815828.131858
355626.138411 4026802.341657 1620815841.381022
355624.765499 4026808.000824 1620815841.981171
355616.860113 4026825.912228 1620815843.983176
355614.615061 4026829.186648 1620815844.381175
355610.883589 4026833.858188 1620815844.982067
355604.137484 4026841.197088 1620815845.981199
355597.473156 4026848.276158 1620815846.981103
355588.78295 4026858.798401 1620815848.382018
355585.486534 4026863.61595 1620815848.982387
355580.794031 4026871.882357 1620815849.982661
355575.964618 4026883.958507 1620815851.382045
355573.7737 4026892.510237 1620815852.382428
355572.755319 4026897.606962 1620815852.981987
355571.322206 4026906.337481 1620815853.981004
355569.837921 4026919.013805 1620815855.382183
355569.228272 4026932.03405 1620815856.78101
355569.766908 4026941.859641 1620815857.831201
355570.506803 4026947.507381 1620815858.431594
355571.175556 4026951.281434 1620815858.831087
355571.559942 4026953.168434 1620815859.030638
355604.682303 4027004.393862 1620815865.48165
355612.486347 4027010.27598 1620815866.481633
355609.305228 4027008.026187 1620815866.081662
355632.81145 4027020.397594 1620815868.932616
355641.557202 4027022.639898 1620815869.932707
355651.029114 4027023.844285 1620815870.98255
355654.633387 4027023.982542 1620815871.382112
355660.030855 4027023.900308 1620815871.98159
355673.226436 4027023.37621 1620815873.432225
355669.563555 4027023.529271 1620815873.032658
355691.548691 4027022.799675 1620815875.430853
355695.21132 4027022.702499 1620815875.830439
355704.255025 4027022.475112 1620815876.831462
355718.488143 4027022.108231 1620815878.431092
355721.948513 4027022.030477 1620815878.831617
355734.990299 4027021.742104 1620815880.431476
355741.691667 4027021.567496 1620815881.431591
355739.177434 4027021.636046 1620815881.034993
355750.464914 4027021.38075 1620815883.430587
355752.401219 4027021.325448 1620815884.431312
355751.822793 4027021.332567 1620815884.031563
355753.056579 4027021.409425 1620815886.430637
355753.056739 4027021.440432 1620815887.431905
355753.052383 4027021.441715 1620815888.430751
