355750.442937 4027020.993551 1620815296.732144
355750.442431 4027020.994063 1620815297.680393
355750.449764 4027020.994627 1620815298.030528
355750.503074 4027020.992722 1620815298.380635
355757.068047 4027020.851155 1620815301.780325
355766.007085 4027020.764602 1620815303.782949
355772.080636 4027020.696567 1620815304.78029
355779.151476 4027020.585724 1620815305.779682
355781.822128 4027020.551945 1620815306.130508
355784.594968 4027020.498984 1620815306.48122
355815.341378 4027019.784152 1620815309.881533
355818.222177 4027019.698224 1620815310.179259
355824.889681 4027019.468456 1620815310.880565
355831.390169 4027019.227721 1620815311.580445
355848.765738 4027018.625343 1620815313.530303
355873.282306 4027016.851903 1620815316.630198
355877.230586 4027016.347953 1620815317.280552
355879.190713 4027015.992359 1620815317.629446
355885.773245 4027013.780399 1620815318.980645
355892.138492 4027007.029883 1620815320.980515
355893.435586 4027003.87711 1620815321.63113
355895.299328 4026987.675671 1620815324.032209
355893.536752 4026959.526514 1620815326.73265
355892.903466 4026947.434041 1620815327.731999
355893.115441 4026951.782866 1620815327.379632
355892.568145 4026939.137065 1620815328.379573
355891.180965 4026893.672011 1620815331.780686
355890.674231 4026879.940917 1620815332.780744
355890.510591 4026875.174547 1620815333.131291
355890.190822 4026853.125045 1620815334.780145
355890.080086 4026839.85917 1620815335.780502
355889.721897 4026826.573761 1620815336.780594
355889.362479 4026812.520022 1620815337.830374
355888.86883 4026799.047794 1620815338.831311
355887.077838 4026771.164846 1620815340.88152
355886.765786 4026767.117263 1620815341.179953
355885.297266 4026745.529494 1620815342.880289
355885.173225 4026741.593592 1620815343.243747
355884.975444 4026737.853198 1620815343.581416
355884.317625 4026721.850072 1620815345.242154
355884.203722 4026713.265518 1620815346.243357
355882.249122 4026693.997484 1620815349.280443
355878.38287 4026689.830833 1620815350.280543
355876.328008 4026688.826789 1620815350.62949
355850.222832 4026684.702106 1620815353.680397
355838.158252 4026683.484444 1620815354.733328
355825.60165 4026682.335871 1620815355.732172
355812.255935 4026681.155236 1620815356.732937
355816.995291 4026681.570811 1620815356.381052
355753.821238 4026677.998481 1620815360.783089
355748.688256 4026677.923398 1620815361.131124
355743.530274 4026677.8312 1620815361.480748
355694.706098 4026677.161237 1620815364.880431
355689.962659 4026677.094717 1620815365.244289
355685.29129 4026677.011113 1620815365.580894
355661.854709 4026676.611263 1620815367.580772
355665.446428 4026676.672226 1620815367.243741
355641.867126 4026677.448707 1620815370.244264
355631.431856 4026685.31596 1620815372.630442
355629.496026 4026691.519705 1620815373.630395
355629.015965 4026696.614932 1620815374.330978
355629.089425 4026710.689565 1620815375.980239
355630.19343 4026749.591057 1620815379.732963
355630.345205 4026760.668428 1620815380.732581
355630.349735 4026767.744173 1620815381.380606
355630.356736 4026764.499967 1620815381.080401
355630.324919 4026801.479304 1620815384.830585
355631.008386 4026808.557637 1620815385.8304
355633.095619 4026814.413234 1620815386.830455
355636.9689 4026818.836933 1620815387.830733
355638.776642 4026820.013069 1620815388.179975
355640.774123 4026820.958725 1620815388.531788
355672.317719 4026822.414827 1620815392.530659
355678.581089 4026822.345124 1620815393.243713
355681.29012 4026822.316482 1620815393.530745
355702.55279 4026821.79148 1620815395.880576
355705.71295 4026821.686862 1620815396.243117
355714.972689 4026821.426645 1620815397.242692
355718.279358 4026821.379807 1620815397.580886
355727.672695 4026821.322303 1620815398.582759
355747.304249 4026820.870948 1620815400.630532
355751.289858 4026820.744024 1620815401.030603
355800.54383 4026819.390246 1620815405.7319
355807.286955 4026819.292133 1620815406.380773
355820.831002 4026819.109675 1620815407.732374
355814.388889 4026819.200906 1620815407.080248
355840.110715 4026818.819981 1620815409.780828
355845.598424 4026818.681241 1620815410.43067
355858.841892 4026818.219367 1620815412.430517
355866.179418 4026817.8128 1620815414.481461
355867.836463 4026817.618703 1620815415.829441
355867.966199 4026817.642667 1620815416.830482
355867.927671 4026817.577338 1620815416.180728
355868.032858 4026817.92434 1620815418.58092
355868.082973 4026817.843395 1620815418.242709
355867.895776 4026818.09052 1620815420.330583
355867.870073 4026818.092922 1620815421.430479
355867.875351 4026818.099525 1620815421.780802
355867.702727 4026818.046731 1620815423.83055
355867.691302 4026818.037001 1620815424.130769
355867.677674 4026818.018345 1620815425.930538
355867.671825 4026818.012148 1620815426.2432
355867.671851 4026818.013367 1620815426.930515
355867.668938 4026818.000131 1620815430.981089
355867.668845 4026817.99756 1620815431.330841
355867.667517 4026817.993853 1620815432.330883
355867.666542 4026817.994252 1620815433.331581
355867.666502 4026817.994613 1620815433.680606
355867.667031 4026817.995716 1620815434.380823
355867.665746 4026817.990555 1620815438.430903
355867.665522 4026817.991578 1620815438.080872
355867.663135 4026817.988067 1620815440.181236
355867.663329 4026817.987916 1620815440.480603
355867.66326 4026817.986672 1620815442.580535
355867.663576 4026817.983732 1620815444.87988
355867.664128 4026817.985185 1620815445.581115
355867.66425 4026817.9879 1620815446.243046
355867.663518 4026817.987172 1620815446.930784
355867.66376 4026817.98657 1620815448.680705
355867.663339 4026817.985887 1620815449.330746
355867.664854 4026817.986147 1620815450.330548
355867.665255 4026817.985828 1620815451.380916
355867.664491 4026817.986446 1620815452.33045
355867.662773 4026817.987481 1620815453.329873
355867.663389 4026817.990855 1620815454.331152
355867.662123 4026817.990867 1620815455.331004
355867.664124 4026817.989106 1620815456.330796
355867.660489 4026817.992227 1620815457.331155
355867.668916 4026817.988219 1620815458.330506
355867.665628 4026817.990172 1620815459.381188
355867.666 4026817.990189 1620815460.331278
355867.661724 4026817.990227 1620815461.330865
355867.665 4026817.99054 1620815462.331293
355867.663149 4026817.989537 1620815463.380529
355867.663923 4026817.991477 1620815464.330658
355867.663004 4026817.990036 1620815465.381515
355867.663596 4026817.991204 1620815466.682118
355867.663826 4026817.991209 1620815467.68129
355867.664437 4026817.99288 1620815468.381353
355867.664324 4026817.993289 1620815468.680922
355867.664295 4026817.993991 1620815469.029706
355867.661312 4026817.99387 1620815474.781205
355867.661893 4026817.994543 1620815474.429572
355867.662062 4026817.994282 1620815476.881828
355867.662986 4026817.995075 1620815477.181194
355867.662697 4026817.994785 1620815477.530788
355867.662263 4026817.995052 1620815481.243757
355867.659906 4026817.995489 1620815482.282095
355867.660967 4026817.995056 1620815482.930909
355867.662995 4026817.993516 1620815484.331591
355867.658551 4026817.994233 1620815485.330714
355867.660218 4026817.994277 1620815486.381247
355867.662781 4026817.992358 1620815487.380233
355867.662229 4026817.993514 1620815488.02953
355867.661612 4026817.993428 1620815490.780819
355867.662188 4026817.993304 1620815491.830758
355867.660684 4026817.993409 1620815492.830787
355867.659257 4026817.993207 1620815493.181285
355867.657572 4026817.992954 1620815493.531639
355867.655417 4026817.993107 1620815495.280993
355867.656786 4026817.991443 1620815496.281125
355867.653835 4026817.994458 1620815497.330601
355867.656041 4026817.992832 1620815498.380874
355867.655604 4026817.993332 1620815498.732273
355867.655963 4026817.994145 1620815500.732431
355867.656534 4026817.994607 1620815501.781152
355867.655571 4026817.99527 1620815501.130783
355867.656154 4026817.994733 1620815503.781116
355867.656361 4026817.995091 1620815503.480699
355867.658443 4026817.994092 1620815505.781312
355867.657847 4026817.995265 1620815505.431123
355867.66173 4026817.99273 1620815507.781854
355867.661151 4026817.992214 1620815508.130911
355867.660844 4026817.994227 1620815510.781075
355867.661434 4026817.994792 1620815511.131925
355867.661156 4026817.995247 1620815512.780988
355867.660165 4026817.994626 1620815512.4309
355868.136615 4026817.981527 1620815514.131641
355871.559433 4026817.878502 1620815515.481303
355892.319006 4026817.443594 1620815518.78019
355930.017851 4026816.658142 1620815522.88088
355940.231252 4026816.392968 1620815523.880811
355943.836623 4026816.291235 1620815524.242872
355950.583005 4026816.137543 1620815524.88082
355961.707322 4026815.874282 1620815525.933527
355966.048798 4026815.759288 1620815526.332493
356004.34783 4026815.009208 1620815529.681867
356012.287691 4026814.873903 1620815530.381224
356022.653215 4026814.655008 1620815531.380977
356032.319396 4026814.419969 1620815532.380985
356028.9647 4026814.506031 1620815532.032517
356065.315916 4026813.346663 1620815535.781373
356076.280691 4026813.035514 1620815536.880632
356079.286442 4026812.939125 1620815537.181036
356089.736174 4026812.583257 1620815538.242015
356110.189449 4026812.016658 1620815540.280759
356113.71717 4026811.904453 1620815540.680698
356133.751318 4026811.078934 1620815544.680822
356134.225266 4026811.24854 1620815545.031119
356135.619581 4026812.43066 1620815547.781535
356137.49984 4026812.673629 1620815548.782479
356141.618156 4026813.292038 1620815549.831024
356146.12912 4026814.990443 1620815550.781016
356151.043635 4026818.535556 1620815551.83106
356149.45376 4026817.131429 1620815551.481083
356153.655788 4026821.708195 1620815552.481642
356157.295444 4026838.293196 1620815554.881194
356157.381439 4026847.078263 1620815555.881031
356157.318778 4026841.236655 1620815555.242874
356157.425779 4026850.381134 1620815556.24152
356133.040154 4026999.205555 1620815579.331189
356123.483292 4027003.731258 1620815580.331601
356113.29742 4027008.535999 1620815581.330951
356103.210959 4027013.426104 1620815582.282819
356098.864768 4027015.599266 1620815582.681004
356076.064728 4027027.391689 1620815584.73221
356063.652847 4027033.934606 1620815585.831027
356067.609725 4027031.837008 1620815585.48165
356040.463163 4027046.449411 1620815587.880881
356036.573805 4027048.598326 1620815588.241575
356014.533443 4027060.721221 1620815590.242163
356010.658382 4027062.824172 1620815590.58137
355999.623643 4027068.840284 1620815591.584317
355952.704796 4027097.205982 1620815595.980365
355949.32206 4027099.808158 1620815596.331878
355946.046068 4027102.427973 1620815596.68083
355932.733178 4027113.593133 1620815598.38126
355930.421387 4027115.256955 1620815598.732619
355910.549681 4027117.594991 1620815601.481733
355906.526825 4027115.01853 1620815602.132986
355902.102519 4027109.424627 1620815603.131062
355899.764573 4027090.399767 1620815605.481325
355899.598241 4027083.989556 1620815606.130793
355898.886532 4027072.593551 1620815607.130737
355898.926872 4027064.816436 1620815608.131852
355898.564727 4027052.566351 1620815609.831053
355898.624448 4027054.969832 1620815609.480932
355898.509251 4027050.091005 1620815610.180212
355898.031169 4027029.351549 1620815612.830915
355898.091539 4027031.938419 1620815612.481799
355897.970385 4027026.857552 1620815613.181015
355897.475292 4027007.63753 1620815615.831921
355897.539741 4027009.946271 1620815615.530872
355897.313329 4027002.013278 1620815616.53082
355897.14518 4026996.602136 1620815617.181152
355896.279536 4026954.245951 1620815622.244089
355911.036777 4026918.018277 1620815628.931394
355917.841062 4026917.552341 1620815629.930832
355912.95887 4026917.733619 1620815629.243035
355920.091517 4026917.574391 1620815630.239908
355955.001453 4026916.787512 1620815634.330773
355964.67536 4026916.57232 1620815635.332113
355974.582779 4026916.289793 1620815636.331825
355978.122651 4026916.185514 1620815636.680932
356010.268657 4026915.483116 1620815639.731762
356017.508382 4026915.332431 1620815640.381208
356021.451078 4026915.250281 1620815640.731704
356040.643541 4026914.749232 1620815642.430482
356043.653219 4026914.684509 1620815642.732691
356060.395796 4026914.270903 1620815644.781427
356057.610934 4026914.333614 1620815644.43079
356100.224041 4026913.1974 1620815648.830898
356111.623333 4026912.97797 1620815649.830551
356122.20677 4026912.819968 1620815650.830773
356125.523748 4026912.766197 1620815651.181418
356128.631174 4026912.547105 1620815651.532168
356157.49143 4026922.051651 1620815655.930583
356161.283614 4026929.165485 1620815656.931221
356163.5004 4026937.640034 1620815657.931952
356163.994991 4026940.624014 1620815658.281223
356164.438314 4026943.462986 1620815658.630343
356169.955918 4026958.841305 1620815661.33108
356174.828633 4026962.332976 1620815662.681099
356177.634953 4026962.826415 1620815663.331599
356183.42511 4026961.981043 1620815664.381407
356187.555043 4026960.371033 1620815665.03089
356191.843789 4026958.245476 1620815665.681015
356213.78446 4026943.484158 1620815668.781617
356218.712958 4026939.96463 1620815669.431022
356216.040069 4026941.877693 1620815669.081157
356238.90597 4026926.460435 1620815671.830884
356242.066825 4026924.402486 1620815672.181185
356268.016021 4026907.235629 1620815674.933278
356277.701089 4026900.433638 1620815675.931361
356287.494017 4026893.398685 1620815676.930995
356281.114563 4026898.001031 1620815676.280524
356306.706086 4026879.781077 1620815678.931214
356309.801649 4026877.602946 1620815679.281282
356322.340366 4026868.260107 1620815680.931446
356324.409071 4026866.230526 1620815681.281271
356329.312317 4026859.768367 1620815682.281145
356332.534277 4026852.621545 1620815683.281179
356333.810201 4026839.596125 1620815684.931374
356333.935437 4026844.920594 1620815684.281337
356330.20061 4026828.628034 1620815686.281513
356325.665832 4026822.326939 1620815687.281372
356172.937805 4026772.36348 1620815701.681134
356164.029454 4026769.622873 1620815702.381659
356150.666411 4026765.717458 1620815703.430775
356146.193996 4026764.36201 1620815703.781929
356119.789123 4026756.422377 1620815705.83127
356110.595877 4026753.687043 1620815706.531207
356097.252714 4026749.719211 1620815707.531725
356078.285895 4026744.118012 1620815708.932401
356064.705123 4026740.068054 1620815709.932381
356074.213833 4026742.914796 1620815709.243355
356055.177932 4026737.18483 1620815710.631088
356032.122792 4026730.225375 1620815712.331601
356026.789879 4026728.621492 1620815712.732711
355987.785361 4026717.04075 1620815715.781724
355979.849949 4026714.656698 1620815716.431339
355963.351312 4026709.708466 1620815717.831163
355966.784784 4026710.743025 1620815717.53287
355942.963423 4026703.677869 1620815719.881318
355936.376185 4026701.246811 1620815720.881488
355933.205214 4026699.955052 1620815721.531414
355929.340209 4026698.587727 1620815722.531415
355927.713039 4026697.953381 1620815723.24351
355927.200191 4026697.780513 1620815723.531317
355926.599379 4026697.41892 1620815725.631135
355926.629038 4026697.388199 1620815725.981889
355926.942662 4026697.146291 1620815728.381823
355927.023464 4026697.069327 1620815729.381818
355927.010732 4026696.695005 1620815730.781632
355927.032273 4026696.711443 1620815731.132253
355927.147063 4026696.728352 1620815732.881335
355927.164324 4026696.709922 1620815733.181868
355927.245916 4026696.791573 1620815737.281633
355927.282503 4026696.773991 1620815738.93135
355927.263596 4026696.748383 1620815739.931393
355927.252178 4026696.740561 1620815740.331516
355927.211385 4026696.754516 1620815741.38186
355927.170666 4026696.818412 1620815742.383067
355927.158399 4026696.833375 1620815742.733633
355927.132605 4026696.885344 1620815744.431313
355927.130896 4026696.917381 1620815745.482024
355927.130367 4026696.908354 1620815745.131584
355927.142511 4026696.994122 1620815747.881294
355927.162477 4026696.998889 1620815748.881437
355927.175602 4026697.004969 1620815749.881599
355927.171906 4026696.999343 1620815749.531437
355927.179144 4026697.010732 1620815750.243925
355927.215169 4026697.026933 1620815752.981827
355927.21191 4026697.028135 1620815752.631216
355927.256486 4026697.040901 1620815754.733234
355927.258863 4026697.04581 1620815755.081445
355927.269724 4026697.040594 1620815756.781966
355927.280061 4026697.040345 1620815757.4814
355927.286446 4026697.040674 1620815757.781852
355927.294201 4026697.040834 1620815758.13159
355927.367339 4026697.033866 1620815762.181765
355927.420307 4026697.052519 1620815763.531264
355927.434195 4026697.067074 1620815764.881435
355927.459382 4026697.090971 1620815766.881265
355927.459848 4026697.091293 1620815767.181812
355927.46915 4026697.121466 1620815770.881523
355927.470611 4026697.120826 1620815770.531334
355927.464119 4026697.124971 1620815772.531456
355927.452354 4026697.117288 1620815773.881953
355927.462288 4026697.120864 1620815773.531272
355927.411749 4026697.117084 1620815775.881227
355927.397563 4026697.117435 1620815776.881426
355927.386867 4026697.119126 1620815777.88149
355927.375256 4026697.128272 1620815778.881556
355927.370581 4026697.132982 1620815779.881557
355927.370536 4026697.132931 1620815779.581749
355927.3481 4026697.129486 1620815782.981805
355927.34664 4026697.131793 1620815783.331518
355927.34739 4026697.156717 1620815785.031266
355927.345134 4026697.160934 1620815785.431485
355927.360473 4026697.18541 1620815788.131721
355927.391546 4026697.190058 1620815789.781921
355927.379448 4026697.187715 1620815789.132345
355927.42932 4026697.220098 1620815792.781821
355927.431125 4026697.244755 1620815794.781816
355927.430246 4026697.247284 1620815795.131429
355927.436732 4026697.253713 1620815796.781728
355927.445228 4026697.258672 1620815797.482385
355927.448554 4026697.273885 1620815798.831717
355927.454394 4026697.269209 1620815798.482346
355927.359687 4026697.262427 1620815800.482077
355926.108492 4026696.89113 1620815801.483397
355924.19013 4026696.335102 1620815802.180987
355909.410959 4026692.660512 1620815804.831397
355912.064208 4026693.263501 1620815804.482421
355879.836471 4026686.54214 1620815807.831741
355823.321733 4026680.229055 1620815812.245955
355776.326302 4026678.685523 1620815815.531836
355766.914902 4026678.588722 1620815816.182193
355719.035959 4026677.935692 1620815819.531699
355687.620023 4026677.350464 1620815821.881642
355675.088496 4026677.237848 1620815822.881656
355670.975851 4026677.190298 1620815823.243649
355654.463792 4026677.095603 1620815824.881491
355660.319278 4026677.07307 1620815824.241636
355640.761324 4026678.705712 1620815826.931754
355635.634186 4026681.742875 1620815827.931541
355639.083299 4026679.399798 1620815827.240764
355634.184328 4026683.209201 1620815828.281939
355626.235343 4026801.867607 1620815841.33168
355624.63351 4026808.467843 1620815842.031058
355616.860113 4026825.912228 1620815843.983176
355614.907556 4026828.784877 1620815844.331684
355610.554749 4026834.235758 1620815845.031415
355603.799405 4026841.555128 1620815846.0315
355597.146878 4026848.635308 1620815847.030861
355589.072261 4026858.403917 1620815848.331837
355585.226311 4026864.022258 1620815849.030685
355580.794031 4026871.882357 1620815849.982661
355576.099432 4026883.527003 1620815851.332885
355573.865678 4026892.087418 1620815852.331523
355572.674695 4026898.037408 1620815853.030429
355571.322206 4026906.337481 1620815853.981004
355569.837921 4026919.013805 1620815855.382183
355569.225471 4026931.102427 1620815856.68172
355569.673072 4026940.921093 1620815857.73309
355570.506803 4026947.507381 1620815858.431594
355571.085292 4026950.810211 1620815858.781101
355571.764367 4026954.114325 1620815859.131683
355604.682303 4027004.393862 1620815865.48165
355612.486347 4027010.27598 1620815866.481633
355610.089619 4027008.60181 1620815866.181968
355632.81145 4027020.397594 1620815868.932616
355641.557202 4027022.639898 1620815869.932707
355651.029114 4027023.844285 1620815870.98255
355654.184328 4027023.974771 1620815871.331759
355660.483257 4027023.883436 1620815872.031544
355673.226436 4027023.37621 1620815873.432225
355670.019834 4027023.509922 1620815873.082935
355691.548691 4027022.799675 1620815875.430853
355694.294531 4027022.725699 1620815875.735821
355703.359713 4027022.499168 1620815876.732648
355718.488143 4027022.108231 1620815878.431092
355721.088312 4027022.049993 1620815878.733182
355734.990299 4027021.742104 1620815880.431476
355741.691667 4027021.567496 1620815881.431591
355739.504784 4027021.626865 1620815881.081658
355750.464914 4027021.38075 1620815883.430587
355752.401219 4027021.325448 1620815884.431312
355751.90797 4027021.33055 1620815884.081719
355753.056579 4027021.409425 1620815886.430637
355753.056739 4027021.440432 1620815887.431905
355753.052383 4027021.441715 1620815888.430751
