988360.64806 1818631.534429 1621824616.025458
988361.665072 1818632.387011 1621824616.164627
988373.266116 1818641.935092 1621824617.814653
988371.102868 1818640.164108 1621824617.515787
988386.218816 1818652.487403 1621824619.51529
988383.473633 1818650.259869 1621824619.164528
988399.686821 1818663.453699 1621824621.164549
988411.37072 1818672.967799 1621824622.515822
988422.999275 1818682.475372 1621824623.815725
988426.194828 1818685.068201 1621824624.165394
988432.166316 1818689.959524 1621824624.814734
988435.401213 1818692.619539 1621824625.165578
988448.005569 1818702.954624 1621824626.516026
988478.841026 1818728.330716 1621824629.864451
988481.893711 1818730.841972 1621824630.214578
988492.082107 1818739.187883 1621824631.414583
988500.471738 1818746.073023 1621824632.414682
988511.810903 1818756.059995 1621824633.763615
988517.568331 1818761.216922 1621824634.414403
988514.439963 1818758.410278 1621824634.063776
988550.536565 1818790.361045 1621824637.764373
988558.033373 1818796.758643 1621824638.465438
988554.25415 1818793.53985 1621824638.115211
988577.605812 1818812.991362 1621824640.163789
988598.931614 1818830.767593 1621824641.864773
988602.869482 1818833.970899 1621824642.164272
988612.190142 1818841.573193 1621824642.865061
988633.58087 1818859.005559 1621824644.414267
988648.699833 1818871.22026 1621824645.464433
988650.894252 1818873.000934 1621824645.614863
988683.521866 1818900.005175 1621824647.815414
988698.53652 1818912.580775 1621824648.814633
988693.256918 1818908.179093 1621824648.464953
988709.177527 1818921.355809 1621824649.516561
988746.193603 1818951.719078 1621824651.915043
988756.316947 1818960.057988 1621824652.564545
988750.861189 1818955.565774 1621824652.214508
988785.295978 1818983.953101 1621824654.414235
988782.941172 1818982.009845 1621824654.264535
988835.830874 1819025.706642 1621824657.61545
988846.905321 1819034.821823 1621824658.31475
988865.227533 1819049.610283 1621824659.464659
988887.043845 1819066.442037 1621824660.814476
988903.572675 1819078.271151 1621824661.814346
988920.346351 1819089.696038 1621824662.814517
988932.080004 1819097.639704 1621824663.515698
988942.965466 1819104.955721 1621824664.164526
988987.126492 1819134.443976 1621824666.814232
989003.63547 1819145.44983 1621824667.814513
989020.051079 1819156.356793 1621824668.814398
989031.487824 1819163.942032 1621824669.515593
989036.363658 1819167.185495 1621824669.814503
989055.82548 1819180.06495 1621824671.026097
989079.925235 1819196.084694 1621824672.516544
989085.504257 1819199.82483 1621824672.864321
989117.615973 1819221.250188 1621824674.915103
989130.514907 1819229.884604 1621824675.764613
989141.002919 1819236.914868 1621824676.464408
989155.892213 1819246.898436 1621824677.464473
989165.479939 1819253.346196 1621824678.114706
989170.599549 1819256.782816 1621824678.464497
989189.306693 1819269.30218 1621824679.763333
989208.890558 1819282.267875 1621824681.164364
989231.08301 1819296.902999 1621824682.814387
989243.60544 1819305.127026 1621824683.814938
989239.317922 1819302.307281 1621824683.464528
989255.842432 1819313.1644 1621824684.864366
989276.278773 1819326.713677 1621824686.864658
989285.066664 1819332.521426 1621824687.864385
989292.654421 1819337.520417 1621824688.865572
989295.02412 1819339.087561 1621824689.214591
989300.972257 1819343.00977 1621824690.214454
989308.559292 1819348.073752 1621824691.864515
989305.864958 1819346.246706 1621824691.214399
989309.852418 1819348.963912 1621824692.214789
989314.301777 1819352.026201 1621824693.864485
989315.783236 1819353.051193 1621824695.214515
989315.952965 1819353.185931 1621824696.864538
989315.959825 1819353.180373 1621824696.065517
989315.955284 1819353.177613 1621824698.914611
989315.951513 1819353.180197 1621824699.265281
989315.921405 1819353.2009 1621824700.464448
989315.903604 1819353.21084 1621824701.515332
989315.882322 1819353.233029 1621824702.86443
989315.853623 1819353.266013 1621824703.515917
989315.82798 1819353.297492 1621824704.865336
989315.825312 1819353.300149 1621824705.714621
989315.817635 1819353.30206 1621824707.914648
989315.813999 1819353.305926 1621824708.564191
989315.80685 1819353.312845 1621824709.563755
989315.802472 1819353.323908 1621824710.914618
989315.80054 1819353.325521 1621824711.214579
989315.797013 1819353.326432 1621824711.56493
989315.769736 1819353.347361 1621824715.614462
989315.765871 1819353.348743 1621824716.264274
989315.763672 1819353.353657 1621824717.614298
989315.764167 1819353.352712 1621824717.264209
989315.76207 1819353.357863 1621824718.963182
989315.759613 1819353.360796 1621824720.614323
989315.759752 1819353.361342 1621824720.914792
989315.758061 1819353.360043 1621824722.264322
989315.758683 1819353.364868 1621824723.963466
989315.75829 1819353.365025 1621824724.264452
989315.758353 1819353.366901 1621824725.614611
989315.758429 1819353.368834 1621824726.264302
989315.757763 1819353.369749 1621824726.614428
989315.759296 1819353.374096 1621824728.81427
989315.76048 1819353.375364 1621824729.163445
989315.763689 1819353.378712 1621824730.164456
989315.76343 1819353.378193 1621824731.864446
989315.766275 1819353.378464 1621824732.564466
989315.767844 1819353.378511 1621824733.26427
989315.76773 1819353.378436 1621824733.563398
989315.765325 1819353.376789 1621824734.265344
989315.774702 1819353.379265 1621824736.614318
989315.774349 1819353.379322 1621824736.464347
989315.780833 1819353.379188 1621824739.814363
989315.781355 1819353.379065 1621824740.163564
989315.782067 1819353.379509 1621824740.314175
989343.321762 1819371.376591 1621824751.864633
989349.554493 1819375.068235 1621824752.864286
989353.983555 1819377.396333 1621824753.515103
989351.894053 1819376.329666 1621824753.214369
989357.658071 1819379.113436 1621824754.025008
989390.210149 1819387.113359 1621824757.564264
989397.19203 1819387.339672 1621824758.214688
989401.078254 1819387.278482 1621824758.563634
989420.947923 1819385.001528 1621824760.264095
989419.132218 1819385.326073 1621824760.114768
989518.012777 1819365.339821 1621824767.314744
989523.179102 1819364.302739 1621824767.664199
989555.362873 1819357.507135 1621824769.864482
989552.448045 1819358.146674 1621824769.664373
989584.595944 1819351.05868 1621824771.864404
989593.982594 1819349.056775 1621824772.515085
989608.976986 1819346.061874 1621824773.566315
989601.142398 1819347.563864 1621824773.025606
989653.601619 1819341.022491 1621824776.764839
989657.676107 1819340.808646 1621824777.065376
989684.276056 1819339.854097 1621824779.064511
989699.757092 1819339.633405 1621824780.264349
989719.141482 1819339.393767 1621824781.963363
989722.075146 1819339.339936 1621824782.264484
989720.623981 1819339.374005 1621824782.114854
989740.244139 1819338.985412 1621824784.6642
989741.829431 1819338.961255 1621824784.963425
989744.925937 1819338.926361 1621824785.664282
989750.347951 1819338.880459 1621824787.665418
989751.131259 1819338.868878 1621824788.314463
989751.639595 1819338.861559 1621824789.314683
989751.640801 1819338.851234 1621824789.96351
989751.64041 1819338.837042 1621824790.963567
989751.638907 1819338.833158 1621824791.314478
989751.635973 1819338.815699 1621824793.164327
989751.748778 1819338.81263 1621824794.164616
989752.550558 1819338.803855 1621824795.363491
989753.938437 1819338.802234 1621824796.515232
989756.618368 1819338.796966 1621824797.515803
989759.772177 1819338.777025 1621824798.214405
989767.63891 1819338.715178 1621824799.515505
989775.214224 1819338.675688 1621824800.515979
989780.923236 1819338.694306 1621824801.214438
989779.263556 1819338.693415 1621824801.025192
989806.044018 1819338.638922 1621824803.914542
989809.135756 1819338.64374 1621824804.213619
989828.312279 1819338.498651 1621824805.914526
989837.078724 1819338.451457 1621824806.613933
989845.58681 1819338.383883 1621824807.264372
989850.24662 1819338.340259 1621824807.61447
989877.982758 1819338.141283 1621824809.614379
989887.24034 1819338.111879 1621824810.264326
989906.716533 1819338.043438 1621824811.61419
989916.975321 1819337.993288 1621824812.314587
989926.591578 1819337.908253 1621824812.964614
989931.792833 1819337.875698 1621824813.314695
989956.523088 1819337.680235 1621824814.963315
989981.787522 1819337.509284 1621824816.664343
989977.346449 1819337.521285 1621824816.363212
989994.515132 1819337.431966 1621824817.516521
990019.936457 1819337.192213 1621824819.163342
990027.713529 1819337.122132 1621824819.664442
990057.671194 1819336.967423 1621824821.563182
990073.63071 1819336.884948 1621824822.564093
990068.030381 1819336.91462 1621824822.21422
990208.399351 1819336.336274 1621824830.914627
990218.650752 1819336.393722 1621824831.564192
990239.583755 1819336.574003 1621824832.914712
990234.205783 1819336.518633 1621824832.563246
990259.992549 1819336.797419 1621824834.264314
990280.585505 1819337.101019 1621824835.664297
990290.039658 1819337.329412 1621824836.314374
990295.206012 1819337.470486 1621824836.664489
990304.979409 1819337.764052 1621824837.3145
990318.135529 1819338.142301 1621824838.164511
990374.015012 1819339.947031 1621824841.664136
990378.765477 1819340.107001 1621824841.963248
990458.087325 1819343.274474 1621824846.864241
990460.482262 1819343.415039 1621824847.025297
990463.668693 1819343.601016 1621824847.214359
990505.462983 1819345.7359 1621824849.91482
990509.975931 1819345.941384 1621824850.214245
990524.796502 1819346.417833 1621824851.214437
990529.904745 1819346.490853 1621824851.56436
990562.431231 1819345.88678 1621824853.963532
990566.532492 1819345.855031 1621824854.314673
990579.979902 1819346.161872 1621824855.61423
990583.128257 1819346.323473 1621824855.965206
990591.1476 1819346.772278 1621824857.024946
990597.085052 1819347.157959 1621824858.025438
990598.567903 1819347.26702 1621824858.314559
990604.412096 1819347.704876 1621824860.914533
990604.306414 1819347.698717 1621824860.714412
990604.581052 1819347.647251 1621824862.962975
990604.592728 1819347.631278 1621824863.614532
990604.58665 1819347.63934 1621824863.264183
990604.604323 1819347.622877 1621824865.315004
990604.612942 1819347.624065 1621824866.313871
990604.613803 1819347.623685 1621824866.464206
990605.351166 1819347.65761 1621824869.66489
990606.404919 1819347.737814 1621824870.664131
990606.837861 1819347.770861 1621824871.024515
990608.231761 1819347.872998 1621824872.363017
990607.967996 1819347.851665 1621824872.025254
990608.609718 1819347.906629 1621824873.364128
990608.785402 1819347.915787 1621824875.714171
990608.794482 1819347.914681 1621824876.566348
990608.782584 1819347.922735 1621824877.963123
990608.78228 1819347.919228 1621824878.264077
990608.784219 1819347.912683 1621824878.61393
990608.79268 1819347.879864 1621824880.964168
990608.796676 1819347.878698 1621824881.964262
990608.797446 1819347.877503 1621824882.313873
990608.811102 1819347.876598 1621824882.963473
990609.863913 1819347.951629 1621824884.664276
990611.170972 1819348.042478 1621824885.363034
990615.694439 1819348.275702 1621824886.666521
990618.628388 1819347.991038 1621824887.365201
990620.092713 1819347.586973 1621824887.714878
990621.516376 1819346.967931 1621824888.064361
990625.292455 1819343.587293 1621824889.0644
990628.15497 1819326.001332 1621824891.614218
990627.908302 1819316.557138 1621824892.614425
990627.771386 1819305.99507 1621824893.614077
990627.653189 1819294.431794 1621824894.615148
990627.643497 1819278.044599 1621824895.914626
990627.603193 1819264.956481 1621824896.914637
990627.574733 1819251.59413 1621824897.914486
990627.545866 1819238.152193 1621824898.914594
990627.563692 1819248.908969 1621824898.114372
990627.411859 1819215.224551 1621824900.614362
990627.332784 1819197.456392 1621824901.914486
990627.276836 1819182.944144 1621824902.963207
990627.247506 1819178.087061 1621824903.314849
990627.164876 1819169.064508 1621824903.96312
990626.984925 1819150.523896 1621824905.314603
990626.880334 1819132.461672 1621824906.664051
990626.820867 1819123.762571 1621824907.315371
990626.719545 1819109.607536 1621824908.364023
990626.531014 1819091.095038 1621824909.714574
990626.576186 1819095.926408 1621824909.364058
990626.469909 1819086.944912 1621824910.025417
990626.314 1819067.365182 1621824911.414117
990626.239292 1819040.946846 1621824913.263675
990626.180924 1819021.22557 1621824914.613507
990626.051957 1819001.201826 1621824915.963164
990625.906636 1818986.218086 1621824916.964137
990625.825097 1818975.733146 1621824917.66437
990625.771969 1818965.332904 1621824918.364335
990625.789474 1818970.516733 1621824918.025507
990625.705809 1818950.612802 1621824919.363283
990625.576259 1818921.670271 1621824921.364409
990625.611358 1818926.681445 1621824921.025975
990625.510381 1818892.437707 1621824923.364348
990625.422986 1818880.441416 1621824924.163197
990625.045664 1818854.06693 1621824925.864109
990624.646024 1818835.627487 1621824927.024724
990624.107428 1818808.80579 1621824928.664345
990623.009355 1818775.025694 1621824930.714677
990622.338958 1818758.430735 1621824931.714246
990622.107214 1818752.637665 1621824932.064524
990621.672088 1818741.906095 1621824932.714301
990621.442058 1818736.130792 1621824933.06477
990619.934388 1818702.26875 1621824935.114636
990619.693183 1818697.275824 1621824935.414039
990618.770486 1818677.233818 1621824936.614169
990617.176029 1818642.741332 1621824938.664207
990616.473043 1818625.113188 1621824939.714282
990616.034035 1818613.452444 1621824940.414179
990615.866374 1818608.451243 1621824940.714555
990615.655891 1818602.635181 1621824941.064012
990614.902953 1818585.265635 1621824942.114499
990614.209139 1818549.580078 1621824944.264182
990615.523531 1818509.876955 1621824946.613374
990615.958895 1818503.934519 1621824946.964024
990618.744071 1818475.125146 1621824948.664906
990618.440484 1818477.664318 1621824948.516823
990623.404614 1818438.280988 1621824950.865278
990625.174282 1818424.293483 1621824951.71448
990624.452229 1818430.024302 1621824951.363983
990628.048319 1818402.584026 1621824953.063975
990634.500443 1818328.267608 1621824959.763995
990630.634813 1818320.896955 1621824960.763464
990628.762945 1818318.705554 1621824961.114643
990617.237217 1818311.766698 1621824962.763189
990607.474715 1818309.623903 1621824963.964107
990600.927348 1818309.388268 1621824964.664247
990590.885113 1818309.253055 1621824965.665277
990576.538648 1818308.64411 1621824966.963028
990568.243736 1818307.972826 1621824967.665068
990560.244936 1818307.281786 1621824968.314226
990551.368885 1818306.628689 1621824969.024861
990549.436501 1818306.507551 1621824969.164246
990515.183736 1818305.012039 1621824971.714363
990510.36197 1818304.821491 1621824972.065062
990487.286978 1818304.020385 1621824973.763645
990471.539177 1818303.535603 1621824974.963032
990467.670692 1818303.45597 1621824975.264432
990463.193991 1818303.391598 1621824975.614214
990437.607274 1818303.455216 1621824977.66428
990429.767527 1818303.492855 1621824978.315324
990427.976834 1818303.493822 1621824978.465153
990397.307882 1818303.698686 1621824981.514826
990382.622232 1818303.787912 1621824984.714329
990381.35324 1818303.810032 1621824985.36399
990380.88747 1818303.817088 1621824985.714349
990380.321177 1818303.806929 1621824987.364114
990380.326015 1818303.79902 1621824988.363169
990380.277318 1818303.798343 1621824988.71447
990378.944103 1818303.802362 1621824989.7143
990371.628218 1818303.843174 1621824991.413735
990373.483509 1818303.839336 1621824991.063864
990355.233369 1818303.893584 1621824993.763177
990346.517995 1818303.918243 1621824994.763313
990340.337319 1818303.948938 1621824995.414191
990330.331301 1818303.971759 1621824996.414235
990323.054347 1818303.986532 1621824997.113483
990319.858637 1818303.997596 1621824997.413395
990301.025535 1818303.959238 1621824999.114305
990285.764736 1818303.832118 1621825000.414109
990289.35768 1818303.846041 1621825000.114443
990277.199691 1818303.78059 1621825001.11441
990257.321417 1818303.733836 1621825002.66396
990229.834249 1818304.14635 1621825004.664045
990215.20278 1818304.262242 1621825005.663978
990219.658467 1818304.236953 1621825005.363004
990188.853229 1818304.235727 1621825007.363976
990177.508019 1818304.314002 1621825008.06405
990160.953063 1818304.433669 1621825009.063976
990152.517711 1818304.488015 1621825009.563208
990125.629863 1818304.618241 1621825011.114733
990101.279061 1818304.64942 1621825012.463922
990089.236649 1818304.6756 1621825013.114604
990082.66838 1818304.68911 1621825013.46634
990056.802211 1818304.779963 1621825014.814373
990020.20023 1818304.843511 1621825016.6637
990026.214705 1818304.861189 1621825016.363999
989978.394445 1818303.84505 1621825018.714332
989957.67183 1818303.375776 1621825019.71456
989964.947624 1818303.51784 1621825019.363907
989914.539366 1818302.93683 1621825021.763241
989929.362754 1818302.999947 1621825021.064262
989908.161978 1818302.936808 1621825022.064326
989886.860269 1818302.869014 1621825023.064172
989828.085581 1818302.712455 1621825025.814166
989843.069468 1818302.713745 1621825025.114557
989821.667371 1818302.737612 1621825026.114344
989766.988777 1818303.006558 1621825028.664091
989777.752074 1818302.963916 1621825028.164042
989731.402088 1818303.011973 1621825030.314423
989701.207339 1818302.895115 1621825031.714523
989708.757342 1818302.901628 1621825031.363442
989676.402477 1818302.927505 1621825032.864067
989643.948015 1818303.012185 1621825034.364347
989571.0734 1818304.022275 1621825037.714291
989533.779607 1818304.163386 1621825039.414182
989519.461645 1818304.133881 1621825040.06488
989482.944187 1818304.071507 1621825041.71343
989489.605568 1818304.082046 1621825041.41327
989452.858792 1818304.113715 1621825043.063711
989422.383514 1818304.24567 1621825044.413512
989415.526897 1818304.284225 1621825044.71399
989376.379757 1818304.538523 1621825046.415128
989345.195878 1818304.70955 1621825047.763461
989353.271535 1818304.664657 1621825047.413386
989314.172298 1818304.958273 1621825049.114374
989299.356795 1818305.104663 1621825049.763987
989261.041435 1818305.454287 1621825051.463724
989246.5413 1818305.504649 1621825052.113485
989238.774857 1818305.54052 1621825052.46424
989183.807153 1818305.828412 1621825054.964094
989172.952797 1818305.883163 1621825055.464061
989157.836966 1818305.985614 1621825056.164128
989130.099718 1818306.052878 1621825057.463963
989100.597457 1818306.046749 1621825058.813913
989108.425232 1818306.067443 1621825058.464359
989092.973345 1818306.060042 1621825059.16321
989055.033961 1818306.376368 1621825061.024604
989027.771483 1818306.752961 1621825062.366439
989000.590348 1818307.776667 1621825063.713858
988993.572686 1818308.084947 1621825064.06427
988960.798108 1818309.320167 1621825065.714441
988953.900907 1818309.502498 1621825066.066397
988934.329295 1818309.93101 1621825067.064099
988928.517836 1818310.052626 1621825067.363108
988915.048573 1818310.309945 1621825068.063836
988845.177068 1818312.617429 1621825071.764147
988833.171121 1818313.043115 1621825072.413875
988839.629469 1818312.818549 1621825072.064844
988795.629943 1818314.00359 1621825074.464147
988802.01409 1818313.89362 1621825074.114622
988758.36759 1818314.234894 1621825076.515178
988734.492523 1818314.409598 1621825077.813951
988715.891861 1818314.555716 1621825078.814008
988728.007687 1818314.461007 1621825078.163426
988709.32818 1818314.632943 1621825079.163757
988667.474205 1818315.514619 1621825081.363089
988653.930356 1818316.043369 1621825082.066265
988634.595988 1818317.078279 1621825083.06409
988609.289526 1818319.238433 1621825084.413841
988597.20028 1818320.87424 1621825085.114218
988586.178299 1818322.896927 1621825085.813646
988581.791141 1818323.846702 1621825086.11349
988568.522507 1818327.328721 1621825087.114065
988548.448602 1818334.548858 1621825089.164301
988546.090217 1818335.597547 1621825089.51526
988540.364072 1818338.306065 1621825090.714122
988537.615736 1818339.704895 1621825092.414771
988537.530331 1818339.740912 1621825093.764251
988537.529586 1818339.744722 1621825094.763891
988537.537539 1818339.758466 1621825095.764073
988537.540488 1818339.763302 1621825096.11387
988537.539212 1818339.762196 1621825096.414119
988537.541245 1818339.76038 1621825098.463771
988537.51248 1818339.762342 1621825099.464711
988537.491933 1818339.757286 1621825100.163905
988537.492095 1818339.758771 1621825100.515137
988537.494108 1818339.760483 1621825101.163893
988537.491756 1818339.765945 1621825103.762994
988537.487949 1818339.76976 1621825104.762913
988537.485682 1818339.771525 1621825105.11424
988537.483179 1818339.771241 1621825105.814101
988537.489644 1818339.769448 1621825106.464099
988537.488775 1818339.772023 1621825108.163183
988537.489554 1818339.770865 1621825109.164178
988537.483043 1818339.775921 1621825110.165121
988537.484299 1818339.774841 1621825110.515236
988537.484747 1818339.775619 1621825112.213936
988537.492343 1818339.772798 1621825113.41404
988537.499861 1818339.771537 1621825114.064125
988537.491461 1818339.777452 1621825115.413886
988537.492858 1818339.777146 1621825116.76406
988537.489447 1818339.780002 1621825117.763739
988537.488461 1818339.780333 1621825118.464962
988537.491519 1818339.780603 1621825119.813721
988537.492657 1818339.780787 1621825120.114254
988537.503091 1818339.773855 1621825121.813736
988537.500971 1818339.775007 1621825121.514755
988537.502515 1818339.775466 1621825123.162991
988537.503638 1818339.774818 1621825123.515028
988537.502242 1818339.775595 1621825124.863876
988537.501588 1818339.775841 1621825125.213825
988537.501885 1818339.776007 1621825126.564093
988537.503147 1818339.776665 1621825127.213835
988537.507295 1818339.776108 1621825128.212823
988537.506071 1818339.776253 1621825130.564487
988537.509545 1818339.775575 1621825131.213954
988537.511006 1818339.77714 1621825132.713926
988537.499414 1818339.780178 1621825134.714143
988537.503168 1818339.778548 1621825134.21399
988537.504447 1818339.778165 1621825136.764495
988537.505034 1818339.778229 1621825137.114018
988537.507699 1818339.777403 1621825138.764219
988537.507219 1818339.778753 1621825139.114006
988537.500241 1818339.781416 1621825139.763776
988537.501416 1818339.780253 1621825142.613733
988537.501446 1818339.780194 1621825143.464713
988537.504484 1818339.779238 1621825144.863953
988537.505876 1818339.778572 1621825145.025237
988537.503793 1818339.779787 1621825146.163291
988537.505714 1818339.776019 1621825147.213899
988537.504997 1818339.776791 1621825147.563931
988537.505182 1818339.777178 1621825148.714119
988537.504398 1818339.776684 1621825150.763873
988537.503942 1818339.776298 1621825151.114056
988537.502402 1818339.779135 1621825152.463789
988537.501332 1818339.780491 1621825152.114142
988537.496653 1818339.781804 1621825156.812924
988537.498806 1818339.780767 1621825157.463995
988537.50266 1818339.779015 1621825157.813964
988537.503055 1818339.777715 1621825161.163635
988537.502224 1818339.778848 1621825162.163807
988537.501429 1818339.778301 1621825163.515029
988537.503095 1818339.777149 1621825163.164025
988537.499701 1818339.779908 1621825164.025924
988537.502481 1818339.775839 1621825168.563571
988537.502069 1818339.776105 1621825168.714045
988537.500306 1818339.777008 1621825173.613902
988537.501442 1818339.77639 1621825173.763139
988537.503129 1818339.775043 1621825176.813964
988537.503231 1818339.775373 1621825177.463717
988537.503602 1818339.774726 1621825177.114813
988537.500716 1818339.776021 1621825179.514652
988537.504114 1818339.774905 1621825180.163406
988537.502277 1818339.776879 1621825181.163527
988537.501446 1818339.777253 1621825181.313915
988537.490087 1818339.772093 1621825184.515238
988537.483758 1818339.767421 1621825184.864198
988537.481183 1818339.765037 1621825185.21373
988537.482853 1818339.766452 1621825187.214097
988537.483252 1818339.766671 1621825188.412725
988537.48264 1818339.767018 1621825188.763901
988537.482643 1818339.767177 1621825189.11424
988537.485165 1818339.767237 1621825191.162841
988537.48557 1818339.764787 1621825192.863938
988537.483403 1818339.766071 1621825192.515311
988537.485013 1818339.766022 1621825194.863736
988537.485572 1818339.764934 1621825195.563768
988537.482912 1818339.766108 1621825195.714315
988536.631476 1818340.214996 1621825197.263835
988534.250254 1818341.476495 1621825198.464031
988530.965243 1818343.256812 1621825199.463891
988532.254952 1818342.547553 1621825199.113887
988520.954877 1818348.796149 1621825201.463947
988511.637948 1818354.437147 1621825202.863985
988506.898439 1818357.464164 1621825203.515546
988509.465092 1818355.820852 1621825203.163728
988496.758359 1818364.325541 1621825204.863637
988491.602695 1818368.259241 1621825205.564234
988479.673675 1818379.222169 1621825207.263757
988471.392871 1818388.015503 1621825208.463634
988464.337089 1818395.753931 1621825209.463771
988459.694858 1818400.966059 1621825210.11406
988447.253638 1818415.288025 1621825211.813971
988442.306468 1818421.122055 1621825212.463781
988431.33124 1818434.301269 1621825213.863752
988426.153885 1818440.63447 1621825214.514812
988428.942902 1818437.213354 1621825214.164706
988409.937655 1818460.782127 1621825216.51497
988404.015012 1818467.917154 1621825217.212585
988394.110204 1818479.789488 1621825218.362788
988375.57787 1818501.97355 1621825220.515438
988365.571497 1818514.046215 1621825221.713856
988359.006663 1818521.985876 1621825222.514846
988353.327715 1818528.873348 1621825223.213929
988342.559061 1818542.009457 1621825224.563917
988337.651568 1818548.06665 1621825225.214299
988332.808268 1818554.117122 1621825225.914103
988330.867332 1818556.560324 1621825226.214036
988325.181296 1818564.14871 1621825227.214055
988318.575269 1818578.539242 1621825229.264011
988318.453789 1818585.333813 1621825230.263905
988318.957327 1818587.688802 1621825230.614547
988328.780598 1818602.776441 1621825232.814166
988333.788835 1818607.780706 1621825233.515515
988344.529768 1818617.265492 1621825234.813949
988354.242255 1818625.215566 1621825235.863833
988357.568867 1818628.003703 1621825236.214905
988374.126094 1818642.053646 1621825237.913991
988384.072474 1818650.550771 1621825238.913998
988387.58424 1818653.553356 1621825239.263862
988397.720951 1818662.159422 1621825240.263893
988414.673871 1818676.45025 1621825241.914212
988418.353921 1818679.415941 1621825242.263969
988419.943206 1818680.678169 1621825242.414049
988446.496082 1818701.482893 1621825244.914206
988453.840197 1818707.36378 1621825245.613724
988467.684173 1818718.925319 1621825246.963141
988460.555087 1818712.912105 1621825246.263915
988483.992167 1818732.638443 1621825248.614749
988493.500659 1818740.560559 1621825249.613911
988499.548451 1818745.548309 1621825250.264122
988514.760491 1818758.010467 1621825251.965161
988511.69719 1818755.51521 1621825251.614019
988525.483312 1818766.802099 1621825253.26478
988528.108507 1818768.953554 1621825253.613824
988537.047697 1818776.249077 1621825254.963922
988544.722778 1818782.647408 1621825256.463983
988545.588671 1818783.365279 1621825256.664179
988552.281401 1818788.61228 1621825258.812956
988553.978086 1818790.051039 1621825260.864506
988553.975116 1818790.049449 1621825261.213846
988553.996501 1818790.047604 1621825262.213779
988554.122573 1818789.931075 1621825263.514822
988554.205231 1818789.861135 1621825264.563027
988554.182228 1818789.881348 1621825264.213769
988554.273211 1818789.802945 1621825267.913814
988554.373929 1818789.714174 1621825268.913904
988554.393085 1818789.690237 1621825269.613725
988554.404172 1818789.680808 1621825270.264757
988554.412042 1818789.676371 1621825270.613742
988554.424805 1818789.662249 1621825271.613085
988554.427648 1818789.654235 1621825273.313811
988554.567324 1818789.769757 1621825274.814788
988555.351671 1818790.399046 1621825275.663955
988555.149628 1818790.237441 1621825275.514614
988580.754134 1818811.207541 1621825280.864638
988585.964599 1818815.500951 1621825281.516673
988595.04264 1818822.980182 1621825282.563554
988591.910469 1818820.407748 1621825282.213682
988617.735756 1818841.69403 1621825284.863013
988621.40292 1818844.771206 1621825285.21424
988632.220458 1818853.824065 1621825286.214931
988651.118578 1818869.439095 1621825287.864206
988663.026891 1818879.176742 1621825288.864166
988659.429975 1818876.241344 1621825288.562791
988679.309495 1818892.62304 1621825290.214161
988699.478916 1818909.205305 1621825291.863635
988711.703817 1818919.395146 1621825292.863535
988715.989114 1818922.964339 1621825293.213914
988732.568971 1818936.722245 1621825294.563947
988748.582111 1818950.01685 1621825295.863752
988757.21368 1818957.146516 1621825296.563811
988765.774138 1818964.225048 1621825297.263763
988769.399939 1818967.230528 1621825297.564808
988786.052782 1818981.063356 1621825298.963954
988797.748087 1818990.758001 1621825299.963612
988817.402593 1819007.079603 1621825301.663827
988827.028836 1819015.035834 1621825302.515761
988838.728427 1819024.570034 1621825303.562647
988852.874083 1819035.888788 1621825304.863751
988856.618112 1819038.860868 1621825305.213916
988870.757078 1819050.020893 1621825306.563935
988881.184703 1819058.277574 1621825307.562871
988884.88802 1819061.172373 1621825307.913851
988899.016959 1819071.849636 1621825309.213628
988901.264085 1819073.475547 1621825309.412781
988936.004611 1819097.19447 1621825312.263669
988950.055405 1819106.447596 1621825313.314579
988954.148345 1819109.149317 1621825313.614691
988968.698458 1819118.738136 1621825314.663584
988977.760637 1819124.776467 1621825315.313857
988997.621388 1819137.928762 1621825316.714652
989029.811577 1819159.08268 1621825318.914652
989034.254288 1819162.016218 1621825319.212932
989039.455012 1819165.439168 1621825319.564133
989074.588492 1819188.898687 1621825321.913973
989090.339094 1819199.493771 1621825322.964091
989095.600547 1819203.025127 1621825323.313721
989118.112622 1819218.178068 1621825324.813942
989121.109288 1819220.190374 1621825325.025371
989125.589671 1819223.208655 1621825325.314524
989150.951278 1819240.089999 1621825327.025068
989176.077318 1819256.799763 1621825328.714897
989185.514951 1819263.121045 1621825329.363864
989199.919027 1819272.793879 1621825330.363913
989209.229058 1819279.053165 1621825331.024151
989223.379383 1819288.585471 1621825332.026438
989248.927534 1819305.548759 1621825333.863724
989240.008632 1819299.71456 1621825333.214897
989267.7322 1819317.110959 1621825335.214033
989291.281216 1819330.960743 1621825336.91349
989299.968466 1819336.243335 1621825337.563762
989328.238009 1819353.320015 1621825339.76406
989318.89127 1819347.737937 1621825339.02514
989344.483813 1819362.439409 1621825341.313528
989352.676907 1819366.303837 1621825342.313566
989363.551787 1819368.465383 1621825343.964093
989361.845748 1819368.464966 1621825343.663083
989370.404128 1819366.522812 1621825345.663724
989369.402627 1819367.097666 1621825345.313496
989374.010765 1819362.629167 1621825347.663402
989374.518989 1819361.661428 1621825347.963705
989376.063607 1819356.770841 1621825349.0252
989376.415622 1819352.432732 1621825349.664848
989376.443406 1819349.709053 1621825350.02433
989376.040807 1819322.513233 1621825352.713699
989376.133813 1819326.500023 1621825352.363942
989375.946605 1819318.435988 1621825353.063581
989375.642253 1819285.032905 1621825355.713566
989375.590734 1819293.539886 1621825355.063691
989375.544689 1819264.755527 1621825357.213461
989375.469985 1819259.878082 1621825357.564348
989375.068706 1819236.272055 1621825359.213471
989374.688501 1819215.548791 1621825360.612906
989374.606643 1819211.031541 1621825360.913747
989374.225266 1819179.887789 1621825362.963823
989374.269973 1819185.21875 1621825362.613594
989374.007346 1819153.789705 1621825364.663869
989374.053467 1819159.185119 1621825364.313607
989373.918818 1819142.96983 1621825365.364086
989373.830652 1819132.8957 1621825366.024371
989373.226042 1819095.741085 1621825368.413844
989373.192004 1819093.456392 1621825368.56367
989364.639176 1818999.347006 1621825378.613734
989363.957266 1818999.038937 1621825378.763987
989341.5167 1818993.289628 1621825381.963753
989338.460316 1818992.560127 1621825382.313592
989329.243583 1818990.170288 1621825383.313744
989315.933538 1818986.258878 1621825384.663507
989302.065937 1818981.832418 1621825385.962876
989294.044477 1818979.25054 1621825386.663928
989298.104844 1818980.561837 1621825386.314732
989253.69869 1818965.533538 1621825389.863507
989251.697622 1818964.837941 1621825390.025599
989247.005253 1818963.227679 1621825390.363808
989223.319525 1818955.47697 1621825392.063816
989195.832494 1818946.494891 1621825393.914054
989180.430156 1818941.245507 1621825394.914039
989170.345659 1818937.662411 1621825395.563694
989175.006522 1818939.329146 1621825395.263768
989132.855519 1818922.502704 1621825397.964145
989116.96654 1818915.082564 1621825398.963129
989112.110813 1818912.781225 1621825399.263659
989084.084999 1818898.938792 1621825400.962671
989094.881001 1818904.395575 1621825400.313526
989061.470894 1818886.987057 1621825402.313596
988992.718434 1818845.751261 1621825406.364081
988986.756148 1818841.923886 1621825406.713546
988974.893633 1818834.209185 1621825407.412867
988963.921504 1818827.050115 1621825408.064078
988946.437663 1818815.442828 1621825409.113661
988902.402866 1818782.827042 1621825411.963679
988893.207216 1818775.208987 1621825412.613578
988879.174923 1818763.014961 1621825413.663438
988871.10392 1818755.638474 1621825414.313644
988846.251914 1818731.067939 1621825416.713727
988849.455494 1818734.330757 1621825416.363664
988843.626419 1818728.39235 1621825417.024667
988831.151205 1818715.314346 1621825418.714243
988820.255477 1818703.740836 1621825420.914478
988817.072306 1818700.377473 1621825421.913696
988819.003344 1818702.423263 1621825421.263523
988816.257167 1818699.500759 1621825422.263503
988814.622009 1818697.772792 1621825423.314799
988813.970082 1818697.009728 1621825425.963718
988813.460969 1818696.542943 1621825426.962764
988812.8743 1818695.897541 1621825427.366379
988809.262216 1818691.993553 1621825428.663579
988806.451929 1818689.016962 1621825429.363629
988803.35082 1818685.744503 1621825430.024513
988801.415421 1818683.696049 1621825430.363273
988797.055858 1818679.075554 1621825431.063513
988776.977037 1818657.712273 1621825433.663582
988781.585781 1818662.681096 1621825433.113377
988765.013374 1818644.901391 1621825435.024858
988748.892799 1818627.706995 1621825436.713395
988745.466549 1818624.025172 1621825437.063722
988735.485582 1818613.246895 1621825438.063758
988722.188213 1818599.009811 1621825439.363449
988725.280058 1818602.326316 1621825439.063702
988697.258562 1818572.124929 1621825441.764629
988686.642488 1818560.808004 1621825442.763829
988673.565641 1818546.994538 1621825443.966778
988670.262985 1818543.501444 1621825444.266346
988654.696202 1818527.029928 1621825445.663594
988647.399668 1818519.318535 1621825446.313646
988628.589356 1818499.743683 1621825447.963743
988620.576214 1818491.419912 1621825448.662928
988624.583059 1818495.583268 1621825448.31338
988595.523766 1818466.562465 1621825450.813517
988584.917279 1818456.755749 1621825451.713903
988577.327506 1818449.867528 1621825452.363571
988565.898253 1818439.462659 1621825453.36401
988558.14616 1818432.236972 1621825454.063777
988540.320238 1818414.742641 1621825455.76383
988547.493974 1818421.916572 1621825455.063737
988519.811355 1818394.676805 1621825458.024545
988527.405223 1818401.920895 1621825457.113565
988509.942033 1818386.469667 1621825459.364141
988505.398473 1818383.645022 1621825460.02546
988502.919953 1818382.441017 1621825460.363605
988497.811473 1818380.791003 1621825461.063581
988490.071393 1818380.190177 1621825462.063614
988482.121297 1818381.990809 1621825463.063701
988472.026466 1818388.536931 1621825464.412455
988457.490955 1818403.682366 1621825466.412505
988447.992187 1818414.849051 1621825467.613748
988443.829859 1818419.82075 1621825468.114417
988430.923019 1818435.479054 1621825469.613345
988423.282837 1818444.780688 1621825470.46381
988410.791675 1818460.035499 1621825471.813453
988402.77176 1818469.822107 1621825472.663157
988395.150521 1818479.107767 1621825473.463423
988383.63794 1818493.066909 1621825474.663399
988380.301508 1818497.099093 1621825475.024053
988374.17595 1818504.538772 1621825475.663675
988361.787893 1818519.65315 1621825477.024199
988352.603025 1818530.900361 1621825478.063537
988350.88972 1818532.982752 1621825478.263894
988333.577707 1818553.956592 1621825480.463614
988329.227089 1818559.383744 1621825481.113743
988327.096399 1818562.173353 1621825481.463527
988323.606137 1818567.171706 1621825482.113802
988318.781074 1818583.634809 1621825484.313788
988322.279632 1818593.13546 1621825485.663526
988326.021506 1818597.604166 1621825486.363578
988332.611427 1818603.806792 1621825487.362644
988342.213199 1818612.028595 1621825488.71369
988344.781555 1818614.203099 1621825489.063766
988349.603433 1818618.268517 1621825489.713402
988365.084672 1818632.082251 1621825491.763766
988367.463626 1818634.259194 1621825492.063602
988373.205097 1818639.476742 1621825492.763146
988375.757876 1818641.771886 1621825493.063719
988413.183029 1818673.978884 1621825496.964775
988404.999245 1818667.0981 1621825496.163688
988427.419607 1818685.577007 1621825498.313473
988434.425125 1818691.22424 1621825498.963613
988449.117606 1818703.265098 1621825500.313473
988467.453638 1818718.180481 1621825501.966483
988479.303365 1818727.720371 1621825503.023925
988482.684466 1818730.45191 1621825503.313694
988497.886682 1818742.937012 1621825504.663667
