353601.331915 4025980.678667 1621824615.86444
353603.380433 4025982.348959 1621824616.164627
353615.499631 4025992.010551 1621824617.864534
353612.940395 4025989.980394 1621824617.515787
353628.249944 4026002.070372 1621824619.51529
353625.469764 4025999.885212 1621824619.164528
353641.890233 4026012.828784 1621824621.164549
353653.723602 4026022.162538 1621824622.515822
353665.963392 4026031.854446 1621824623.866304
353668.737806 4026034.034127 1621824624.165394
353675.253425 4026039.204237 1621824624.864312
353678.536299 4026041.817697 1621824625.214676
353691.774913 4026052.338549 1621824626.614692
353722.508964 4026076.837958 1621824629.915027
353725.594429 4026079.297773 1621824630.264632
353735.051337 4026086.800257 1621824631.364429
353743.549197 4026093.54987 1621824632.364518
353755.029757 4026103.323432 1621824633.714943
353760.85105 4026108.372656 1621824634.36465
353757.686201 4026105.626941 1621824634.026204
353794.733048 4026137.408191 1621824637.764373
353801.777237 4026143.237611 1621824638.415553
353797.958792 4026140.080137 1621824638.064461
353821.547525 4026159.125509 1621824640.114893
353843.762722 4026177.06783 1621824641.864773
353848.419065 4026180.738015 1621824642.214599
353857.871947 4026188.20867 1621824642.913918
353878.138613 4026204.209622 1621824644.3637
353893.427603 4026216.171469 1621824645.41469
353898.620509 4026220.251621 1621824645.763467
353929.440635 4026244.999666 1621824647.815414
353944.652793 4026257.343532 1621824648.814633
353939.304058 4026253.023337 1621824648.464953
353955.431637 4026265.954315 1621824649.516561
353992.924678 4026295.74619 1621824651.915043
354003.97053 4026304.560219 1621824652.614367
353998.442309 4026300.150643 1621824652.264463
354031.738116 4026326.741187 1621824654.364319
354031.738116 4026326.741187 1621824654.364319
354085.322298 4026369.632092 1621824657.71571
354096.54891 4026378.566671 1621824658.413725
354113.496292 4026391.799927 1621824659.464659
354135.577177 4026408.294757 1621824660.814476
354152.292103 4026419.868481 1621824661.814346
354169.245623 4026431.034117 1621824662.814517
354181.10433 4026438.796423 1621824663.515698
354192.104975 4026445.944182 1621824664.164526
354237.567949 4026475.287458 1621824666.864568
354253.412569 4026485.500458 1621824667.814513
354269.999919 4026496.153661 1621824668.814398
354281.556104 4026503.562103 1621824669.515593
354286.483009 4026506.730193 1621824669.814503
354304.516382 4026518.261847 1621824670.914791
354331.305556 4026535.478423 1621824672.563476
354336.940934 4026539.130988 1621824672.914915
354369.361028 4026560.039689 1621824674.965255
354380.102172 4026566.987792 1621824675.664678
354390.709518 4026573.862894 1621824676.364441
354406.517553 4026584.108266 1621824677.41474
354416.212902 4026590.414032 1621824678.064425
354421.393282 4026593.773678 1621824678.414516
354441.033847 4026606.482608 1621824679.763333
354460.125649 4026618.699783 1621824681.114948
354482.590932 4026633.021898 1621824682.7647
354495.896721 4026641.467996 1621824683.814938
354491.5648 4026638.714538 1621824683.464528
354508.260283 4026649.31618 1621824684.864366
354528.909967 4026662.549515 1621824686.864658
354537.789308 4026668.221402 1621824687.864385
354545.455784 4026673.103083 1621824688.865572
354547.850159 4026674.633592 1621824689.214591
354553.860058 4026678.46384 1621824690.214454
354561.719643 4026683.536109 1621824691.914803
354558.803728 4026681.625134 1621824691.214399
354562.833957 4026684.280704 1621824692.214789
354567.415223 4026687.329515 1621824693.914566
354568.8556 4026688.294383 1621824695.264549
354569.000792 4026688.408573 1621824696.914871
354569.005088 4026688.404162 1621824696.264492
354569.003821 4026688.398933 1621824698.965455
354568.998344 4026688.403752 1621824699.314682
354568.971048 4026688.423323 1621824700.414392
354568.951967 4026688.433819 1621824701.464326
354568.931027 4026688.456634 1621824702.86443
354568.902837 4026688.490069 1621824703.515917
354568.87768 4026688.521951 1621824704.865336
354568.875511 4026688.524175 1621824705.564655
354568.867404 4026688.52668 1621824707.914648
354568.863828 4026688.530603 1621824708.564191
354568.856786 4026688.537634 1621824709.563755
354568.852579 4026688.548767 1621824710.914618
354568.850672 4026688.55041 1621824711.214579
354568.846711 4026688.551503 1621824711.614524
354568.81985 4026688.572767 1621824715.664297
354568.816291 4026688.574438 1621824716.314591
354568.814154 4026688.579236 1621824717.664375
354568.814692 4026688.578302 1621824717.315052
354568.8127 4026688.583354 1621824718.963182
354568.810272 4026688.586385 1621824720.664496
354568.810361 4026688.586922 1621824720.964555
354568.808862 4026688.585693 1621824722.314597
354568.809421 4026688.590413 1621824723.963466
354568.809012 4026688.590543 1621824724.31472
354568.809133 4026688.592598 1621824725.664341
354568.809177 4026688.594522 1621824726.313679
354568.808457 4026688.595445 1621824726.664257
354568.810113 4026688.599509 1621824728.763352
354568.811209 4026688.600673 1621824729.114664
354568.814643 4026688.604181 1621824730.164456
354568.814376 4026688.603666 1621824731.864446
354568.817022 4026688.603869 1621824732.515643
354568.818795 4026688.603915 1621824733.26427
354568.81864 4026688.603813 1621824733.614404
354568.816249 4026688.602232 1621824734.265344
354568.825697 4026688.604492 1621824736.664309
354568.825053 4026688.60462 1621824736.363544
354568.831851 4026688.604527 1621824739.763469
354568.832075 4026688.604129 1621824740.11464
354568.833439 4026688.604926 1621824740.414315
354596.656156 4026706.175975 1621824751.864633
354602.947101 4026709.771202 1621824752.864286
354607.41294 4026712.030746 1621824753.515103
354604.963256 4026710.822426 1621824753.164935
354612.271283 4026714.165792 1621824754.164237
354643.795365 4026721.185824 1621824757.564264
354650.781681 4026721.303617 1621824758.214688
354654.667464 4026721.181999 1621824758.563634
354675.109575 4026718.474501 1621824760.314959
354675.109575 4026718.474501 1621824760.314959
354772.012004 4026697.265062 1621824767.363502
354777.163307 4026696.143291 1621824767.714823
354807.056466 4026689.351196 1621824769.765241
354807.056466 4026689.351196 1621824769.765241
354836.922741 4026682.271655 1621824771.814611
354846.286044 4026680.118891 1621824772.464144
354861.244648 4026676.869452 1621824773.516366
354855.562699 4026678.040331 1621824773.114559
354907.862839 4026670.900608 1621824776.865206
354912.602195 4026670.582541 1621824777.215148
354939.122119 4026669.280168 1621824779.21529
354952.644608 4026668.887086 1621824780.264349
354972.027797 4026668.346046 1621824781.963363
354975.437581 4026668.228526 1621824782.314673
354972.52434 4026668.336462 1621824782.026672
354993.126852 4026667.609553 1621824784.6642
354994.960043 4026667.553241 1621824785.025718
354997.808341 4026667.477707 1621824785.664282
355003.307471 4026667.34526 1621824787.714617
355004.0578 4026667.323067 1621824788.363502
355004.527498 4026667.307557 1621824789.364486
355004.521924 4026667.297354 1621824790.025885
355004.52222 4026667.283126 1621824791.025747
355004.520558 4026667.279472 1621824791.363296
355004.517584 4026667.262749 1621824793.114528
355004.613052 4026667.258248 1621824794.114623
355005.477273 4026667.235418 1621824795.414147
355006.73781 4026667.213447 1621824796.464531
355009.316441 4026667.169877 1621824797.46388
355012.142845 4026667.107849 1621824798.114774
355020.173468 4026666.921502 1621824799.46419
355028.09667 4026666.756107 1621824800.515979
355033.390259 4026666.691717 1621824801.164294
355032.97393 4026666.697308 1621824801.114548
355058.42023 4026666.247635 1621824803.864445
355062.022113 4026666.196775 1621824804.213619
355081.809276 4026665.739311 1621824805.963366
355089.96572 4026665.570036 1621824806.613933
355098.47386 4026665.370178 1621824807.264372
355103.133596 4026665.254102 1621824807.61447
355130.870238 4026664.623885 1621824809.614379
355140.128563 4026664.450549 1621824810.264326
355160.335637 4026664.067406 1621824811.664144
355169.865554 4026663.869652 1621824812.314587
355180.223809 4026663.618444 1621824813.026507
355185.428117 4026663.505387 1621824813.364354
355210.16431 4026662.923095 1621824815.026733
355235.422538 4026662.363532 1621824816.713569
355230.237158 4026662.458996 1621824816.363212
355246.651508 4026662.120439 1621824817.465178
355272.049462 4026661.487703 1621824819.118404
355282.164625 4026661.244288 1621824819.763366
355309.768387 4026660.673254 1621824821.516001
355325.721463 4026660.342728 1621824822.515183
355320.124214 4026660.459341 1621824822.163288
355461.301431 4026657.681649 1621824830.914627
355471.555043 4026657.579725 1621824831.564192
355492.493539 4026657.434584 1621824832.914712
355487.114015 4026657.462818 1621824832.563246
355512.908428 4026657.340733 1621824834.264314
355533.508747 4026657.324214 1621824835.664297
355542.967664 4026657.405652 1621824836.314374
355548.136874 4026657.466423 1621824836.664489
355558.678779 4026657.619057 1621824837.363632
355569.512758 4026657.762643 1621824838.065391
355627.787328 4026658.731561 1621824841.714887
355632.541604 4026658.818996 1621824842.024779
355709.526781 4026660.673094 1621824846.763247
355714.324793 4026660.876792 1621824847.064265
355715.122862 4026660.911061 1621824847.113385
355757.796606 4026662.44041 1621824849.864747
355762.313175 4026662.577269 1621824850.164447
355777.895834 4026662.845471 1621824851.214437
355782.280145 4026662.842201 1621824851.515052
355815.527103 4026661.729244 1621824853.963532
355819.628393 4026661.633729 1621824854.314673
355833.082286 4026661.731542 1621824855.61423
355836.233554 4026661.844216 1621824855.965206
355844.260896 4026662.168401 1621824857.024946
355850.2051 4026662.461822 1621824858.025438
355851.920549 4026662.560802 1621824858.363375
355857.519009 4026662.89403 1621824860.864007
355857.493913 4026662.89287 1621824860.814342
355857.708278 4026662.836935 1621824862.91462
355857.72109 4026662.818479 1621824863.614532
355857.715137 4026662.826637 1621824863.264183
355857.732556 4026662.809897 1621824865.315004
355857.741194 4026662.810951 1621824866.313871
355857.741194 4026662.810951 1621824866.313871
355858.480034 4026662.833023 1621824869.66489
355859.596246 4026662.900945 1621824870.714402
355859.968679 4026662.923175 1621824871.024515
355861.364344 4026663.003654 1621824872.363017
355861.100214 4026662.986419 1621824872.025254
355861.742872 4026663.031413 1621824873.364128
355861.919149 4026663.038068 1621824875.763982
355861.927205 4026663.036748 1621824876.515506
355861.917063 4026663.044217 1621824877.913574
355861.915652 4026663.041331 1621824878.264077
355861.917489 4026663.034755 1621824878.61393
355861.925441 4026663.0018 1621824880.964168
355861.92942 4026663.000572 1621824881.964262
355861.930171 4026662.999365 1621824882.313873
355861.943815 4026662.998248 1621824882.963473
355863.067972 4026663.060359 1621824884.714447
355864.306564 4026663.12746 1621824885.363034
355869.043774 4026663.283999 1621824886.714379
355871.972761 4026662.912813 1621824887.414334
355873.222358 4026662.533191 1621824887.714878
355874.834172 4026661.780304 1621824888.114591
355878.517541 4026658.219755 1621824889.114616
355880.969045 4026641.253832 1621824891.563215
355880.573417 4026631.880047 1621824892.563594
355880.270087 4026621.368107 1621824893.563264
355879.973429 4026609.855471 1621824894.563304
355879.692936 4026592.864584 1621824895.914626
355879.449149 4026579.775429 1621824896.914637
355879.212945 4026566.411822 1621824897.914486
355878.975098 4026552.968624 1621824898.914594
355879.134653 4026562.383367 1621824898.214066
355878.49798 4026530.718372 1621824900.56334
355878.129309 4026512.270962 1621824901.914486
355877.847739 4026497.757739 1621824902.963207
355877.759055 4026493.594777 1621824903.264223
355877.519987 4026483.878079 1621824903.96312
355877.051773 4026465.337907 1621824905.314603
355876.666368 4026447.275013 1621824906.664051
355876.45792 4026437.907046 1621824907.36381
355876.150263 4026424.42047 1621824908.364023
355875.67391 4026405.908549 1621824909.714574
355875.794196 4026410.739832 1621824909.364058
355875.52736 4026401.062959 1621824910.064832
355875.074639 4026381.473635 1621824911.463927
355874.616134 4026356.482414 1621824913.214121
355874.251053 4026336.769522 1621824914.563503
355873.797312 4026316.011354 1621824915.963164
355873.419039 4026301.027968 1621824916.964137
355873.174493 4026290.542962 1621824917.66437
355872.959678 4026280.142223 1621824918.364335
355873.057772 4026285.326439 1621824918.025507
355872.664676 4026265.421278 1621824919.363283
355872.085179 4026236.47708 1621824921.364409
355872.198185 4026241.488346 1621824921.025975
355871.564857 4026207.241822 1621824923.364348
355871.325096 4026196.755053 1621824924.064347
355870.584563 4026171.244821 1621824925.714561
355869.817254 4026150.437814 1621824927.024724
355868.825339 4026122.80148 1621824928.715905
355867.193761 4026089.025444 1621824930.76315
355866.309858 4026073.267106 1621824931.714246
355865.988031 4026067.476902 1621824932.064524
355865.386027 4026056.750731 1621824932.714301
355865.066191 4026050.978269 1621824933.06477
355862.978441 4026016.305251 1621824935.165312
355862.660318 4026011.317604 1621824935.463968
355861.532491 4025992.95337 1621824936.564049
355859.347898 4025957.643242 1621824938.664207
355858.370799 4025940.023783 1621824939.714282
355857.750474 4025928.368379 1621824940.414179
355857.461927 4025922.537803 1621824940.763407
355857.204132 4025917.555618 1621824941.064012
355856.181098 4025900.195566 1621824942.114499
355854.94051 4025865.352191 1621824944.213972
355855.587691 4025825.637423 1621824946.565056
355855.920477 4025819.687954 1621824946.914088
355858.31065 4025789.981354 1621824948.664906
355858.222738 4025790.830062 1621824948.614022
355862.109499 4025755.560194 1621824950.715606
355863.951552 4025739.043272 1621824951.71448
355863.318486 4025744.786043 1621824951.363983
355866.578332 4025716.513536 1621824953.114382
355871.642431 4025642.459752 1621824959.814208
355867.548298 4025635.226302 1621824960.814499
355865.605851 4025633.09699 1621824961.163105
355853.847265 4025626.506391 1621824962.814494
355844.888216 4025624.676354 1621824963.914846
355838.398335 4025624.500942 1621824964.614202
355828.392236 4025624.522515 1621824965.614034
355813.512099 4025624.135154 1621824966.963028
355805.811814 4025623.635922 1621824967.614018
355797.819547 4025623.067749 1621824968.264156
355788.307799 4025622.510703 1621824969.024861
355784.428071 4025622.335646 1621824969.314326
355752.092904 4025621.456292 1621824971.714363
355747.956609 4025621.356411 1621824972.02544
355723.511493 4025620.886034 1621824973.814223
355709.714921 4025620.670065 1621824974.864168
355705.193173 4025620.640236 1621824975.214016
355700.709144 4025620.642087 1621824975.564357
355675.091455 4025621.090408 1621824977.614147
355666.642164 4025621.264585 1621824978.315324
355663.072938 4025621.328042 1621824978.61408
355633.129663 4025621.991611 1621824981.664177
355619.615225 4025622.288366 1621824984.663857
355618.226609 4025622.334333 1621824985.36399
355617.760889 4025622.34863 1621824985.714349
355617.194365 4025622.347272 1621824987.364114
355617.199081 4025622.339286 1621824988.363169
355617.150367 4025622.339366 1621824988.71447
355615.689296 4025622.367011 1621824989.763198
355608.500856 4025622.518641 1621824991.413735
355610.099077 4025622.489439 1621824991.114367
355591.692909 4025622.830741 1621824993.813835
355582.926426 4025622.994149 1621824994.814236
355576.720152 4025623.118838 1621824995.464042
355566.689023 4025623.297728 1621824996.464005
355559.922984 4025623.417028 1621824997.113483
355556.1923 4025623.488144 1621824997.464047
355537.318156 4025623.733968 1621824999.163192
355522.023815 4025623.848414 1621825000.463944
355525.623765 4025623.806863 1621825000.163139
355513.438501 4025623.927966 1621825001.16306
355495.49535 4025624.156564 1621825002.564146
355467.409528 4025625.004771 1621825004.614284
355452.061845 4025625.369172 1621825005.663978
355457.25435 4025625.258126 1621825005.314697
355425.708491 4025625.75222 1621825007.363976
355413.545259 4025626.025987 1621825008.114296
355396.969882 4025626.401261 1621825009.114664
355391.068256 4025626.528136 1621825009.464016
355361.59584 4025627.132137 1621825011.164015
355338.129465 4025627.527183 1621825012.463922
355325.151424 4025627.756504 1621825013.166905
355318.572981 4025627.873182 1621825013.517513
355291.70345 4025628.38466 1621825014.914312
355257.043177 4025628.981556 1621825016.6637
355265.055484 4025628.872974 1621825016.264286
355216.247554 4025628.644038 1621825018.664243
355194.48387 4025628.485547 1621825019.71456
355201.762815 4025628.514538 1621825019.363907
355151.338994 4025628.716979 1621825021.763241
355165.108956 4025628.559916 1621825021.11434
355143.896552 4025628.831663 1621825022.114422
355122.587642 4025629.089173 1621825023.114314
355064.870499 4025629.836379 1621825025.814166
355078.786636 4025629.619811 1621825025.165288
355057.381147 4025629.983827 1621825026.165364
355005.92511 4025631.037222 1621825028.563034
355013.458957 4025630.89172 1621825028.214172
354969.258299 4025631.624398 1621825030.263911
354939.057952 4025631.974933 1621825031.664239
354946.60796 4025631.867346 1621825031.314568
354909.930059 4025632.468832 1621825033.025514
354881.798059 4025632.978222 1621825034.314224
354808.938902 4025635.112809 1621825037.664939
354771.649127 4025635.846389 1621825039.363116
354756.228393 4025636.055129 1621825040.06488
354719.705181 4025636.560362 1621825041.71343
354727.476998 4025636.452626 1621825041.363472
354689.616496 4025637.070212 1621825043.063711
354659.139269 4025637.675882 1621825044.413512
354652.282351 4025637.821019 1621825044.71399
354611.978551 4025638.7076 1621825046.463446
354581.948699 4025639.339603 1621825047.763461
354588.871202 4025639.193677 1621825047.464439
354550.924903 4025640.070579 1621825049.114374
354534.973948 4025640.477069 1621825049.813688
354497.79475 4025641.392508 1621825051.463724
354483.293486 4025641.668262 1621825052.113485
354475.526576 4025641.824857 1621825052.46424
354422.732248 4025642.919884 1621825054.864073
354408.618777 4025643.213848 1621825055.514783
354393.510146 4025643.550792 1621825056.213807
354365.787586 4025644.046788 1621825057.514839
354336.22626 4025644.493882 1621825058.863991
354344.051528 4025644.392654 1621825058.515073
354328.670181 4025644.635405 1621825059.214694
354293.803292 4025645.473278 1621825060.914543
354265.521954 4025646.27289 1621825062.313843
354238.346926 4025647.703288 1621825063.663824
354231.334168 4025648.121626 1621825064.024768
354198.558126 4025649.884208 1621825065.664827
354191.660688 4025650.175254 1621825066.025593
354172.082552 4025650.912326 1621825067.025145
354165.298606 4025651.160109 1621825067.363108
354152.789336 4025651.596245 1621825068.024668
354081.986614 4025655.020682 1621825071.764147
354069.985684 4025655.633042 1621825072.413875
354076.441402 4025655.308059 1621825072.064844
354032.454431 4025657.177177 1621825074.464147
354037.92394 4025656.999815 1621825074.163188
353995.190701 4025657.987709 1621825076.515178
353970.390616 4025658.554623 1621825077.865691
353951.776462 4025658.990724 1621825078.864119
353963.902081 4025658.707175 1621825078.213889
353945.210365 4025659.177131 1621825079.213816
353906.230338 4025660.594452 1621825081.264233
353891.736267 4025661.362544 1621825082.024632
353872.407824 4025662.679134 1621825083.024583
353846.170473 4025665.309156 1621825084.413841
353834.105034 4025667.133095 1621825085.114218
353823.113015 4025669.327377 1621825085.813646
353818.029521 4025670.521759 1621825086.163901
353804.917887 4025674.222819 1621825087.166058
353785.204893 4025681.728942 1621825089.213907
353782.908012 4025682.799377 1621825089.563132
353777.866778 4025685.281408 1621825090.613837
353774.828961 4025686.879754 1621825092.36408
353774.720342 4025686.929798 1621825093.764251
353774.719656 4025686.93362 1621825094.763891
353774.727824 4025686.947242 1621825095.764073
353774.730848 4025686.952033 1621825096.11387
353774.729555 4025686.950947 1621825096.414119
353774.73156 4025686.949099 1621825098.463771
353774.702822 4025686.951508 1621825099.464711
353774.682313 4025686.946918 1621825100.213394
353774.68239 4025686.948464 1621825100.562823
353774.686239 4025686.949261 1621825101.263999
353774.681975 4025686.955548 1621825103.714237
353774.678403 4025686.959309 1621825104.762913
353774.676163 4025686.961109 1621825105.11424
353774.673481 4025686.960863 1621825105.864023
353774.680923 4025686.958739 1621825106.514823
353774.679479 4025686.961358 1621825108.21411
353774.67963 4025686.960727 1621825109.214147
353774.673876 4025686.965298 1621825110.213938
353774.675005 4025686.96424 1621825110.56296
353774.675548 4025686.965094 1621825112.263808
353774.682244 4025686.962384 1621825113.362956
353774.690301 4025686.960634 1621825114.026046
353774.681979 4025686.966901 1621825115.363037
353774.683356 4025686.966712 1621825116.713932
353774.680382 4025686.969337 1621825117.713809
353774.679025 4025686.969986 1621825118.413952
353774.682024 4025686.969949 1621825119.762935
353774.683283 4025686.970264 1621825120.114254
353774.69361 4025686.963169 1621825121.813736
353774.691508 4025686.964354 1621825121.514755
353774.693059 4025686.964789 1621825123.162991
353774.694172 4025686.964123 1621825123.515028
353774.692633 4025686.96499 1621825124.913674
353774.692138 4025686.965178 1621825125.213825
353774.692521 4025686.965424 1621825126.614078
353774.694032 4025686.965935 1621825127.313773
353774.697883 4025686.965416 1621825128.315227
353774.697221 4025686.965335 1621825130.665096
353774.69999 4025686.964973 1621825131.3141
353774.701325 4025686.966366 1621825132.663636
353774.690374 4025686.969384 1621825134.66488
353774.692657 4025686.968327 1621825134.363801
353774.695073 4025686.967332 1621825136.714237
353774.695591 4025686.967642 1621825137.0641
353774.698233 4025686.966491 1621825138.713886
353774.698331 4025686.967839 1621825139.064086
353774.691348 4025686.970586 1621825139.713773
353774.692756 4025686.968839 1621825142.763853
353774.692064 4025686.969534 1621825143.464713
353774.695087 4025686.968531 1621825144.863953
353774.695934 4025686.968276 1621825145.214437
353774.694515 4025686.968774 1621825146.214059
353774.696122 4025686.965471 1621825147.265046
353774.695562 4025686.966076 1621825147.563931
353774.695672 4025686.966503 1621825148.612711
353774.694946 4025686.96622 1621825150.7142
353774.69468 4025686.965371 1621825151.06414
353774.692858 4025686.96868 1621825152.414839
353774.691839 4025686.969965 1621825152.06397
353774.687295 4025686.971219 1621825156.812924
353774.689432 4025686.970148 1621825157.463995
353774.69326 4025686.968336 1621825157.813964
353774.693378 4025686.96721 1621825161.213944
353774.692918 4025686.968001 1621825162.214085
353774.692017 4025686.967641 1621825163.515029
353774.693308 4025686.966686 1621825163.214436
353774.69001 4025686.96923 1621825164.214075
353774.692818 4025686.965331 1621825168.612603
353774.692101 4025686.965801 1621825168.964066
353774.691212 4025686.966181 1621825173.663819
353774.693935 4025686.964747 1621825174.063973
353774.693329 4025686.964756 1621825176.714197
353774.693773 4025686.964627 1621825177.413821
353774.694157 4025686.963963 1621825177.063828
353774.691269 4025686.965372 1621825179.514652
353774.69465 4025686.964203 1621825180.163406
353774.692843 4025686.966206 1621825181.163527
353774.690945 4025686.967205 1621825181.51572
353774.679597 4025686.960864 1621825184.562958
353774.674175 4025686.957034 1621825184.864198
353774.671562 4025686.95469 1621825185.21373
353774.673384 4025686.956067 1621825187.313683
353774.673896 4025686.956152 1621825188.363737
353774.673125 4025686.956582 1621825188.714368
353774.672764 4025686.956973 1621825189.025261
353774.675925 4025686.956752 1621825191.114194
353774.675946 4025686.954372 1621825192.863938
353774.67348 4025686.955891 1621825192.464933
353774.675408 4025686.955616 1621825194.863736
353774.67595 4025686.954519 1621825195.563768
353774.663282 4025686.961256 1621825195.914239
353773.758682 4025687.456027 1621825197.314148
353771.722308 4025688.575618 1621825198.362849
353768.586609 4025690.330721 1621825199.363084
353769.829835 4025689.6272 1621825199.024915
353758.283416 4025696.243897 1621825201.463947
353749.052919 4025702.030474 1621825202.863985
353744.359826 4025705.131568 1621825203.515546
353746.90128 4025703.44814 1621825203.163728
353733.956062 4025712.428817 1621825204.914084
353728.871385 4025716.465062 1621825205.613824
353716.792286 4025728.030817 1621825207.364151
353710.011525 4025735.472857 1621825208.364092
353703.087853 4025743.287451 1621825209.363705
353698.180813 4025748.962274 1621825210.063655
353685.975329 4025763.444096 1621825211.763202
353680.748674 4025769.802035 1621825212.463781
353669.976829 4025783.153622 1621825213.863752
353664.897222 4025789.568153 1621825214.514812
353667.633436 4025786.103224 1621825214.164706
353648.99199 4025809.970591 1621825216.51497
353643.179459 4025817.198641 1621825217.212585
353634.735084 4025827.652759 1621825218.213844
353615.267872 4025851.701661 1621825220.515438
353607.070773 4025861.907273 1621825221.515152
353599.005513 4025871.974274 1621825222.514846
353593.432862 4025878.95095 1621825223.213929
353582.866951 4025892.256224 1621825224.563917
353578.052953 4025898.390518 1621825225.214299
353573.303052 4025904.517093 1621825225.914103
353571.090096 4025907.395561 1621825226.264026
353565.58709 4025915.040229 1621825227.264035
353559.397578 4025929.509729 1621825229.313646
353559.492883 4025936.296137 1621825230.313754
353560.076766 4025938.645277 1621825230.663904
353569.689822 4025952.89693 1621825232.763744
353574.736204 4025957.820136 1621825233.463634
353586.007757 4025967.491768 1621825234.813949
353595.845136 4025975.291934 1621825235.863833
353598.733136 4025977.63249 1621825236.166041
353615.993401 4025991.82319 1621825237.913991
353626.073208 4026000.166844 1621825238.913998
353629.632122 4026003.115243 1621825239.263862
353639.903979 4026011.564892 1621825240.263893
353657.081332 4026025.59411 1621825241.914212
353660.807979 4026028.502994 1621825242.263969
353664.565991 4026031.393683 1621825242.614034
353689.830373 4026050.543644 1621825244.962837
353697.26181 4026056.317547 1621825245.663924
353710.759043 4026067.25084 1621825246.963141
353704.053833 4026061.768489 1621825246.314425
353727.769365 4026081.10756 1621825248.664191
353737.390119 4026088.870364 1621825249.664094
353743.508791 4026093.752773 1621825250.314065
353758.889646 4026105.954679 1621825252.026175
353755.792152 4026103.513738 1621825251.663817
353769.698422 4026114.544225 1621825253.314582
353772.70333 4026116.930177 1621825253.71378
353781.61554 4026123.975144 1621825255.064033
353788.574142 4026129.602516 1621825256.414733
353790.100947 4026130.831636 1621825256.762897
353796.357874 4026135.566554 1621825258.76377
353798.167407 4026137.042957 1621825260.812729
353798.166811 4026137.042331 1621825261.164012
353798.182878 4026137.046767 1621825262.165169
353798.312853 4026136.922417 1621825263.514822
353798.394435 4026136.851183 1621825264.563027
353798.371743 4026136.871756 1621825264.213769
353798.461519 4026136.791929 1621825267.913814
353798.566087 4026136.696773 1621825268.963815
353798.579657 4026136.677342 1621825269.613725
353798.590599 4026136.667739 1621825270.264757
353798.598401 4026136.663179 1621825270.613742
353798.610946 4026136.648857 1621825271.613085
353798.613533 4026136.640906 1621825273.363952
353798.735238 4026136.738683 1621825274.764615
353799.701097 4026137.491144 1621825275.763848
353799.22466 4026137.120442 1621825275.413597
353824.885009 4026157.477287 1621825280.812951
353830.556642 4026162.000722 1621825281.516673
353839.294216 4026168.973355 1621825282.514793
353836.133163 4026166.463947 1621825282.165064
353862.208319 4026187.272935 1621825284.81371
353865.921867 4026190.289398 1621825285.164274
353876.856324 4026199.158481 1621825286.165432
353895.96121 4026214.460453 1621825287.81393
353908.619127 4026224.487058 1621825288.864166
353904.369688 4026221.127614 1621825288.515548
353924.496362 4026237.193949 1621825290.163747
353945.542841 4026253.952961 1621825291.863635
353957.927784 4026263.954117 1621825292.863535
353961.64785 4026266.956086 1621825293.163711
353978.441716 4026280.457935 1621825294.514884
353995.287042 4026294.006603 1621825295.863752
354004.0306 4026301.003035 1621825296.563811
354012.702243 4026307.949431 1621825297.263763
354016.37525 4026310.898945 1621825297.564808
354033.245359 4026324.474732 1621825298.963954
354045.684031 4026334.464272 1621825300.025038
354066.159741 4026350.934295 1621825301.764302
354074.184768 4026357.359871 1621825302.463943
354086.045381 4026366.731788 1621825303.514827
354100.927882 4026378.268655 1621825304.863751
354104.178109 4026380.768707 1621825305.165785
354118.507038 4026391.724132 1621825306.51482
354129.057388 4026399.814646 1621825307.514884
354132.801535 4026402.652779 1621825307.863003
354147.635951 4026413.516938 1621825309.213628
354151.057057 4026415.903062 1621825309.514783
354185.022536 4026438.290116 1621825312.263669
354199.219049 4026447.326032 1621825313.314579
354204.048804 4026450.405009 1621825313.664045
354218.758564 4026459.779586 1621825314.713584
354228.624068 4026466.139905 1621825315.413758
354248.008375 4026478.532417 1621825316.764414
354279.055509 4026498.252035 1621825318.863898
354283.544368 4026501.115493 1621825319.163115
354288.795207 4026504.457879 1621825319.515237
354325.050471 4026527.851992 1621825321.913973
354340.967875 4026538.203608 1621825322.964091
354346.284925 4026541.653633 1621825323.313721
354367.521449 4026555.476763 1621825324.714194
354372.063902 4026558.424571 1621825325.025371
354378.099853 4026562.352207 1621825325.413908
354403.722522 4026578.824922 1621825327.115392
354428.345439 4026594.662378 1621825328.764024
354438.603273 4026601.304575 1621825329.46408
354453.157997 4026610.751214 1621825330.463645
354462.551633 4026616.862883 1621825331.11397
354476.827321 4026626.158898 1621825332.114855
354500.530278 4026641.376291 1621825333.813968
354491.521154 4026635.666923 1621825333.163833
354519.504167 4026652.667451 1621825335.163704
354543.297281 4026666.167576 1621825336.863839
354552.082333 4026671.317965 1621825337.515728
354579.470697 4026687.311692 1621825339.613794
354575.070819 4026684.791669 1621825339.263635
354597.679411 4026697.219552 1621825341.313528
354605.933663 4026700.957108 1621825342.313566
354616.843578 4026702.949864 1621825343.964093
354615.137308 4026702.975971 1621825343.663083
354623.666618 4026700.900503 1621825345.663724
354622.673922 4026701.491003 1621825345.313496
354627.213193 4026696.950274 1621825347.663402
354627.789801 4026695.795227 1621825348.024745
354629.218152 4026690.762718 1621825349.06378
354629.461379 4026686.338118 1621825349.713512
354629.439859 4026683.584005 1621825350.062645
354628.575453 4026655.64318 1621825352.813478
354628.730825 4026659.653794 1621825352.46394
354628.439487 4026652.130761 1621825353.113493
354627.634974 4026618.657309 1621825355.763895
354627.710736 4026627.179293 1621825355.1136
354627.246907 4026599.732593 1621825357.163955
354627.118361 4026595.561182 1621825357.463721
354626.331189 4026571.289205 1621825359.163672
354625.630613 4026550.589483 1621825360.563763
354625.477556 4026546.077132 1621825360.863722
354624.586663 4026514.18157 1621825362.963823
354624.714254 4026519.512536 1621825362.613594
354623.96298 4026488.083447 1621825364.663869
354624.074882 4026492.709226 1621825364.364201
354623.68703 4026476.48902 1621825365.413466
354623.440886 4026466.41311 1621825366.063647
354622.256249 4026429.277077 1621825368.463621
354622.099409 4026423.96733 1621825368.813619
354612.415708 4026333.868553 1621825378.563893
354610.773612 4026333.182693 1621825378.913876
354588.972893 4026328.067393 1621825381.963753
354585.904766 4026327.385311 1621825382.313592
354576.649669 4026325.138441 1621825383.313744
354563.788133 4026321.586641 1621825384.612535
354549.338827 4026317.221976 1621825385.962876
354541.866578 4026314.946431 1621825386.613576
354545.35746 4026316.012807 1621825386.314732
354503.383293 4026302.548906 1621825389.663514
354498.699684 4026301.008283 1621825390.025599
354493.981663 4026299.470756 1621825390.363808
354469.449307 4026291.86544 1621825392.113514
354444.078599 4026284.01728 1621825393.813399
354427.834369 4026278.778808 1621825394.864181
354417.697432 4026275.362633 1621825395.514487
354423.161175 4026277.215078 1621825395.163832
354379.974302 4026260.863269 1621825397.913744
354363.987373 4026253.707522 1621825398.914637
354358.285183 4026251.114687 1621825399.263659
354330.879139 4026238.120662 1621825400.914044
354341.753875 4026243.395371 1621825400.263562
354307.237574 4026226.104339 1621825402.313596
354237.834967 4026185.931877 1621825406.364081
354231.812392 4026182.196681 1621825406.713546
354219.828374 4026174.665365 1621825407.412867
354207.895583 4026167.136868 1621825408.114379
354190.248361 4026155.79874 1621825409.163644
354147.260204 4026124.982754 1621825411.913549
354137.213923 4026116.927179 1621825412.613578
354122.990204 4026104.949667 1621825413.663438
354114.803458 4026097.697665 1621825414.313644
354089.56619 4026073.51019 1621825416.713727
354092.346813 4026076.257907 1621825416.413704
354086.47178 4026070.446559 1621825417.063545
354073.577372 4026057.348442 1621825418.812312
354063.332776 4026046.780832 1621825420.863256
354060.037456 4026043.405452 1621825421.863732
354062.04159 4026045.461989 1621825421.213277
354059.187021 4026042.518354 1621825422.212483
354057.522301 4026040.813718 1621825423.212734
354056.74558 4026039.954523 1621825425.913419
354056.234183 4026039.490335 1621825426.962764
354055.724548 4026038.94936 1621825427.313427
354051.96415 4026035.005609 1621825428.663579
354049.326822 4026032.297679 1621825429.314673
354045.954824 4026028.847619 1621825430.024513
354043.987324 4026026.828978 1621825430.363273
354039.215388 4026021.930924 1621825431.114326
354020.002691 4026002.11867 1621825433.562907
354022.98998 4026005.237512 1621825433.212463
354006.977361 4025988.595016 1621825435.024858
353990.58735 4025971.648918 1621825436.713395
353987.10341 4025968.019864 1621825437.063722
353976.953564 4025957.3953 1621825438.063758
353962.908512 4025942.816812 1621825439.413456
353966.576919 4025946.631906 1621825439.063702
353937.546901 4025916.308164 1621825441.813443
353926.744317 4025905.147094 1621825442.813966
353914.554933 4025892.669584 1621825443.912774
353911.196817 4025889.22916 1621825444.213881
353895.382285 4025873.006166 1621825445.613813
353887.968131 4025865.409539 1621825446.263691
353868.864901 4025846.120058 1621825447.913622
353860.717409 4025837.924294 1621825448.613337
353864.788884 4025842.025901 1621825448.264537
353832.901713 4025811.225672 1621825450.963951
353824.527808 4025803.751057 1621825451.663704
353816.234672 4025796.452571 1621825452.363571
353804.642151 4025786.223967 1621825453.36401
353796.223345 4025778.608878 1621825454.113671
353778.164971 4025761.400641 1621825455.812304
353785.434027 4025768.455194 1621825455.113467
353758.664303 4025742.874706 1621825457.914495
353764.659315 4025748.419571 1621825457.213482
353747.85469 4025734.093656 1621825459.364141
353743.266613 4025731.339257 1621825460.02546
353740.769045 4025730.173617 1621825460.363605
353735.634231 4025728.602788 1621825461.063581
353727.883772 4025728.122193 1621825462.063614
353719.960597 4025730.046643 1621825463.063701
353709.966162 4025736.750559 1621825464.412455
353695.664118 4025752.123971 1621825466.412505
353687.548737 4025761.955311 1621825467.463495
353681.839044 4025768.989221 1621825468.163936
353670.022401 4025783.789556 1621825469.563715
353661.192868 4025794.889428 1621825470.566409
353649.373674 4025809.790734 1621825471.863833
353642.897003 4025817.951898 1621825472.562854
353633.551255 4025829.706441 1621825473.563176
353623.660456 4025842.082604 1621825474.613497
353620.382867 4025846.171286 1621825474.963628
353614.36487 4025853.712071 1621825475.613437
353601.750857 4025869.598 1621825477.024199
353592.317734 4025881.520229 1621825478.113476
353589.388285 4025885.189991 1621825478.463446
353573.726131 4025904.779298 1621825480.514762
353569.495836 4025910.24765 1621825481.163685
353567.430996 4025913.059451 1621825481.514893
353564.067229 4025918.097595 1621825482.165141
353559.66972 4025933.515732 1621825484.213406
353563.150884 4025943.378464 1621825485.612406
353566.890472 4025947.805066 1621825486.313621
353573.528162 4025953.917458 1621825487.313429
353583.609469 4025962.290176 1621825488.71369
353585.837677 4025964.11878 1621825489.024923
353591.097698 4025968.416059 1621825489.713402
353606.795756 4025981.991 1621825491.763766
353609.616288 4025984.491981 1621825492.113734
353615.032222 4025989.260256 1621825492.763146
353618.057679 4025991.893392 1621825493.113441
353655.027971 4026022.722801 1621825496.913407
353647.771581 4026016.811523 1621825496.21454
353669.428109 4026034.102329 1621825498.263518
353676.520133 4026039.633613 1621825498.914207
353691.390877 4026051.437129 1621825500.266437
353709.949937 4026066.063632 1621825501.913371
353721.371793 4026074.974275 1621825502.913662
353725.369775 4026078.098445 1621825503.2637
353740.767917 4026090.33914 1621825504.612504
