988118.045451 1818806.381445 1621841665.912886
988118.048017 1818806.38301 1621841666.222846
988118.04396 1818806.378682 1621841667.913035
988118.044616 1818806.379054 1621841667.563979
988118.170606 1818806.452544 1621841669.223356
988118.527526 1818806.662193 1621841669.912652
988118.761235 1818806.801532 1621841670.223448
988124.60713 1818810.733322 1621841673.614614
988123.720164 1818810.125246 1621841673.263213
988125.974408 1818811.657265 1621841674.112821
988132.748533 1818816.146871 1621841675.964245
988147.787334 1818825.860713 1621841678.614187
988149.976584 1818827.286431 1621841678.963827
988156.286021 1818831.477117 1621841679.964274
988160.314488 1818834.209069 1621841680.614162
988172.204571 1818843.805854 1621841682.814316
988176.471576 1818848.455997 1621841683.81336
988179.237006 1818851.557224 1621841684.513895
988184.12369 1818856.810611 1621841685.814486
988185.445005 1818858.00714 1621841686.163568
988186.818771 1818859.045868 1621841686.514159
988197.143429 1818858.574158 1621841689.563822
988198.801562 1818856.491571 1621841690.223253
988206.696758 1818844.562595 1621841692.763932
988208.932172 1818840.950841 1621841693.41357
988214.754019 1818831.780124 1621841694.913958
988218.429015 1818826.169228 1621841695.763974
988223.689182 1818818.24618 1621841696.914086
988228.385486 1818811.129272 1621841697.91395
988226.730742 1818813.635555 1621841697.563708
988234.806897 1818801.366031 1621841699.26406
988238.108642 1818796.31528 1621841699.963784
988241.134899 1818791.726829 1621841700.614506
988247.302137 1818782.340412 1621841701.963902
988255.384555 1818769.977454 1621841703.66327
988260.011448 1818762.898692 1621841704.664104
988262.772491 1818758.661123 1621841705.313867
988265.299708 1818754.808287 1621841705.963061
988267.8824 1818750.834874 1621841706.66354
988275.566683 1818739.21584 1621841708.663279
988279.487981 1818733.122119 1621841709.66302
988282.951927 1818727.098723 1621841710.66352
988285.175268 1818722.599176 1621841711.363814
988286.073053 1818720.555769 1621841711.66303
988290.112009 1818709.210593 1621841713.164134
988291.521386 1818703.409659 1621841713.864316
988293.180405 1818691.473004 1621841715.223186
988293.207402 1818678.81465 1621841716.563112
988291.240359 1818665.811543 1621841717.912121
988289.398677 1818659.159387 1621841718.614118
988284.653233 1818647.265611 1621841719.912772
988281.583177 1818641.296616 1621841720.614253
988276.754939 1818633.561291 1621841721.614326
988273.350392 1818629.041869 1621841722.263317
988264.955954 1818620.222588 1621841723.614078
988267.281565 1818622.401692 1621841723.263195
988251.103906 1818609.924915 1621841725.464249
988241.20763 1818603.465623 1621841726.664067
988232.695153 1818597.896057 1621841727.66453
988222.304046 1818591.039742 1621841728.864257
988220.994155 1818590.167693 1621841729.014835
988214.786789 1818586.057501 1621841729.716065
988182.029475 1818564.432157 1621841733.41343
988168.658299 1818555.718806 1621841735.063765
988151.104543 1818544.416479 1621841737.61451
988153.21586 1818545.750808 1621841737.263922
988140.956404 1818538.007784 1621841739.314022
988140.027238 1818537.410784 1621841739.464205
988119.973537 1818524.376822 1621841742.66469
988118.066569 1818523.106548 1621841743.015014
988108.463308 1818516.719575 1621841744.715653
988100.925183 1818511.596927 1621841745.913008
988096.656287 1818508.705691 1621841746.563081
988092.120981 1818505.629074 1621841747.262728
988082.563919 1818499.301886 1621841748.913841
988079.075412 1818497.00524 1621841749.562802
988075.150977 1818494.44289 1621841750.263828
988068.827859 1818490.501465 1621841751.26401
988059.237489 1818485.070707 1621841752.614075
988056.617263 1818483.828792 1621841752.96397
988054.34767 1818482.857006 1621841753.263805
988041.274504 1818478.88993 1621841754.963694
988025.886793 1818476.841304 1621841756.863707
988021.72786 1818476.535714 1621841757.363713
988024.6409 1818476.746882 1621841757.014275
987999.963316 1818474.942317 1621841759.915808
987996.977581 1818474.615739 1621841760.263387
987983.746082 1818472.206009 1621841761.913817
987976.592335 1818469.994946 1621841762.913706
987969.993104 1818467.338227 1621841763.963968
987968.027782 1818466.441434 1621841764.312939
987961.721334 1818463.53957 1621841765.664249
987964.120935 1818464.607827 1621841765.112784
987929.034473 1818486.944535 1621841772.86408
987928.313738 1818488.055655 1621841773.01405
987921.313905 1818498.658874 1621841774.413627
987918.025874 1818503.708296 1621841775.062758
987912.197075 1818512.737823 1621841776.223208
987905.117954 1818523.511905 1621841777.563435
987907.755059 1818519.490381 1621841777.06272
987894.317567 1818540.06996 1621841779.614033
987887.629973 1818550.398964 1621841780.963592
987884.353221 1818555.472918 1621841781.66284
987881.157286 1818560.423879 1621841782.363889
987878.159994 1818564.990277 1621841783.014068
987871.9823 1818575.095543 1621841784.363739
987873.580015 1818572.389236 1621841784.013921
987868.813737 1818580.709759 1621841785.064168
987855.982961 1818606.023813 1621841787.963729
987855.319661 1818607.388438 1621841788.112946
987847.186925 1818623.891806 1621841789.963641
987844.253174 1818629.887941 1621841790.664368
987845.711145 1818626.914538 1621841790.312827
987838.878758 1818640.864782 1621841792.014226
987837.531142 1818643.59516 1621841792.363899
987834.808582 1818649.126054 1621841793.062865
987824.764903 1818669.591336 1621841795.563808
987819.46248 1818680.684316 1621841796.913841
987815.599214 1818688.663576 1621841797.913588
987818.092959 1818683.53817 1621841797.264012
987811.604165 1818696.724058 1621841798.913847
987803.025535 1818714.044213 1621841800.963719
987804.497949 1818711.0985 1621841800.614042
987801.765395 1818716.547027 1621841801.263045
987790.641794 1818738.064956 1621841803.963758
987787.507731 1818743.846693 1621841804.666264
987782.756568 1818752.2794 1621841805.663381
987779.319371 1818758.156892 1621841806.363831
987772.738211 1818768.869935 1621841807.715131
987775.902578 1818763.837352 1621841807.064336
987771.056041 1818771.491079 1621841808.064112
987766.163072 1818779.233211 1621841809.063959
987750.892236 1818802.83299 1621841811.963704
987747.19464 1818808.457354 1621841812.664194
987740.4554 1818818.577823 1621841814.014193
987735.472038 1818825.830993 1621841815.014427
987737.239792 1818823.285183 1621841814.664422
987730.355165 1818833.233 1621841816.014553
987728.549046 1818835.794916 1621841816.363882
987723.181448 1818843.186865 1621841817.414105
987716.42076 1818852.156184 1621841818.715044
987699.432017 1818873.366509 1621841821.714447
987697.411505 1818875.689996 1621841822.064256
987691.362938 1818882.504817 1621841823.112853
987684.154567 1818890.41171 1621841824.313139
987676.39347 1818898.572193 1621841825.614424
987672.157111 1818902.828067 1621841826.3138
987665.770666 1818909.066927 1621841827.313476
987661.054212 1818913.632868 1621841828.013731
987656.176798 1818918.23829 1621841828.714953
987654.04617 1818920.20801 1621841829.013976
987638.177031 1818934.418509 1621841831.222452
987623.468445 1818946.754031 1621841833.41411
987619.183803 1818950.911854 1621841834.26384
987616.43284 1818956.871219 1621841835.463114
987616.426511 1818958.462461 1621841835.764217
987623.890636 1818967.704315 1621841837.963124
987628.051661 1818970.398455 1621841838.663371
987632.454568 1818973.223154 1621841839.313781
987640.414195 1818978.288709 1621841840.363743
987648.525598 1818983.434186 1621841841.363599
987646.051249 1818981.868672 1621841841.063729
987656.920296 1818988.743314 1621841842.363588
987675.939875 1819001.199004 1621841844.763764
987673.368676 1818999.474609 1621841844.413575
987681.654689 1819005.02288 1621841845.614759
987692.182523 1819011.952479 1621841847.262891
987697.950101 1819015.699185 1621841848.113735
987712.055255 1819024.819478 1621841850.312526
987720.144502 1819030.029439 1621841851.664299
987726.080467 1819033.884048 1621841852.663967
987733.888961 1819038.682469 1621841854.014059
987738.110882 1819040.774273 1621841854.714755
987739.959359 1819041.519375 1621841855.013944
987748.604051 1819043.020366 1621841856.414145
987751.725031 1819042.743973 1621841856.91259
987763.10842 1819037.371816 1621841858.912872
987765.790412 1819035.28274 1621841859.413811
987764.179847 1819036.563432 1621841859.113703
987796.325012 1819008.542063 1621841864.614061
987803.229624 1819002.631655 1621841865.613901
987805.68177 1819000.578656 1621841865.962909
987815.420587 1818992.953883 1621841867.311847
987827.511035 1818984.680727 1621841868.963692
987830.05524 1818983.085794 1621841869.312061
987861.146725 1818967.497141 1621841873.663919
987868.945483 1818964.67246 1621841874.663924
987871.750585 1818963.739642 1621841875.013829
987877.11207 1818962.077971 1621841875.66396
987894.676765 1818957.791233 1621841877.714463
987902.975094 1818956.25125 1621841878.714753
987900.131753 1818956.756652 1621841878.363825
987913.711407 1818954.674905 1621841880.063663
987925.671149 1818953.584094 1621841881.464075
987936.641204 1818953.075997 1621841882.66342
987939.495168 1818953.135722 1621841882.963857
987941.398536 1818953.217903 1621841883.1635
987968.127125 1818955.713854 1621841885.863643
987973.28737 1818956.275921 1621841886.363712
987983.715862 1818957.625581 1621841887.363589
987987.410965 1818958.228064 1621841887.714096
987994.844951 1818959.651259 1621841888.413161
988009.153417 1818963.311612 1621841889.763539
988021.55023 1818967.807742 1621841890.963784
988038.329278 1818976.084457 1621841892.663877
988041.613678 1818978.061377 1621841893.01376
988047.634564 1818981.881307 1621841893.662837
988060.39793 1818989.721596 1621841895.062966
988072.678991 1818995.709137 1621841896.413567
988079.099787 1818997.914304 1621841897.112448
988082.282847 1818998.703231 1621841897.463
988100.181141 1818997.662475 1621841899.666348
988106.753399 1818994.130656 1621841900.715283
988108.617761 1818992.644528 1621841901.062788
988111.921391 1818989.233045 1621841901.763919
988116.451647 1818983.317715 1621841902.814325
988125.378285 1818971.978544 1621841904.662891
988130.904173 1818965.112786 1621841905.715766
988139.616186 1818953.033655 1621841907.363689
988144.778326 1818945.208897 1621841908.363379
988148.070101 1818939.994804 1621841909.014637
988154.912919 1818929.034005 1621841910.363625
988157.365942 1818925.013781 1621841910.863336
988164.018396 1818912.643439 1621841912.363587
988166.27123 1818908.144797 1621841912.913753
988173.520906 1818896.264964 1621841914.613996
988178.352847 1818888.986206 1621841915.76358
988181.142486 1818884.720599 1621841916.413884
988179.845475 1818886.715629 1621841916.112907
988184.271428 1818879.899202 1621841917.113568
988188.917649 1818872.718131 1621841918.113678
988193.582783 1818865.595209 1621841919.113463
988200.273749 1818855.289111 1621841920.664294
988208.413293 1818842.586695 1621841922.716201
988209.700261 1818840.598495 1621841923.014765
988216.180096 1818830.451195 1621841924.413926
988219.515878 1818825.333989 1621841925.063564
988229.8293 1818809.743191 1621841926.913558
988231.555073 1818807.105054 1621841927.227835
988240.294 1818793.587835 1621841928.763966
988242.201893 1818790.593204 1621841929.113618
988247.686543 1818782.247367 1621841930.112581
988249.577796 1818779.429391 1621841930.463789
988259.286306 1818764.703941 1621841932.313736
988264.511773 1818756.604489 1621841933.513504
988268.476193 1818750.466576 1621841934.513257
988273.113657 1818743.194878 1621841935.663892
988277.435849 1818736.308424 1621841936.716273
988279.972983 1818732.156207 1621841937.364414
988282.494297 1818727.773921 1621841938.063975
988285.771161 1818721.310117 1621841939.063703
988290.60986 1818708.704684 1621841940.76292
988291.42499 1818705.887408 1621841941.113144
988292.111832 1818703.027652 1621841941.463027
988293.120771 1818697.206589 1621841942.165313
988293.313124 1818678.398947 1621841944.363589
988292.676097 1818672.496094 1621841945.063301
988292.275576 1818669.944105 1621841945.3627
988287.165344 1818652.343268 1621841947.413869
988281.812977 1818641.064742 1621841948.763439
988281.104481 1818639.842969 1621841948.913265
988267.954639 1818623.262244 1621841951.113096
988263.173876 1818618.925147 1621841951.777631
988260.456457 1818616.683575 1621841952.11395
988243.356676 1818604.589698 1621841954.113459
988235.663232 1818599.494479 1621841954.963409
988198.902676 1818575.355391 1621841958.813754
988195.514682 1818573.129707 1621841959.162818
988179.758121 1818562.779116 1621841960.813786
988185.886665 1818566.775338 1621841960.163377
988176.516641 1818560.667844 1621841961.163733
988160.516941 1818550.356397 1621841963.013846
988155.518991 1818547.158761 1621841963.715991
988145.568046 1818540.913502 1621841965.363424
988127.60442 1818539.64606 1621841968.716348
988126.210269 1818540.914659 1621841969.063811
988122.572103 1818545.744295 1621841970.11352
988116.407957 1818554.826351 1621841971.763386
988113.615792 1818559.155564 1621841972.463769
988112.173217 1818561.426345 1621841972.812938
988106.299967 1818570.811488 1621841974.163382
988104.693904 1818573.36343 1621841974.512623
988093.892903 1818590.019152 1621841976.763901
988088.96729 1818597.608526 1621841977.763517
988087.237672 1818600.2846 1621841978.112352
988078.779672 1818613.376045 1621841979.8134
988075.534905 1818618.376515 1621841980.463745
988068.76609 1818628.852979 1621841981.813641
988066.991899 1818631.609115 1621841982.162732
988060.300203 1818641.921097 1621841983.462611
988056.608588 1818647.507585 1621841984.163331
988055.005443 1818649.885542 1621841984.463224
988047.608081 1818661.08397 1621841985.863776
988042.539431 1818668.925736 1621841986.86412
988034.444917 1818681.569535 1621841988.563299
988028.793197 1818690.392862 1621841989.763247
988024.081687 1818697.553177 1621841990.763222
988027.371382 1818692.558935 1621841990.064519
988016.472384 1818709.08545 1621841992.46369
988014.221405 1818713.314136 1621841993.112989
988012.745035 1818717.791461 1621841993.813005
988015.199726 1818729.669047 1621841995.864643
988014.143285 1818727.860687 1621841995.513358
988020.723341 1818734.75463 1621841997.063848
988031.306341 1818741.665818 1621841998.763558
988033.680911 1818743.193254 1621841999.112602
988045.233952 1818750.913486 1621842000.81322
988047.101551 1818752.351477 1621842001.113307
988052.989192 1818757.801258 1621842002.163282
988059.368473 1818765.794137 1621842003.513156
988057.78448 1818763.690421 1621842003.163291
988062.466486 1818769.47328 1621842004.163507
988074.402884 1818779.046804 1621842006.226431
988078.789801 1818781.86324 1621842006.863638
988092.042382 1818790.144246 1621842008.714422
988097.40984 1818793.565206 1621842009.413225
988102.508114 1818796.845705 1621842010.062949
988105.318157 1818798.634676 1621842010.413359
988124.589436 1818811.02166 1621842012.763249
988133.872155 1818817.063487 1621842013.9124
988140.526701 1818821.408656 1621842014.763298
988143.269549 1818823.193297 1621842015.112505
988153.774841 1818830.01624 1621842016.4628
988159.051149 1818833.474745 1621842017.163364
988163.787021 1818836.640124 1621842017.81373
988168.545281 1818840.066256 1621842018.513494
988177.717416 1818848.716656 1621842020.222785
988180.242287 1818851.817509 1621842020.863607
988185.680612 1818859.827088 1621842022.763294
988183.937073 1818857.0071 1621842022.063767
988188.685557 1818867.903629 1621842024.463569
988188.265786 1818865.919867 1621842024.112322
988185.385631 1818883.303191 1621842026.813408
988183.064164 1818887.535255 1621842027.463664
988177.90043 1818895.856327 1621842028.813424
988176.552389 1818897.946593 1621842029.16349
988169.782121 1818908.312618 1621842030.963309
988167.831307 1818911.284608 1621842031.462807
988163.733712 1818917.559148 1621842032.513472
988161.10925 1818921.636981 1621842033.164788
988158.139751 1818926.155039 1621842033.863039
988156.847168 1818928.087296 1621842034.162529
988145.472388 1818945.531039 1621842036.862788
988140.737708 1818952.928934 1621842037.912997
988136.336622 1818959.726165 1621842038.863563
988133.043766 1818964.779431 1621842039.563267
988134.690595 1818962.246847 1621842039.222512
988126.592088 1818974.535829 1621842040.912412
988120.399119 1818983.56295 1621842042.222591
988116.622931 1818989.146405 1621842043.063885
988108.279562 1818998.175219 1621842044.76345
988102.296485 1819002.030395 1621842045.81389
988101.430924 1819002.447429 1621842045.963357
988091.452184 1819004.985799 1621842047.513204
988081.981434 1819003.923544 1621842048.863954
988084.474215 1819004.450607 1621842048.513288
988079.490616 1819003.231688 1621842049.226533
988072.506924 1819000.592512 1621842050.226683
988060.724352 1818994.613641 1621842051.913102
988055.925358 1818991.845301 1621842052.613233
988038.751216 1818980.989618 1621842055.113119
988029.74294 1818975.612356 1621842056.463493
988022.390039 1818971.809887 1621842057.812555
988019.495104 1818970.476143 1621842058.463628
988014.081946 1818968.268015 1621842059.813264
988012.702218 1818967.748885 1621842060.163106
988011.343049 1818967.235958 1621842060.513364
988003.932784 1818964.660831 1621842062.223212
987993.963949 1818962.092123 1621842063.912295
987992.069047 1818961.691944 1621842064.223294
987989.73324 1818961.203238 1621842064.56278
987978.202741 1818959.088396 1621842066.1122
987971.6185 1818958.208421 1621842066.963143
987959.640108 1818957.238464 1621842068.763569
987962.501955 1818957.391748 1621842068.26358
987952.911847 1818956.976789 1621842070.161572
987951.631486 1818956.938859 1621842070.462713
987932.127446 1818956.843609 1621842075.863854
987927.496091 1818956.090186 1621842076.8637
987925.840409 1818955.565626 1621842077.222622
987924.222812 1818954.852396 1621842077.563115
987921.41452 1818953.027814 1621842078.222628
987917.435165 1818947.396397 1621842079.563236
987916.349612 1818941.898674 1621842080.563262
987916.254685 1818937.641211 1621842081.263189
987916.937656 1818920.762326 1621842083.812433
987917.536178 1818916.171483 1621842084.463443
987920.650205 1818905.9184 1621842085.86222
987921.707578 1818903.700095 1621842086.16311
987932.073165 1818886.934515 1621842088.562602
987935.003887 1818882.467312 1621842089.263577
987936.433035 1818880.303944 1621842089.614103
987940.420456 1818874.344903 1621842090.613001
987948.20715 1818862.709064 1621842092.613513
987953.546549 1818854.621168 1621842093.913257
987957.847092 1818847.993592 1621842094.913596
987955.034185 1818852.346876 1621842094.263629
987959.395807 1818845.606723 1621842095.262926
987971.152094 1818827.78148 1621842097.814903
987975.920119 1818820.532916 1621842098.813628
987980.532649 1818813.308392 1621842099.813043
987977.557466 1818817.987583 1621842099.163253
987987.841863 1818801.76787 1621842101.513744
987992.071515 1818795.655009 1621842102.51155
987993.713421 1818793.770539 1621842102.864706
987997.375276 1818790.451893 1621842103.563748
988001.196462 1818787.903687 1621842104.222403
988010.303205 1818783.87041 1621842105.61337
988025.421248 1818779.813543 1621842107.813292
988032.296687 1818778.178746 1621842108.862873
988036.285289 1818777.295965 1621842109.512645
988034.497893 1818777.669858 1621842109.219953
988049.213828 1818774.244269 1621842111.91255
988056.25073 1818773.27516 1621842113.223694
988058.262744 1818773.281104 1621842113.562533
988062.181867 1818773.734664 1621842114.222453
988070.865041 1818776.650708 1621842115.613414
988082.441441 1818783.272905 1621842117.663752
988087.976606 1818786.755908 1621842118.66367
988089.622369 1818787.806069 1621842118.963331
988099.407593 1818793.977256 1621842120.81372
988098.638462 1818793.502176 1621842120.663947
988109.916915 1818800.765132 1621842122.863469
988114.817292 1818804.089357 1621842123.864368
988117.984098 1818806.170125 1621842124.563482
988121.54549 1818808.466734 1621842125.563187
988123.131539 1818809.490371 1621842126.263903
988124.405729 1818810.305955 1621842127.563252
988124.276446 1818810.221687 1621842127.263626
