353362.43248 4026160.153853 1621841665.863515
353362.435248 4026160.155538 1621841666.222846
353362.431123 4026160.151273 1621841667.913035
353362.431785 4026160.151635 1621841667.563979
353362.558935 4026160.223176 1621841669.223356
353362.884209 4026160.40748 1621841669.86321
353363.155069 4026160.56303 1621841670.223448
353369.062878 4026164.404475 1621841673.614614
353368.166339 4026163.810105 1621841673.263213
353371.030623 4026165.69366 1621841674.314007
353377.529409 4026169.84162 1621841676.014388
353392.79544 4026179.37109 1621841678.66527
353395.0124 4026180.766003 1621841679.014276
353401.385253 4026184.864918 1621841680.014426
353405.752 4026187.741144 1621841680.715408
353416.948241 4026196.516021 1621841682.76381
353421.313983 4026201.101399 1621841683.763573
353423.935674 4026203.958657 1621841684.414145
353429.115983 4026209.383028 1621841685.764349
353430.449093 4026210.58063 1621841686.113201
353431.635113 4026211.484313 1621841686.414549
353442.226452 4026211.258929 1621841689.514218
353443.846335 4026209.201397 1621841690.163015
353452.016767 4026196.414735 1621841692.863637
353454.39193 4026192.441002 1621841693.563792
353459.549156 4026184.052744 1621841694.913958
353463.575209 4026177.70589 1621841695.863217
353468.048659 4026170.732364 1621841696.8631
353472.861438 4026163.187193 1621841697.91395
353471.245431 4026165.719538 1621841697.563708
353479.131943 4026153.322809 1621841699.26406
353482.355618 4026148.220048 1621841699.963784
353485.310954 4026143.583933 1621841700.614506
353491.33311 4026134.100375 1621841701.963902
353499.224433 4026121.610103 1621841703.66327
353503.74191 4026114.458459 1621841704.664104
353506.630866 4026109.865089 1621841705.36391
353509.263787 4026105.710931 1621841706.063074
353511.595076 4026101.999591 1621841706.714931
353519.321343 4026089.929356 1621841708.763989
353523.111744 4026083.769061 1621841709.763818
353526.449864 4026077.663283 1621841710.763717
353528.428163 4026073.425332 1621841711.413954
353529.43175 4026071.000858 1621841711.764271
353532.905974 4026060.70375 1621841713.113712
353534.250931 4026054.896226 1621841713.814138
353535.778315 4026042.966667 1621841715.163405
353535.683127 4026030.330034 1621841716.513021
353533.584284 4026017.349014 1621841717.863717
353531.677123 4026010.7196 1621841718.563266
353526.589491 4025998.426707 1621841719.912772
353523.661687 4025992.91395 1621841720.563488
353518.73168 4025985.200721 1621841721.56416
353515.28516 4025980.713697 1621841722.226737
353506.812734 4025971.986643 1621841723.563879
353509.157892 4025974.14259 1621841723.227339
353493.2656 4025962.120638 1621841725.364362
353482.031686 4025955.027491 1621841726.716487
353473.423562 4025949.584002 1621841727.715787
353464.239517 4025943.727468 1621841728.763999
353460.706967 4025941.456915 1621841729.164077
353454.406313 4025937.426941 1621841729.864664
353421.397224 4025916.379605 1621841733.563694
353407.9743 4025907.929937 1621841735.227436
353391.736259 4025897.835224 1621841737.563112
353393.860393 4025899.126421 1621841737.228035
353381.174836 4025891.38784 1621841739.314022
353378.964696 4025890.016235 1621841739.663763
353359.683543 4025877.892979 1621841742.716136
353357.773885 4025876.666157 1621841743.064013
353348.043209 4025870.404617 1621841744.763614
353341.058501 4025865.812555 1621841745.863382
353336.744922 4025862.988144 1621841746.51384
353332.151026 4025859.973593 1621841747.223997
353322.447658 4025853.760331 1621841748.863945
353318.919563 4025851.514562 1621841749.513861
353314.979002 4025849.024304 1621841750.224133
353308.635332 4025845.195429 1621841751.223178
353298.621955 4025839.713866 1621841752.614075
353296.360694 4025838.676508 1621841752.913967
353293.697061 4025837.575874 1621841753.263805
353280.164069 4025833.735557 1621841755.014362
353266.382568 4025832.080594 1621841756.715054
353260.557488 4025831.738219 1621841757.414089
353263.475107 4025831.902003 1621841757.063223
353239.611686 4025830.541247 1621841759.863773
353236.615585 4025830.269608 1621841760.222911
353222.920312 4025828.020889 1621841761.913817
353215.731222 4025825.920726 1621841762.913706
353209.375419 4025823.487747 1621841763.913934
353207.391433 4025822.622341 1621841764.263278
353200.757853 4025819.695633 1621841765.664249
353202.286774 4025820.331428 1621841765.31299
353168.896461 4025842.869511 1621841772.763664
353167.253153 4025845.483516 1621841773.113751
353160.644218 4025855.838511 1621841774.463876
353157.434024 4025860.942938 1621841775.113463
353152.242383 4025869.271829 1621841776.163743
353145.337156 4025880.146946 1621841777.513526
353147.140361 4025877.302587 1621841777.16368
353134.785321 4025896.887183 1621841779.565233
353128.006585 4025907.71857 1621841780.963592
353124.579865 4025913.204529 1621841781.714887
353121.688849 4025917.845467 1621841782.363889
353118.762132 4025922.459079 1621841783.014068
353112.740679 4025932.661754 1621841784.363739
353114.296543 4025929.930242 1621841784.013921
353109.441138 4025938.741522 1621841785.113662
353097.434426 4025963.383831 1621841787.913773
353095.93507 4025966.592713 1621841788.264158
353088.70045 4025981.850112 1621841789.963641
353085.859508 4025987.89267 1621841790.664368
353087.271457 4025984.896197 1621841790.312827
353080.654993 4025998.954554 1621841792.014226
353079.349637 4026001.706253 1621841792.363899
353076.521535 4026007.68438 1621841793.113831
353067.181552 4026027.482542 1621841795.513632
353062.036561 4026038.677143 1621841796.864063
353058.303973 4026046.720268 1621841797.864001
353060.902246 4026041.145358 1621841797.163583
353054.441092 4026054.833395 1621841798.863955
353046.138217 4026072.278203 1621841800.913619
353047.565798 4026069.305763 1621841800.563833
353044.915246 4026074.806652 1621841801.223073
353034.133914 4026096.505475 1621841803.912508
353031.100996 4026102.328393 1621841804.614243
353026.257095 4026111.256812 1621841805.663381
353022.910796 4026117.18854 1621841806.363831
353016.270315 4026128.367305 1621841807.764158
353019.351621 4026123.319465 1621841807.112683
353014.616659 4026131.032148 1621841808.11353
353009.837829 4026138.873383 1621841809.11348
352995.434845 4026161.902169 1621841811.913669
352991.81719 4026167.596104 1621841812.613475
352985.21872 4026177.856452 1621841813.963596
352980.109493 4026185.55352 1621841815.014427
352981.837913 4026182.979881 1621841814.664422
352975.106989 4026193.036084 1621841816.014553
352973.340449 4026195.626428 1621841816.363882
352967.84203 4026203.448451 1621841817.464162
352960.943792 4026212.90039 1621841818.813921
352944.230351 4026234.346469 1621841821.813714
352942.546496 4026236.328185 1621841822.112038
352936.582773 4026243.255934 1621841823.16383
352930.083059 4026250.613604 1621841824.263314
352922.15365 4026259.223094 1621841825.614424
352918.288731 4026263.235355 1621841826.263616
352911.69254 4026269.884406 1621841827.313476
352906.708148 4026274.860521 1621841828.063955
352902.239934 4026279.206171 1621841828.714953
352899.787983 4026281.542663 1621841829.063786
352884.839283 4026295.352514 1621841831.16333
352869.679821 4026308.491299 1621841833.462982
352866.155658 4026311.973774 1621841834.163484
352863.073735 4026318.72809 1621841835.513735
352863.177414 4026320.576483 1621841835.863962
352870.443505 4026329.001375 1621841837.913045
352874.598742 4026331.612734 1621841838.613816
352879.011901 4026334.346145 1621841839.263276
352887.009527 4026339.264479 1621841840.312511
352895.601222 4026344.529947 1621841841.363599
352893.102196 4026343.002685 1621841841.063729
352904.499398 4026349.970131 1621841842.413927
352923.295431 4026361.871012 1621841844.763764
352921.07755 4026360.43328 1621841844.463941
352928.432499 4026365.202184 1621841845.512608
352939.371374 4026372.159597 1621841847.223313
352946.221547 4026376.455923 1621841848.2227
352959.476092 4026384.743926 1621841850.264317
352967.651042 4026389.826895 1621841851.613603
352973.652896 4026393.595069 1621841852.612966
352981.530744 4026398.295821 1621841853.963564
352985.782021 4026400.356271 1621841854.664125
352987.95051 4026401.201638 1621841855.013944
352996.619719 4026402.568441 1621841856.414145
352998.800091 4026402.389875 1621841856.763379
353010.507895 4026397.100166 1621841858.813098
353013.95532 4026394.339855 1621841859.464227
353012.362706 4026395.656263 1621841859.163968
353043.474906 4026367.6448 1621841864.563912
353050.279713 4026361.625017 1621841865.563312
353052.697375 4026359.531133 1621841865.912549
353061.941172 4026352.011473 1621841867.222792
353074.269543 4026343.231414 1621841868.912846
353076.434658 4026341.819486 1621841869.222798
353107.624513 4026325.439523 1621841873.613401
353115.364157 4026322.480245 1621841874.612848
353118.148729 4026321.500013 1621841874.963561
353123.467621 4026319.745089 1621841875.613522
353141.387389 4026315.056806 1621841877.714463
353149.662908 4026313.387608 1621841878.714753
353146.827037 4026313.937281 1621841878.363825
353160.788812 4026311.585458 1621841880.11339
353172.76269 4026310.328407 1621841881.512692
353182.343717 4026309.704021 1621841882.563569
353185.662162 4026309.696286 1621841882.912765
353188.523471 4026309.77248 1621841883.222729
353215.845092 4026311.928995 1621841885.964653
353219.468243 4026312.268726 1621841886.312628
353230.436033 4026313.506929 1621841887.363589
353234.141004 4026314.05205 1621841887.714096
353241.598126 4026315.35987 1621841888.413161
353257.021107 4026319.108869 1621841889.865383
353267.922803 4026322.896612 1621841890.913715
353285.343833 4026331.119291 1621841892.663877
353288.188392 4026332.765356 1621841892.963313
353294.740501 4026336.772267 1621841893.662837
353307.171159 4026344.164464 1621841895.013521
353320.462062 4026350.384731 1621841896.463357
353326.918701 4026352.439093 1621841897.163332
353330.106245 4026353.145005 1621841897.513506
353347.539543 4026351.738681 1621841899.666348
353354.057786 4026348.10421 1621841900.715283
353355.899298 4026346.588897 1621841901.062788
353359.15034 4026343.125593 1621841901.763919
353363.801383 4026336.840715 1621841902.863855
353372.082759 4026325.980818 1621841904.613908
353377.243659 4026319.394715 1621841905.613359
353386.032268 4026306.880594 1621841907.312689
353391.079102 4026298.984019 1621841908.313446
353394.291226 4026293.727211 1621841908.962851
353400.969881 4026282.654738 1621841910.31355
353404.07058 4026277.368163 1621841910.964227
353409.864597 4026266.135435 1621841912.313711
353411.253511 4026263.219611 1621841912.664575
353418.495474 4026250.504105 1621841914.413469
353424.032365 4026241.832443 1621841915.76358
353426.75607 4026237.522892 1621841916.413884
353425.489897 4026239.538355 1621841916.112907
353429.810483 4026232.652201 1621841917.113568
353434.345698 4026225.397929 1621841918.113678
353439.125035 4026217.848121 1621841919.16384
353445.227115 4026208.122453 1621841920.614509
353453.169446 4026195.287376 1621841922.663356
353454.631801 4026192.950871 1621841923.014765
353460.712102 4026183.090288 1621841924.364269
353464.21145 4026177.531712 1621841925.063564
353473.439882 4026163.105676 1621841926.763469
353475.126462 4026160.445 1621841927.063984
353484.498872 4026145.458262 1621841928.763966
353486.36047 4026142.433568 1621841929.113618
353491.716122 4026134.001342 1621841930.112581
353493.563824 4026131.153585 1621841930.463789
353502.563643 4026117.039855 1621841932.226595
353508.338796 4026107.774978 1621841933.563314
353512.391469 4026101.280899 1621841934.613543
353516.337631 4026094.879645 1621841935.613749
353520.551809 4026087.9305 1621841936.663449
353523.228241 4026083.401516 1621841937.364414
353525.681771 4026078.979444 1621841938.063975
353528.858597 4026072.463828 1621841939.063703
353533.622168 4026059.381159 1621841940.813621
353534.273441 4026056.951148 1621841941.113144
353534.997507 4026053.667181 1621841941.513455
353535.881513 4026047.82243 1621841942.226846
353535.820162 4026030.272289 1621841944.263264
353535.060334 4026023.956955 1621841945.014261
353534.650003 4026021.421722 1621841945.313118
353529.355249 4026003.886737 1621841947.363853
353523.65246 4025992.269153 1621841948.763439
353521.920285 4025989.461395 1621841949.113575
353509.515512 4025974.679677 1621841951.113096
353504.280049 4025970.097433 1621841951.813678
353501.514489 4025967.907081 1621841952.162631
353484.16822 4025956.090666 1621841954.163827
353477.775316 4025952.001403 1621841954.864001
353439.220735 4025927.530228 1621841958.862622
353435.797648 4025925.355801 1621841959.226579
353419.897377 4025915.263025 1621841960.863743
353426.076271 4025919.157207 1621841960.226627
353416.628502 4025913.206028 1621841961.226882
353401.320038 4025903.673878 1621841962.963264
353396.556084 4025900.732655 1621841963.613683
353386.120096 4025894.386407 1621841965.313038
353368.054001 4025893.067382 1621841968.664246
353366.659203 4025894.32579 1621841969.014762
353363.080727 4025899.158376 1621841970.063712
353356.8845 4025908.590283 1621841971.763386
353354.159252 4025912.963486 1621841972.463769
353352.548292 4025915.591042 1621841972.864268
353346.801503 4025925.101977 1621841974.220827
353345.229833 4025927.683615 1621841974.563478
353335.152132 4025943.757407 1621841976.714376
353330.105148 4025951.804816 1621841977.763517
353328.416894 4025954.508139 1621841978.112352
353320.161251 4025967.732838 1621841979.8134
353316.750698 4025973.172231 1621841980.512337
353310.386897 4025983.367532 1621841981.813641
353308.655309 4025986.151622 1621841982.162732
353301.868789 4025996.971797 1621841983.513091
353298.517729 4026002.213657 1621841984.163331
353296.69036 4026005.017997 1621841984.513122
353289.473814 4026016.333656 1621841985.912618
353284.53944 4026024.241075 1621841986.912248
353276.422888 4026037.372072 1621841988.663937
353271.596984 4026045.167934 1621841989.715478
353266.993022 4026052.414807 1621841990.715325
353269.976877 4026047.725618 1621841990.064519
353259.333305 4026064.423804 1621841992.46369
353257.147755 4026068.688056 1621841993.112989
353255.740786 4026073.18894 1621841993.813005
353258.564487 4026085.270108 1621841995.912587
353257.434758 4026083.500377 1621841995.563248
353263.706316 4026089.841057 1621841997.013295
353274.335361 4026096.566417 1621841998.715906
353276.729637 4026098.054377 1621841999.064069
353288.749007 4026105.810415 1621842000.81322
353290.639214 4026107.219569 1621842001.113307
353296.612373 4026112.578564 1621842002.163282
353303.116772 4026120.47336 1621842003.513156
353301.499861 4026118.393982 1621842003.163291
353306.2724 4026124.104842 1621842004.163507
353318.694114 4026133.704515 1621842006.262778
353323.138627 4026136.455984 1621842006.912495
353335.792331 4026144.086272 1621842008.663462
353340.811492 4026147.170156 1621842009.312293
353346.342074 4026150.611327 1621842010.013356
353348.771127 4026152.103409 1621842010.312723
353368.634291 4026164.430944 1621842012.71452
353376.822798 4026169.581542 1621842013.713874
353384.756115 4026174.584846 1621842014.714863
353387.524923 4026176.327407 1621842015.063171
353398.534304 4026183.236577 1621842016.4628
353403.865091 4026186.613527 1621842017.163364
353409.006328 4026189.944574 1621842017.863976
353413.788216 4026193.301497 1621842018.563221
353422.983733 4026201.809535 1621842020.263921
353425.525553 4026204.859445 1621842020.912428
353430.787078 4026212.354028 1621842022.714622
353428.98543 4026209.562922 1621842022.013693
353433.935883 4026219.995978 1621842024.363166
353433.514583 4026218.346648 1621842024.063729
353431.138697 4026235.704225 1621842026.763248
353428.721764 4026240.308054 1621842027.463664
353423.686688 4026248.710526 1621842028.813424
353422.370959 4026250.822032 1621842029.16349
353416.329362 4026260.393717 1621842030.813345
353413.665466 4026264.596721 1621842031.512561
353409.85544 4026270.636517 1621842032.513472
353407.294016 4026274.755702 1621842033.164788
353404.394352 4026279.320535 1621842033.863039
353402.921191 4026281.597032 1621842034.222991
353391.811582 4026299.242991 1621842036.91285
353387.406177 4026306.368585 1621842037.912997
353382.880769 4026313.596922 1621842038.912158
353379.665701 4026318.707339 1621842039.613301
353381.272674 4026316.146354 1621842039.262878
353373.357624 4026328.557929 1621842040.963204
353367.097762 4026338.005147 1621842042.312504
353364.281806 4026342.322312 1621842042.963304
353355.912648 4026351.904557 1621842044.715009
353350.284143 4026355.764191 1621842045.715499
353347.944637 4026356.915665 1621842046.112701
353339.263227 4026359.172261 1621842047.463547
353329.434703 4026358.283534 1621842048.863954
353331.936016 4026358.771915 1621842048.513288
353326.932792 4026357.630307 1621842049.226533
353319.907123 4026355.099342 1621842050.226683
353307.679831 4026349.113491 1621842051.963785
353302.843576 4026346.412877 1621842052.663263
353286.188874 4026336.228961 1621842055.0635
353277.068852 4026330.953503 1621842056.413414
353269.572173 4026327.201784 1621842057.763174
353266.63379 4026325.891658 1621842058.413163
353260.971692 4026323.678738 1621842059.813264
353259.583706 4026323.180986 1621842060.163106
353258.409803 4026322.758184 1621842060.463795
353250.765073 4026320.228843 1621842062.223212
353240.444254 4026317.755667 1621842063.963324
353238.525944 4026317.380171 1621842064.263874
353236.171727 4026316.926035 1621842064.613682
353225.731857 4026315.165666 1621842066.014425
353217.962355 4026314.241048 1621842067.0135
353206.624559 4026313.502766 1621842068.715012
353208.620801 4026313.577289 1621842068.363251
353199.835733 4026313.339387 1621842070.112318
353198.548463 4026313.320864 1621842070.413228
353179.051242 4026313.5377 1621842075.812962
353173.947296 4026312.783163 1621842076.913131
353172.520679 4026312.346426 1621842077.222622
353170.891774 4026311.658246 1621842077.563115
353167.859773 4026309.709306 1621842078.263551
353163.89052 4026304.056665 1621842079.6136
353162.793286 4026298.512385 1621842080.613541
353162.657592 4026293.945747 1621842081.363199
353163.047515 4026278.029052 1621842083.763203
353163.602898 4026273.076017 1621842084.463443
353166.401692 4026263.146427 1621842085.812984
353167.580988 4026260.538083 1621842086.16311
353177.687352 4026243.609079 1621842088.562602
353180.750457 4026238.779575 1621842089.313024
353181.944739 4026236.909828 1621842089.614103
353186.031242 4026230.595814 1621842090.663102
353193.644895 4026218.817771 1621842092.663812
353198.868423 4026210.633553 1621842093.96243
353203.073121 4026203.920995 1621842094.963127
353200.321715 4026208.326638 1621842094.312122
353204.590093 4026201.504558 1621842095.31142
353215.387388 4026184.55896 1621842097.71434
353220.508017 4026176.516817 1621842098.813628
353225.008865 4026169.219606 1621842099.813043
353221.879338 4026174.313211 1621842099.11221
353232.13967 4026157.56389 1621842101.513744
353236.27487 4026151.384446 1621842102.51155
353237.887704 4026149.474196 1621842102.864706
353241.778142 4026145.8796 1621842103.613324
353245.6065 4026143.2999 1621842104.263757
353254.661524 4026139.199945 1621842105.663669
353269.382874 4026135.022392 1621842107.813292
353276.233833 4026133.280491 1621842108.862873
353280.209254 4026132.335586 1621842109.512645
353278.427427 4026132.737315 1621842109.219953
353293.092109 4026129.082496 1621842111.91255
353300.398147 4026127.991856 1621842113.263822
353302.420736 4026127.98825 1621842113.614203
353306.361558 4026128.427032 1621842114.263074
353315.086277 4026131.291556 1621842115.663642
353326.742541 4026137.763085 1621842117.713631
353332.332868 4026141.164435 1621842118.714595
353334.269441 4026142.357433 1621842119.063508
353343.081793 4026147.729364 1621842120.714748
353341.25535 4026146.633343 1621842120.363408
353353.960806 4026154.494301 1621842122.812855
353358.928874 4026157.760006 1621842123.813385
353362.151243 4026159.808575 1621842124.512051
353365.965588 4026162.185175 1621842125.563187
353367.567765 4026163.184294 1621842126.263903
353368.866665 4026163.987868 1621842127.613154
353368.724196 4026163.897911 1621842127.263626
