988119.286571 1818806.820661 1620284369.813974
988120.329558 1818807.540606 1620284370.812961
988119.596464 1818807.026369 1620284370.213178
988130.51736 1818814.946871 1620284374.662851
988134.50635 1818817.784524 1620284375.663357
988139.48194 1818821.24344 1620284376.713569
988141.571909 1818822.656919 1620284377.122772
988148.265877 1818827.156781 1620284378.31355
988150.640524 1818828.748163 1620284378.713346
988155.509099 1818832.05146 1620284379.513227
988179.138112 1818852.197918 1620284384.162219
988179.931534 1818852.956473 1620284384.362348
988186.214116 1818858.816167 1620284386.21302
988189.374413 1818861.059872 1620284387.213204
988190.03923 1818861.358154 1620284387.412912
988199.474001 1818856.322949 1620284390.663074
988200.074437 1818855.419101 1620284390.86289
988201.30261 1818853.470637 1620284391.263731
988207.500621 1818843.466348 1620284392.914127
988208.346516 1818842.087326 1620284393.123252
988219.225508 1818825.045979 1620284395.362967
988223.437822 1818818.558433 1620284396.163015
988224.505015 1818816.91033 1620284396.363034
988234.600152 1818801.348362 1620284398.212985
988233.48013 1818803.042172 1620284398.012884
988249.215298 1818779.918084 1620284400.863763
988253.450688 1818773.358022 1620284401.662896
988254.489017 1818771.746955 1620284401.863127
988263.243948 1818758.39944 1620284403.712281
988262.447157 1818759.64801 1620284403.512173
988275.028811 1818740.283094 1620284406.761986
988276.708851 1818737.62169 1620284407.162895
988280.785495 1818730.999698 1620284408.1619
988284.480133 1818724.097179 1620284409.212691
988289.473785 1818712.243755 1620284410.812732
988287.680554 1818716.896382 1620284410.212726
988290.506968 1818708.968324 1620284411.212876
988293.458194 1818678.239596 1620284414.66276
988293.628412 1818680.037717 1620284414.462976
988289.57045 1818659.934144 1620284416.713175
988290.665222 1818663.455427 1620284416.313123
988283.761408 1818646.158574 1620284418.362021
988277.005795 1818634.367478 1620284419.813005
988279.988567 1818639.405729 1620284419.212835
988265.694406 1818620.745648 1620284421.863065
988260.835771 1818616.477254 1620284422.662879
988259.57407 1818615.483426 1620284422.86358
988233.739264 1818598.197596 1620284426.714285
988229.748284 1818595.617094 1620284427.3138
988222.884378 1818591.132419 1620284428.362576
988224.532847 1818592.20997 1620284428.127599
988208.97108 1818582.045664 1620284430.362947
988206.057022 1818580.119547 1620284430.761908
988193.879036 1818572.077024 1620284432.412697
988187.959319 1818568.151332 1620284433.213129
988180.366835 1818563.176274 1620284434.216369
988171.315015 1818557.217253 1620284435.412724
988172.810436 1818558.205567 1620284435.213143
988165.409279 1818553.322792 1620284436.212948
988143.620323 1818539.870328 1620284439.862733
988141.394097 1818538.788671 1620284440.263233
988140.290685 1818538.276025 1620284440.462645
988128.39872 1818538.050426 1620284442.714686
988124.706046 1818541.780278 1620284443.713381
988121.493244 1818546.879154 1620284444.71332
988120.813802 1818548.008541 1620284444.913949
988113.413604 1818559.557907 1620284446.762768
988110.658687 1818563.797927 1620284447.362834
988105.434285 1818571.803866 1620284448.412854
988101.232923 1818578.278655 1620284449.21292
988100.162537 1818579.932052 1620284449.412867
988086.43803 1818601.07022 1620284451.862635
988084.100611 1818604.65421 1620284452.262808
988074.360405 1818619.601349 1620284453.915315
988068.374247 1818628.768988 1620284454.913362
988065.966084 1818632.461526 1620284455.313268
988067.168726 1818630.619191 1620284455.123444
988051.030282 1818655.382442 1620284457.762161
988053.490969 1818651.594626 1620284457.362047
988039.608878 1818673.116259 1620284459.61366
988034.720507 1818680.628686 1620284460.412832
988028.729652 1818689.720589 1620284461.412848
988024.059361 1818696.770689 1620284462.212804
988018.738628 1818704.909003 1620284463.21284
988014.202192 1818713.009638 1620284464.41265
988014.796678 1818711.743714 1620284464.212744
988012.548097 1818719.30612 1620284465.412676
988019.321214 1818733.442456 1620284467.914327
988025.785051 1818737.932929 1620284468.914548
988033.212936 1818742.559188 1620284469.91312
988040.678351 1818747.465868 1620284470.913101
988047.662956 1818752.39401 1620284471.913466
988053.863727 1818757.997605 1620284472.913594
988059.040075 1818764.5077 1620284473.917196
988062.92834 1818769.611465 1620284474.713402
988060.943246 1818767.12066 1620284474.313389
988072.552199 1818778.159892 1620284476.361682
988075.123135 1818780.020728 1620284476.762689
988100.459004 1818797.506386 1620284480.812697
988103.943529 1818799.654628 1620284481.412638
988108.545019 1818802.129242 1620284482.212998
988114.428424 1818804.882511 1620284483.263736
988115.502671 1818805.393837 1620284483.465451
988130.54835 1818814.525407 1620284490.713184
988130.305741 1818814.381578 1620284490.313272
988131.485828 1818815.094192 1620284492.361529
988131.562756 1818815.141858 1620284492.56218
