988119.286571 1818806.820661 1620284369.813974
988120.329558 1818807.540606 1620284370.812961
988119.596464 1818807.026369 1620284370.213178
988130.51736 1818814.946871 1620284374.662851
988134.50635 1818817.784524 1620284375.663357
988139.48194 1818821.24344 1620284376.713569
988141.305625 1818822.47825 1620284377.063154
988148.265877 1818827.156781 1620284378.31355
988150.943184 1818828.951596 1620284378.763011
988154.899355 1818831.634339 1620284379.413791
988179.138112 1818852.197918 1620284384.162219
988180.125678 1818853.142715 1620284384.413254
988186.214116 1818858.816167 1620284386.21302
988189.374413 1818861.059872 1620284387.213204
988190.375582 1818861.484779 1620284387.513662
988199.474001 1818856.322949 1620284390.663074
988200.226608 1818855.1857 1620284390.913484
988201.142495 1818853.719131 1620284391.213076
988207.710333 1818843.124053 1620284392.963122
988208.132916 1818842.43417 1620284393.063389
988219.487698 1818824.645859 1620284395.412858
988223.437822 1818818.558433 1620284396.163015
988224.772462 1818816.495985 1620284396.412911
988234.881516 1818800.92442 1620284398.263025
988234.319201 1818801.772596 1620284398.163481
988249.474607 1818779.506474 1620284400.913316
988253.450688 1818773.358022 1620284401.662896
988254.754319 1818771.338272 1620284401.914296
988263.439732 1818758.097816 1620284403.762751
988263.046976 1818758.708714 1620284403.662822
988275.249711 1818739.94752 1620284406.812886
988276.708851 1818737.62169 1620284407.162895
988280.785495 1818730.999698 1620284408.1619
988284.480133 1818724.097179 1620284409.212691
988289.473785 1818712.243755 1620284410.812732
988287.828635 1818716.512262 1620284410.263041
988290.628335 1818708.547795 1620284411.262838
988293.458194 1818678.239596 1620284414.66276
988293.550034 1818679.139378 1620284414.563963
988289.424664 1818659.495771 1620284416.763095
988290.665222 1818663.455427 1620284416.313123
988283.553236 1818645.754116 1620284418.412838
988277.005795 1818634.367478 1620284419.813005
988279.748676 1818638.977874 1620284419.263266
988265.400476 1818620.463833 1620284421.913807
988260.835771 1818616.477254 1620284422.662879
988259.255986 1818615.239045 1620284422.913887
988233.405167 1818597.982023 1620284426.76195
988229.423271 1818595.405239 1620284427.362538
988222.884378 1818591.132419 1620284428.362576
988224.532847 1818592.20997 1620284428.127599
988209.33387 1818582.28434 1620284430.313358
988206.057022 1818580.119547 1620284430.761908
988193.879036 1818572.077024 1620284432.412697
988188.334557 1818568.398091 1620284433.162481
988180.746647 1818563.425306 1620284434.162838
988171.315015 1818557.217253 1620284435.412724
988173.184683 1818558.452167 1620284435.16289
988165.775449 1818553.563327 1620284436.162715
988143.895648 1818540.011081 1620284439.812896
988141.394097 1818538.788671 1620284440.263233
988140.015005 1818538.154699 1620284440.513185
988128.39872 1818538.050426 1620284442.714686
988124.706046 1818541.780278 1620284443.713381
988121.493244 1818546.879154 1620284444.71332
988120.813802 1818548.008541 1620284444.913949
988113.413604 1818559.557907 1620284446.762768
988110.894727 1818563.435515 1620284447.31336
988105.434285 1818571.803866 1620284448.412854
988101.232923 1818578.278655 1620284449.21292
988100.162537 1818579.932052 1620284449.412867
988086.727757 1818600.623421 1620284451.812697
988084.100611 1818604.65421 1620284452.262808
988074.360405 1818619.601349 1620284453.915315
988068.374247 1818628.768988 1620284454.913362
988066.266632 1818632.00127 1620284455.264749
988067.7714 1818629.693812 1620284455.013
988051.030282 1818655.382442 1620284457.762161
988053.797563 1818651.122395 1620284457.313096
988040.223987 1818672.166601 1620284459.512676
988034.720507 1818680.628686 1620284460.412832
988028.729652 1818689.720589 1620284461.412848
988024.349393 1818696.337089 1620284462.162161
988018.974326 1818704.534628 1620284463.162714
988014.202192 1818713.009638 1620284464.41265
988014.953241 1818711.427128 1620284464.162796
988012.534322 1818719.614543 1620284465.461729
988019.321214 1818733.442456 1620284467.914327
988025.785051 1818737.932929 1620284468.914548
988033.212936 1818742.559188 1620284469.91312
988040.678351 1818747.465868 1620284470.913101
988047.662956 1818752.39401 1620284471.913466
988053.863727 1818757.997605 1620284472.913594
988059.040075 1818764.5077 1620284473.917196
988062.92834 1818769.611465 1620284474.713402
988060.706126 1818766.806138 1620284474.262947
988072.552199 1818778.159892 1620284476.361682
988075.123135 1818780.020728 1620284476.762689
988100.751353 1818797.692162 1620284480.862703
988103.943529 1818799.654628 1620284481.412638
988108.545019 1818802.129242 1620284482.212998
988114.428424 1818804.882511 1620284483.263736
988115.768412 1818805.522656 1620284483.513158
988130.54835 1818814.525407 1620284490.713184
988130.335854 1818814.399429 1620284490.362869
988131.464841 1818815.080957 1620284492.3131
988131.525818 1818815.119073 1620284492.462711
