988155.409903 1818830.313054 1620285959.960219
988155.40759 1818830.311679 1620285960.312624
988155.409628 1818830.310008 1620285962.460597
988166.606888 1818838.62932 1620285969.509547
988169.200605 1818840.928013 1620285970.509585
988168.812663 1818840.572552 1620285970.360723
988171.626964 1818843.226872 1620285971.459435
988178.655768 1818850.855647 1620285974.008771
988182.409566 1818854.824051 1620285975.2101
988185.101357 1818857.381883 1620285976.119788
988197.954042 1818858.241535 1620285980.560238
988197.438765 1818858.803217 1620285980.360061
988199.852465 1818855.596647 1620285981.359288
988202.679248 1818851.046884 1620285982.458736
988207.898238 1818842.924779 1620285984.008912
988208.656828 1818841.763204 1620285984.209806
988213.620414 1818834.103276 1620285985.459671
988222.769544 1818820.153196 1620285987.509815
988227.128573 1818813.68825 1620285988.410028
988226.145262 1818815.139253 1620285988.209047
988234.887485 1818802.13028 1620285989.959166
988235.651829 1818800.98864 1620285990.118961
988255.365448 1818770.859121 1620285994.059581
988256.092684 1818769.740093 1620285994.208604
988265.514286 1818755.498395 1620285996.309628
988266.115547 1818754.63221 1620285996.459422
988280.807905 1818731.306722 1620286000.359974
988281.489036 1818730.085673 1620286000.559617
988287.566596 1818717.034235 1620286002.660269
988293.322031 1818689.605589 1620286006.060492
988293.194979 1818680.611475 1620286007.116939
988292.137529 1818670.76518 1620286008.259475
988290.4866 1818663.283214 1620286009.11794
988289.996398 1818661.512094 1620286009.30937
988287.614269 1818654.456425 1620286010.117246
988278.979103 1818637.778706 1620286012.117396
988273.445127 1818629.990863 1620286013.117502
988272.238035 1818628.504283 1620286013.309679
988258.643929 1818614.56127 1620286015.360302
988257.209671 1818613.47174 1620286015.559071
988252.716256 1818610.249853 1620286016.208529
988234.705539 1818607.43286 1620286020.610645
988234.246912 1818607.95583 1620286020.809525
988230.539457 1818615.685786 1620286022.859558
988230.222734 1818616.570274 1620286023.059441
988229.962843 1818617.24668 1620286023.210106
988224.835799 1818626.466263 1620286025.310255
988224.446974 1818627.084279 1620286025.459343
988217.861614 1818636.316321 1620286027.559322
988214.316006 1818639.908414 1620286028.358829
988209.022786 1818645.865067 1620286029.558744
988209.649248 1818645.082612 1620286029.409446
988203.677058 1818653.79519 1620286030.959969
988201.603476 1818657.09376 1620286031.509206
988195.01135 1818667.369555 1620286033.160159
988186.691968 1818685.592061 1620286036.709247
988188.872955 1818690.297267 1620286037.90944
988188.346007 1818689.598532 1620286037.709399
988196.874594 1818696.534933 1620286039.760107
988210.874538 1818705.251198 1620286042.009711
988212.722266 1818706.444674 1620286042.309391
988220.330005 1818711.350078 1620286043.559653
988239.438268 1818723.474009 1620286046.659232
988240.407346 1818724.058523 1620286046.809447
988245.988526 1818727.339623 1620286047.659319
988255.692476 1818732.945844 1620286049.209489
988256.77511 1818733.579934 1620286049.409507
988267.592778 1818739.732206 1620286052.459367
988269.927405 1818740.43783 1620286053.30973
988269.464526 1818740.355067 1620286053.159106
988277.924266 1818737.024641 1620286055.410065
988277.172514 1818737.78043 1620286055.209485
988287.962008 1818716.494789 1620286058.810012
988290.336292 1818709.364519 1620286059.8102
988290.763137 1818707.87079 1620286060.009444
988293.428175 1818693.333842 1620286061.808467
988292.515397 1818700.00553 1620286061.009624
988291.395371 1818666.840107 1620286064.808323
988288.614726 1818657.440152 1620286065.859269
988290.603494 1818663.688915 1620286065.159962
988280.916529 1818640.467164 1620286067.809559
988279.140436 1818637.562667 1620286068.15995
988274.375233 1818630.721629 1620286069.009452
988262.620303 1818617.704402 1620286070.809447
988260.1333 1818615.462041 1620286071.15915
988246.174802 1818605.680983 1620286072.910212
988237.800762 1818600.282658 1620286073.910294
988236.522848 1818599.474447 1620286074.05965
988227.833352 1818593.923142 1620286075.059333
988219.110685 1818588.153792 1620286076.059466
988217.356555 1818586.98925 1620286076.259347
988206.743936 1818579.947593 1620286077.45938
988168.798368 1818555.290905 1620286081.909797
988164.852213 1818552.799309 1620286082.409728
988155.940021 1818547.075362 1620286083.610343
988157.337377 1818547.986562 1620286083.409324
988147.166201 1818541.345348 1620286084.95992
988140.225495 1818536.869516 1620286086.059435
988138.918454 1818536.029406 1620286086.259405
988125.177982 1818527.21743 1620286088.30934
988123.975308 1818526.416829 1620286088.510511
988113.154677 1818519.195802 1620286090.409362
988104.749959 1818513.612075 1620286091.759397
988097.450588 1818508.804226 1620286092.809659
988096.035383 1818507.873566 1620286093.008492
988014.629629 1818476.543294 1620286103.910424
988005.779381 1818476.075033 1620286104.910542
987997.283069 1818475.243026 1620286105.909437
987995.627654 1818475.027878 1620286106.115703
987994.389449 1818474.861667 1620286106.259339
987976.483439 1818470.345319 1620286108.509743
987968.775513 1818466.972573 1620286109.610609
987970.108908 1818467.617405 1620286109.408957
987961.5878 1818463.248622 1620286110.759252
987949.564537 1818455.892057 1620286113.008512
987948.778668 1818455.372086 1620286113.159246
987925.580767 1818439.229166 1620286116.959078
987926.77143 1818440.171822 1620286116.759884
987914.857579 1818429.206394 1620286119.009706
987914.131329 1818428.413203 1620286119.15904
987909.294969 1818422.64321 1620286120.159011
987904.619996 1818415.861703 1620286121.160189
987900.200997 1818408.194128 1620286122.160141
987896.122426 1818400.455927 1620286123.160016
987892.167479 1818393.120655 1620286124.159935
987887.283764 1818385.500419 1620286125.310052
987883.382694 1818380.454108 1620286126.160141
987878.545071 1818375.229158 1620286127.160751
987877.500662 1818374.224868 1620286127.362051
987872.680324 1818370.118839 1620286128.209556
987859.121451 1818360.609538 1620286130.259184
987849.244186 1818354.187913 1620286131.659377
987847.848226 1818353.276912 1620286131.859546
987834.369671 1818344.265954 1620286133.910101
987833.184765 1818343.477571 1620286134.119547
987832.275477 1818342.864367 1620286134.259638
987818.911741 1818333.983834 1620286136.359083
987820.267973 1818334.884459 1620286136.159065
987804.870445 1818325.597647 1620286138.61111
987799.628822 1818325.163817 1620286139.611144
987800.385954 1818325.074782 1620286139.458476
987790.988994 1818331.19963 1620286141.859187
987789.103716 1818335.558896 1620286142.859298
987789.483315 1818339.894307 1620286143.859274
987791.809179 1818343.619294 1620286144.859176
987796.081527 1818347.032937 1620286145.859162
987800.075708 1818350.010345 1620286146.659359
987801.118835 1818350.797085 1620286146.859353
987801.916437 1818351.382483 1620286147.009772
987836.26272 1818365.967903 1620286152.910082
987837.490776 1818365.806733 1620286153.119643
987849.515477 1818361.639846 1620286157.359774
987850.214189 1818359.764671 1620286158.359562
987849.030482 1818355.600279 1620286159.61013
987845.857195 1818352.716409 1620286160.458276
987839.544223 1818348.729181 1620286161.610323
987833.314135 1818344.817952 1620286162.610149
987826.858691 1818340.107546 1620286163.611178
987825.551391 1818339.02451 1620286163.817893
987796.484817 1818319.712278 1620286167.708895
987789.956246 1818315.442372 1620286168.559466
987784.503471 1818311.860264 1620286169.259238
987782.936651 1818310.823225 1620286169.459573
987755.833481 1818293.088208 1620286172.85961
987752.045047 1818290.580823 1620286173.359946
987750.579661 1818289.604151 1620286173.559112
987711.011477 1818263.81626 1620286179.458954
987710.072271 1818263.205252 1620286179.610555
987704.475669 1818259.398918 1620286180.460041
987692.057765 1818248.069832 1620286182.509074
987692.877993 1818249.051491 1620286182.359417
987673.890981 1818222.480663 1620286185.959306
987672.930769 1818221.450705 1620286186.119327
987591.971385 1818166.457802 1620286196.858843
987590.153845 1818165.762759 1620286197.209532
987581.653209 1818165.945039 1620286199.117141
987577.031412 1818169.373903 1620286200.610261
987575.0709 1818171.920767 1620286201.459284
987574.740369 1818172.400559 1620286201.610241
987573.025762 1818174.941487 1620286202.309023
987564.137466 1818188.039702 1620286204.710045
987558.121478 1818196.904993 1620286205.959355
987552.862161 1818204.497905 1620286206.959019
987547.471642 1818212.13512 1620286207.959349
987542.519777 1818219.120193 1620286208.958898
987538.728082 1818224.559057 1620286209.959906
987541.867774 1818220.033662 1620286209.11932
987538.226232 1818225.285994 1620286210.119167
987529.396674 1818238.112406 1620286212.859081
987522.955234 1818248.054549 1620286214.610234
987519.050988 1818254.633676 1620286215.611316
987515.525178 1818260.939943 1620286216.611534
987512.885064 1818265.861756 1620286217.610804
987510.618052 1818270.369676 1620286218.610828
987508.052535 1818275.336427 1620286219.610075
987505.258969 1818280.675786 1620286220.659203
987505.796751 1818279.637681 1620286220.45919
987499.135593 1818292.366197 1620286222.709967
987494.585717 1818300.972553 1620286223.959864
987494.003627 1818302.078824 1620286224.11643
987489.969272 1818309.760165 1620286225.117371
987485.714019 1818317.822759 1620286226.117539
987481.189194 1818326.479468 1620286227.159657
987476.84418 1818334.86821 1620286228.159618
987472.733035 1818342.817761 1620286229.117416
987468.166707 1818351.713459 1620286230.159196
987463.785802 1818360.118005 1620286231.158875
987459.480475 1818368.310498 1620286232.159666
987455.178339 1818376.558506 1620286233.159593
987451.762819 1818383.044591 1620286233.958983
987446.876123 1818392.428437 1620286235.159325
987446.27959 1818393.571208 1620286235.310825
987439.135857 1818406.957601 1620286237.358964
987438.595768 1818407.998176 1620286237.559353
987437.236647 1818410.583606 1620286238.059268
987436.341021 1818426.075625 1620286241.612774
987439.830455 1818428.726643 1620286242.660589
987444.434082 1818428.840948 1620286243.911032
987443.736884 1818429.050366 1620286243.709183
987459.142252 1818408.084279 1620286248.959089
987459.50176 1818406.944832 1620286249.159546
987481.306696 1818373.037257 1620286255.910836
987483.097403 1818370.537076 1620286256.409489
987482.378693 1818371.533122 1620286256.209673
987490.097556 1818360.704338 1620286258.310584
987503.60321 1818340.959622 1620286261.910903
987502.880235 1818342.027774 1620286261.709207
987504.129603 1818340.173234 1620286262.060972
987509.916236 1818331.469789 1620286263.80929
987513.933102 1818324.825555 1620286265.558606
987514.427903 1818317.297683 1620286268.459009
987514.070254 1818316.798476 1620286268.658833
987512.328392 1818315.013399 1620286269.359322
987492.232172 1818307.95548 1620286274.910091
987492.857831 1818307.55044 1620286274.710683
987486.430821 1818316.507106 1620286276.959346
987485.828637 1818317.644178 1620286277.159309
987485.340069 1818318.517912 1620286277.309662
987478.256073 1818332.093962 1620286279.409433
987478.976102 1818330.692553 1620286279.208847
987439.697829 1818405.660573 1620286289.659708
987440.103016 1818404.927448 1620286289.508864
987434.669388 1818414.896776 1620286291.710516
987431.194209 1818421.199829 1620286292.95911
987422.22947 1818438.345428 1620286295.860688
987421.447043 1818439.889638 1620286296.159276
987420.928315 1818440.882104 1620286296.359303
987418.337743 1818445.75312 1620286297.361193
987413.79099 1818454.024582 1620286299.010267
987410.204836 1818460.645852 1620286300.160287
987407.037046 1818466.734017 1620286301.160534
987403.536452 1818473.440383 1620286302.358959
987400.701448 1818479.071925 1620286303.510676
987392.194873 1818495.256227 1620286306.408851
987388.303257 1818502.764704 1620286307.510741
987387.761849 1818503.79154 1620286307.659544
987378.80809 1818520.319168 1620286309.910501
987374.50164 1818528.481946 1620286310.910315
987370.092592 1818536.891941 1620286311.910447
987365.134328 1818546.324574 1620286313.008983
987364.453049 1818547.597228 1620286313.159557
987360.703411 1818554.682923 1620286314.008955
987360.074533 1818555.847091 1620286314.158806
987348.784786 1818577.382733 1620286317.409272
987345.704703 1818583.402987 1620286318.258719
987340.17764 1818593.952869 1620286319.610912
987336.61615 1818600.631218 1620286320.409678
987332.751542 1818607.955861 1620286321.258058
987325.269877 1818621.897675 1620286322.808894
987321.290785 1818629.418422 1620286323.659867
987316.211421 1818639.018772 1620286324.958508
987312.781743 1818645.685522 1620286325.960248
987315.790711 1818640.041761 1620286325.11898
987305.107875 1818660.060918 1620286327.959195
987308.536039 1818653.624582 1620286327.119991
987303.836482 1818662.460084 1620286328.259659
987291.526127 1818685.484163 1620286330.960458
987295.435399 1818678.164304 1620286330.118775
987277.17438 1818712.846511 1620286334.158664
987272.536349 1818721.701571 1620286335.159858
987267.648555 1818731.053431 1620286336.259848
987263.238582 1818739.428812 1620286337.409049
987259.569182 1818746.432878 1620286338.409261
987260.133317 1818745.371306 1620286338.259087
987250.304587 1818764.24272 1620286340.659119
987245.534781 1818773.470428 1620286341.709884
987241.982841 1818780.223611 1620286342.509238
987237.596763 1818788.497305 1620286343.709106
987234.875318 1818793.585769 1620286344.50979
987233.680678 1818795.800361 1620286344.858779
987211.283558 1818846.513556 1620286351.910439
987211.629402 1818845.06083 1620286351.75923
987209.142608 1818857.357894 1620286353.009109
987207.541486 1818868.974505 1620286354.208955
987207.397036 1818870.385994 1620286354.360307
987206.267299 1818886.654729 1620286356.409266
987206.220222 1818888.15944 1620286356.611599
987205.932437 1818912.004759 1620286359.659066
987206.014185 1818919.076624 1620286360.509646
987205.991058 1818917.846488 1620286360.359162
987206.175032 1818937.288093 1620286362.95962
987206.278148 1818944.742399 1620286363.958363
987206.269341 1818943.19091 1620286363.760073
987206.295482 1818945.904739 1620286364.118975
987206.421992 1818962.693348 1620286366.159149
987206.591763 1818971.750772 1620286367.209086
987207.068306 1819007.34417 1620286371.309825
987207.068164 1819005.706857 1620286371.118568
987210.726723 1819029.296004 1620286374.509825
987211.117758 1819030.340302 1620286374.709759
987217.507638 1819036.968328 1620286376.758341
987224.12158 1819037.533662 1620286377.959342
987231.261353 1819037.388772 1620286378.960334
987232.415971 1819037.361405 1620286379.119762
987247.135985 1819036.995477 1620286380.859053
987250.315486 1819036.97101 1620286381.209486
987248.494209 1819036.984927 1620286381.008908
987269.114948 1819036.719296 1620286383.258455
987278.337039 1819036.70613 1620286384.45979
987283.738335 1819036.770995 1620286385.25863
987290.933539 1819036.751916 1620286386.259048
987292.477929 1819036.733019 1620286386.459763
987305.964497 1819037.053984 1620286388.258711
987311.437404 1819037.706962 1620286389.25938
987316.124815 1819038.490765 1620286390.259781
987321.964374 1819039.616524 1620286391.258576
987329.061114 1819041.359814 1620286392.259399
987338.16463 1819043.950632 1620286393.458664
987346.143759 1819046.610304 1620286394.458684
987354.302189 1819049.593021 1620286395.510577
987370.883452 1819062.107059 1620286398.710074
987370.480247 1819061.540105 1620286398.558697
987373.588682 1819070.262028 1620286400.759249
987373.570746 1819071.243944 1620286400.960255
987331.274353 1819122.381862 1620286409.208536
987332.214357 1819120.789359 1620286409.008658
987322.829562 1819141.627507 1620286411.459294
987319.262377 1819150.521386 1620286412.459432
987319.823502 1819149.190469 1620286412.309486
987316.874113 1819156.405475 1620286413.119593
987302.716494 1819200.28787 1620286417.708927
987302.036879 1819203.898232 1620286418.058774
987299.514495 1819221.598725 1620286419.809036
987299.877989 1819218.12958 1620286419.458972
987299.143943 1819243.083792 1620286422.209062
987300.834022 1819250.003445 1620286423.20864
987304.66748 1819255.028954 1620286424.208991
987312.613573 1819258.075455 1620286425.610381
987319.864108 1819258.214444 1620286426.659426
987327.76768 1819258.113531 1620286427.659307
987333.161395 1819258.042439 1620286428.309563
987339.141269 1819257.994598 1620286429.059293
987349.733328 1819257.847399 1620286430.408611
987367.14227 1819258.002242 1620286432.808651
987362.383063 1819257.911027 1620286432.119004
987376.363949 1819258.172267 1620286434.208599
987387.13139 1819258.274736 1620286435.959894
987389.090187 1819258.27988 1620286436.309452
987390.642477 1819258.279838 1620286436.611609
987393.601968 1819258.269682 1620286437.309047
987398.506536 1819258.260741 1620286439.059602
987436.717793 1819257.119613 1620286447.80895
987442.807086 1819256.975428 1620286448.808143
987438.586025 1819257.022782 1620286448.118223
987449.529048 1819256.958855 1620286449.909948
987451.697228 1819256.961832 1620286450.258835
987472.198379 1819257.04756 1620286453.309515
987474.58235 1819257.055736 1620286453.659464
987490.39612 1819257.128455 1620286456.059601
987496.490985 1819257.104505 1620286457.059319
987504.591035 1819256.977649 1620286458.408527
987512.512982 1819256.82942 1620286459.808619
987517.442794 1819256.830626 1620286460.808614
987518.967517 1819256.862041 1620286461.158909
987523.387861 1819256.91992 1620286462.859192
987523.051952 1819256.911331 1620286462.559339
987523.830075 1819256.963982 1620286464.309501
987523.862306 1819256.952431 1620286465.308564
987523.889142 1819256.822239 1620286466.309432
987523.901899 1819256.806944 1620286467.30966
987524.146277 1819256.810095 1620286468.31037
987524.9754 1819256.819347 1620286469.309227
987525.389287 1819256.831648 1620286469.657528
987526.346072 1819256.878803 1620286470.358235
987531.606189 1819257.26577 1620286472.709357
987534.014639 1819257.301052 1620286473.409868
987544.102267 1819257.777858 1620286475.808641
987545.808438 1819257.818073 1620286476.159941
987551.276188 1819257.786384 1620286477.208165
987556.980822 1819257.562558 1620286478.208651
987559.086922 1819257.479043 1620286478.558892
987570.473234 1819257.285129 1620286480.308656
987579.451659 1819257.72297 1620286481.610777
987588.658814 1819258.710885 1620286482.959967
987593.126939 1819259.38087 1620286483.609023
987598.064237 1819260.163952 1620286484.309081
987605.34892 1819261.310129 1620286485.309692
987603.141912 1819260.965662 1620286485.008994
987618.070647 1819263.231312 1620286487.057592
987647.586875 1819264.826651 1620286491.158665
987652.994652 1819264.638085 1620286491.859086
987664.119108 1819264.099303 1620286493.257968
987672.288571 1819263.720875 1620286494.257725
987677.647241 1819263.515204 1620286494.909576
987680.508963 1819263.41928 1620286495.259895
987706.222281 1819262.166518 1620286498.658623
987710.522516 1819261.923748 1620286499.309717
987714.50801 1819261.898091 1620286500.00897
987720.992894 1819264.111161 1620286501.408505
987724.89079 1819269.810179 1620286502.80852
987725.475151 1819275.317876 1620286503.808534
987725.268339 1819271.639655 1620286503.158931
987725.520906 1819277.73474 1620286504.209982
987725.648316 1819291.836418 1620286506.259382
987725.691763 1819299.701933 1620286507.309722
987725.722403 1819302.385547 1620286507.65956
987725.857605 1819315.986471 1620286509.408775
987725.870153 1819323.767087 1620286510.409105
987725.870502 1819321.445997 1620286510.113868
987725.787016 1819342.047701 1620286512.858557
987725.895256 1819336.910695 1620286512.158646
987725.454225 1819354.07763 1620286514.609875
987725.117115 1819359.338371 1620286515.659645
987724.550411 1819361.977963 1620286516.30942
987722.820187 1819365.89914 1620286517.360075
987723.529861 1819364.682404 1620286517.009845
987689.050927 1819373.454696 1620286522.710577
987691.609322 1819373.385118 1620286522.408288
987673.626405 1819373.69476 1620286524.459275
987651.151433 1819373.986097 1620286527.125124
987627.498594 1819374.067049 1620286530.158423
987616.583309 1819371.056908 1620286531.609036
987619.42563 1819372.351261 1620286531.208809
987605.736837 1819363.222764 1620286533.309221
987599.566157 1819357.455681 1620286534.359535
987601.605243 1819359.429626 1620286534.00877
987589.762732 1819347.912905 1620286536.059254
987544.540415 1819331.798925 1620286543.858487
987538.843834 1819329.490159 1620286544.858387
987537.05828 1819328.237357 1620286545.209127
987530.706302 1819312.209187 1620286547.959175
987530.710017 1819314.950733 1620286547.559152
987530.665172 1819299.869084 1620286549.65907
987530.528436 1819297.170667 1620286550.008936
987530.030084 1819286.779172 1620286551.309715
987529.766512 1819278.467429 1620286552.359722
987529.613581 1819271.786914 1620286553.359774
987529.577772 1819265.611368 1620286554.758446
987529.557224 1819264.074134 1620286555.858124
987529.482835 1819263.49018 1620286556.85917
987529.540109 1819263.864052 1620286556.160065
987529.574719 1819263.385808 1620286558.259177
987529.90376 1819263.330001 1620286559.259044
987530.081852 1819263.260454 1620286560.359181
987530.18576 1819262.878049 1620286561.358979
987530.347737 1819262.154013 1620286562.359167
987530.936349 1819260.995999 1620286563.360188
987531.345677 1819260.419663 1620286563.708463
987535.823602 1819257.813748 1620286565.40889
987538.540238 1819257.343671 1620286566.123649
987552.89074 1819257.352847 1620286568.859102
987559.102094 1819257.363942 1620286569.859004
987561.378396 1819257.359894 1620286570.209805
987565.789897 1819257.334226 1620286570.860113
987605.745774 1819261.311593 1620286576.25921
987610.808197 1819262.187248 1620286576.910386
987616.203308 1819263.036669 1620286577.610601
987629.741477 1819264.282561 1620286579.36016
987637.852582 1819264.647627 1620286580.359121
987646.2297 1819264.939243 1620286581.358406
987654.689418 1819265.191068 1620286582.358391
987662.960124 1819265.390826 1620286583.35906
987671.227928 1819265.456267 1620286584.359156
987674.120729 1819265.409235 1620286584.70934
987690.169476 1819264.207333 1620286586.708619
987695.358774 1819263.669687 1620286587.359648
987698.132771 1819263.400323 1620286587.708638
987720.106685 1819262.130706 1620286590.759911
987726.31684 1819261.011986 1620286591.809671
987731.835796 1819258.499136 1620286592.809692
987752.925689 1819239.605533 1620286596.559706
987759.232724 1819233.300579 1620286597.558586
987757.025193 1819235.535043 1620286597.209716
987770.411168 1819222.021645 1620286599.308275
987779.374337 1819213.178496 1620286600.71016
987793.037281 1819199.941025 1620286602.808472
987790.760445 1819202.123309 1620286602.459126
987806.327326 1819187.124276 1620286604.859351
987808.548408 1819184.88271 1620286605.209178
987818.500177 1819173.857247 1620286606.859209
987824.118135 1819166.936515 1620286607.859424
987829.863559 1819160.169852 1620286608.859529
987835.810553 1819153.73426 1620286609.858696
987842.0128 1819147.199219 1620286610.959572
987843.641625 1819145.327219 1620286611.309728
987847.011087 1819140.016025 1620286612.308562
987846.60874 1819130.701879 1620286613.959504
987845.589849 1819128.922155 1620286614.309177
987842.995341 1819125.739375 1620286614.959724
987835.088763 1819118.816774 1620286616.409365
987837.201371 1819120.547811 1620286616.059477
987811.568615 1819101.857536 1620286619.809943
987814.134082 1819103.651613 1620286619.459068
987796.404369 1819091.344969 1620286621.858227
987788.817304 1819086.150268 1620286622.959052
987781.674785 1819081.191243 1620286623.959749
987779.173025 1819079.448274 1620286624.308936
987766.808354 1819070.793598 1620286626.359143
987764.843758 1819069.43244 1620286626.759656
987753.500252 1819048.453039 1620286632.759017
987752.844007 1819050.230928 1620286632.459394
987763.595348 1819037.624763 1620286634.859029
987769.68094 1819032.690323 1620286635.909383
987775.285811 1819028.020711 1620286636.910681
987780.939885 1819023.060259 1620286637.908513
987776.946846 1819026.5882 1620286637.210034
987793.234802 1819012.40508 1620286639.858953
987795.595487 1819010.368394 1620286640.209402
987802.371352 1819004.350485 1620286641.209399
987807.218315 1819000.111448 1620286641.909405
987814.726748 1818994.019309 1620286642.959583
987851.201818 1818971.505757 1620286647.659036
987854.555249 1818969.842121 1620286648.057861
987907.625466 1818950.063817 1620286654.809515
987910.62504 1818948.494325 1620286655.458251
987909.070919 1818949.414032 1620286655.11854
987915.566948 1818937.497175 1620286657.859003
987915.986141 1818931.787643 1620286658.858106
987916.426278 1818925.367406 1620286659.861449
987917.087842 1818918.693913 1620286660.859016
987918.505016 1818911.637136 1620286661.909136
987917.448965 1818916.347695 1620286661.209438
987925.269592 1818897.802271 1620286663.959599
987926.863003 1818895.423514 1620286664.308983
987931.471026 1818888.569078 1620286665.308881
987937.513732 1818879.473768 1620286666.657099
987940.41033 1818875.08416 1620286667.308927
987944.887248 1818868.296745 1620286668.30889
987949.343844 1818861.503467 1620286669.308973
987953.800218 1818854.584211 1620286670.308906
987960.048125 1818844.87864 1620286671.658827
987963.094463 1818840.110881 1620286672.308902
987964.727419 1818837.577366 1620286672.658913
987967.70784 1818832.95606 1620286673.309958
987977.108176 1818818.698669 1620286675.408324
987981.563269 1818811.656374 1620286676.459082
987985.680356 1818805.161338 1620286677.459185
987991.83037 1818796.081467 1620286678.909258
987996.893852 1818790.997349 1620286679.909762
988002.720798 1818787.290477 1620286680.909176
988004.79769 1818786.322838 1620286681.258781
988011.434423 1818783.884489 1620286682.308914
988045.103053 1818775.226304 1620286687.409849
988052.815849 1818773.320712 1620286688.811189
988051.089917 1818773.699995 1620286688.458827
988062.569654 1818773.32248 1620286690.909564
988064.399633 1818773.816327 1620286691.259009
988081.894584 1818783.480434 1620286694.309201
988090.738678 1818789.051523 1620286695.708916
988095.283506 1818791.961674 1620286696.408127
988103.995969 1818797.69272 1620286697.809203
988110.625573 1818802.039078 1620286698.908181
988116.458204 1818805.923851 1620286699.909888
988114.442285 1818804.590156 1620286699.559139
988127.682645 1818813.184698 1620286701.959435
988126.080309 1818812.168092 1620286701.658859
988135.476061 1818818.009888 1620286703.409329
988137.05815 1818818.972402 1620286703.70924
988147.375538 1818825.315708 1620286705.809324
988150.299689 1818827.188477 1620286706.508873
988148.87728 1818826.281251 1620286706.158586
988156.311087 1818831.128734 1620286708.909941
988156.562426 1818831.301503 1620286709.208565
988156.786321 1818831.461248 1620286709.611271
988156.883031 1818831.519795 1620286711.658061
988156.879802 1818831.519253 1620286711.30892
988156.88341 1818831.517926 1620286714.709085
