353731.334247 4026085.516462 1620800835.466174
353741.612973 4026093.766263 1620800836.466219
353745.689062 4026096.980223 1620800836.866001
353766.272635 4026113.187489 1620800838.919619
353776.183824 4026121.10443 1620800839.916902
353786.082111 4026128.944821 1620800840.91623
353796.082296 4026136.722917 1620800841.915845
353800.078226 4026139.833132 1620800842.315866
353810.01023 4026147.68975 1620800843.316026
353812.011722 4026149.266578 1620800843.517435
353857.512423 4026185.634473 1620800847.965157
353868.35872 4026194.280883 1620800848.966063
353879.457843 4026203.146947 1620800849.964941
353872.770431 4026197.805117 1620800849.365928
353883.96813 4026206.740929 1620800850.365384
353907.614629 4026225.668814 1620800852.416047
353914.704573 4026231.335158 1620800853.0253
353937.073601 4026249.240697 1620800854.867239
353950.110586 4026259.70395 1620800855.916145
353955.092967 4026263.693787 1620800856.316263
353982.66985 4026285.667589 1620800858.566469
353990.491515 4026291.799017 1620800859.215973
354004.297006 4026302.612514 1620800860.365564
354023.437049 4026317.789368 1620800861.9651
354028.230752 4026321.623504 1620800862.366274
354035.437183 4026327.393059 1620800862.965407
354040.261068 4026331.221812 1620800863.366189
354065.113618 4026350.991999 1620800865.416322
354060.27453 4026347.088219 1620800865.026027
354079.634242 4026362.833102 1620800866.616464
354119.253311 4026394.623031 1620800869.86575
354131.448033 4026403.991765 1620800870.867637
354144.259689 4026413.140488 1620800871.915414
354156.515155 4026421.322473 1620800872.915351
354168.804215 4026429.280471 1620800873.916078
354181.110345 4026437.054257 1620800874.915703
354193.405847 4026444.814248 1620800875.91909
354205.520094 4026452.630201 1620800876.91627
354200.683898 4026449.506172 1620800876.518678
354210.35987 4026455.737384 1620800877.316064
354247.253064 4026479.565187 1620800880.366213
354254.589508 4026484.290527 1620800880.965974
354285.023579 4026503.736344 1620800883.416248
354297.630496 4026511.816572 1620800884.416147
354310.739051 4026520.253287 1620800885.467258
354322.932059 4026528.139163 1620800886.466348
354327.781224 4026531.291371 1620800886.866286
354352.101285 4026547.013695 1620800888.916294
354363.447115 4026554.389388 1620800889.917283
354374.492374 4026561.578599 1620800890.919655
354367.894192 4026557.279517 1620800890.316184
354378.875681 4026564.430507 1620800891.316089
354407.843668 4026583.130851 1620800893.965074
354418.712605 4026590.101632 1620800894.966695
354429.56288 4026597.042734 1620800895.966079
354423.061228 4026592.875773 1620800895.366173
354433.878059 4026599.833182 1620800896.366062
354451.554904 4026611.296108 1620800898.028073
354459.898556 4026616.714209 1620800898.815936
354476.488537 4026627.529819 1620800900.466014
354490.203739 4026636.426019 1620800901.915717
354499.089883 4026642.206284 1620800902.916239
354495.604235 4026639.936774 1620800902.518818
354504.584709 4026645.736508 1620800903.565958
354516.300403 4026653.187397 1620800905.026304
354527.247675 4026660.219586 1620800906.46661
354537.459305 4026666.779799 1620800907.917344
354538.801082 4026667.641089 1620800908.116177
354546.676684 4026672.668463 1620800909.366691
354552.246923 4026676.213478 1620800910.416199
354554.107083 4026677.398354 1620800910.816767
354561.977095 4026682.334845 1620800912.865928
354563.857379 4026683.525886 1620800913.465728
354562.629907 4026682.740455 1620800913.069244
354569.133232 4026686.908779 1620800915.517687
354568.646681 4026686.595977 1620800915.316103
354587.004449 4026697.859692 1620800920.970968
354598.881759 4026705.208919 1620800923.36606
354599.773161 4026705.738427 1620800923.566599
354602.252624 4026707.164557 1620800924.16682
354606.608362 4026709.534832 1620800927.816874
354606.607114 4026709.537059 1620800928.416826
354606.60528 4026709.537996 1620800929.416059
354606.604633 4026709.540228 1620800929.026819
354606.618755 4026709.531658 1620800933.666479
354606.618084 4026709.532642 1620800934.466202
354606.61998 4026709.53538 1620800935.467058
354606.614777 4026709.531706 1620800936.867212
354606.616071 4026709.532196 1620800936.46628
354606.615166 4026709.526179 1620800937.91626
354606.618403 4026709.527603 1620800939.91667
354606.616375 4026709.527266 1620800939.517669
354606.612909 4026709.522055 1620800943.366648
354606.615202 4026709.523536 1620800943.566671
354606.616385 4026709.529337 1620800947.815835
354606.613288 4026709.527439 1620800948.416151
354606.608983 4026709.524227 1620800949.02739
354606.608092 4026709.523532 1620800949.21685
354606.612822 4026709.526027 1620800951.865997
354606.615274 4026709.526482 1620800952.519024
354606.614381 4026709.526286 1620800952.116338
354606.616003 4026709.52638 1620800953.116137
354606.607017 4026709.522393 1620800955.965985
354606.610538 4026709.523399 1620800956.966049
354606.609209 4026709.522989 1620800956.566691
354606.619758 4026709.529166 1620800958.96639
354606.617168 4026709.528193 1620800959.366663
354606.615105 4026709.526896 1620800960.61594
354606.61739 4026709.526843 1620800960.965286
354606.621797 4026709.530092 1620800961.965917
354606.62329 4026709.532384 1620800962.417039
354606.616564 4026709.534396 1620800966.46633
354606.612846 4026709.534142 1620800966.028671
354606.621559 4026709.535169 1620800967.066162
354606.616208 4026709.531017 1620800969.518287
354606.612739 4026709.526123 1620800970.519408
354606.611266 4026709.524114 1620800970.916505
354606.619842 4026709.522407 1620800974.966032
354606.616976 4026709.520151 1620800975.965992
354606.610447 4026709.518779 1620800976.965047
354606.613599 4026709.519463 1620800976.565511
354606.611769 4026709.519991 1620800977.566566
354606.616602 4026709.523191 1620800979.02673
354606.617107 4026709.522786 1620800979.417242
354606.619183 4026709.523248 1620800980.216465
354606.617094 4026709.531908 1620800982.466694
354606.61418 4026709.527698 1620800983.466814
354606.618069 4026709.526969 1620800984.4663
354606.624006 4026709.528857 1620800985.466079
354606.623488 4026709.52757 1620800985.066315
354606.619325 4026709.52835 1620800988.518272
354606.616149 4026709.526918 1620800989.518445
354606.620109 4026709.528515 1620800990.518576
354606.622324 4026709.529156 1620800990.917792
354606.624434 4026709.530304 1620800991.317899
354606.623549 4026709.531174 1620800993.365339
354606.630537 4026709.534221 1620800994.965211
354606.628381 4026709.53298 1620800994.566384
354606.630163 4026709.534235 1620800995.167066
354606.629849 4026709.531574 1620800997.81805
354606.631832 4026709.531794 1620800998.027976
354606.628224 4026709.530081 1620800998.616717
354606.626323 4026709.529364 1620801000.866197
354606.628225 4026709.529042 1620801001.467238
354606.627293 4026709.53027 1620801001.067879
354606.629589 4026709.528292 1620801005.519432
354606.628986 4026709.528014 1620801006.518147
354606.626148 4026709.525765 1620801007.518023
354606.627926 4026709.526948 1620801008.966345
354606.621005 4026709.522063 1620801009.965458
354606.622826 4026709.523775 1620801010.36623
354606.625442 4026709.524711 1620801012.418051
354606.621155 4026709.519769 1620801013.028151
354606.627665 4026709.526525 1620801017.467304
354606.628808 4026709.526773 1620801018.468028
354606.633005 4026709.529048 1620801019.466779
354606.632571 4026709.53086 1620801020.467771
354606.63409 4026709.53067 1620801020.066936
354606.635337 4026709.527513 1620801022.116534
354606.632526 4026709.529223 1620801023.519637
354606.632745 4026709.53026 1620801023.916441
354606.632222 4026709.526841 1620801026.967154
354606.627789 4026709.525263 1620801027.566262
354606.628824 4026709.525593 1620801027.366622
354606.61919 4026709.520228 1620801029.417222
354606.623406 4026709.522406 1620801030.417312
354606.621954 4026709.522864 1620801030.816445
354606.6245 4026709.520848 1620801032.266311
354606.619095 4026709.519172 1620801033.466533
354606.620737 4026709.517285 1620801034.467037
354606.616507 4026709.515652 1620801034.066506
354606.662366 4026709.525235 1620801038.917628
354606.661346 4026709.524917 1620801039.116434
354606.65554 4026709.521713 1620801040.117448
354606.632448 4026709.510181 1620801042.567795
354606.633507 4026709.505765 1620801042.365649
354606.632215 4026709.521938 1620801045.026848
354606.631083 4026709.519759 1620801045.416439
354606.625359 4026709.517239 1620801047.466877
354606.618987 4026709.514963 1620801048.066388
354606.617836 4026709.513552 1620801048.267426
354606.616963 4026709.514014 1620801051.916362
354606.613361 4026709.509907 1620801052.518403
354606.61144 4026709.507423 1620801053.518797
354606.612615 4026709.50872 1620801053.9168
354606.612453 4026709.509106 1620801054.118537
354606.618651 4026709.511851 1620801056.965396
354606.609522 4026709.505851 1620801057.966242
354606.614002 4026709.508585 1620801057.567004
354606.652738 4026709.531428 1620801060.4163
354606.852306 4026709.639078 1620801061.029552
354607.134755 4026709.787713 1620801061.417155
354612.034417 4026712.153159 1620801063.466521
354614.443703 4026713.180972 1620801064.067778
354635.174206 4026718.590427 1620801067.51992
354638.180749 4026718.886858 1620801067.916621
354639.715972 4026718.996116 1620801068.117793
354649.836375 4026719.025408 1620801069.365875
354683.919742 4026714.371387 1620801072.965533
354679.832219 4026715.225942 1620801072.566917
354722.839395 4026705.821893 1620801076.467288
354734.802653 4026703.166647 1620801077.466746
354739.670096 4026702.078769 1620801077.86649
354759.521799 4026697.733193 1620801079.466542
354772.201612 4026695.011694 1620801080.466844
354790.8593 4026690.975261 1620801081.919622
354780.527582 4026693.236844 1620801081.118569
354812.535273 4026686.468611 1620801083.566981
354817.784452 4026685.42017 1620801083.966211
354843.23411 4026680.345178 1620801085.965486
354855.485166 4026678.150751 1620801086.96634
354851.232567 4026678.896811 1620801086.617727
354879.761092 4026674.484104 1620801089.032255
354885.051175 4026673.874227 1620801089.466644
354909.277042 4026671.702847 1620801091.520199
354920.962797 4026670.998469 1620801092.518718
354916.329928 4026671.25304 1620801092.117886
354943.169076 4026670.265391 1620801094.566638
354952.81101 4026670.008269 1620801095.568529
354949.027081 4026670.117813 1620801095.168156
354982.60518 4026669.123022 1620801099.617476
354984.844168 4026669.082222 1620801100.03364
354990.159385 4026668.979525 1620801101.032755
354992.150651 4026668.928462 1620801101.417639
355001.192539 4026668.701301 1620801103.467725
355003.35894 4026668.660245 1620801104.066717
355006.387749 4026668.634418 1620801105.067428
355006.885099 4026668.624532 1620801105.268278
355009.100425 4026668.548445 1620801107.519825
355009.055916 4026668.502976 1620801108.519316
355009.097924 4026668.543368 1620801108.116336
355008.90093 4026668.477899 1620801110.56742
355008.88239 4026668.479876 1620801111.566633
355008.871126 4026668.47633 1620801112.967044
355009.393838 4026668.464897 1620801115.616727
355009.821079 4026668.463028 1620801116.029083
355011.52922 4026668.441094 1620801117.028244
355014.481605 4026668.436982 1620801118.028481
355015.975295 4026668.438691 1620801118.418005
355023.754978 4026668.496582 1620801120.067847
355029.962204 4026668.543749 1620801121.066976
355037.007422 4026668.547829 1620801122.067461
355040.018617 4026668.610633 1620801122.467049
355067.479262 4026669.757518 1620801125.519521
355078.125963 4026669.861507 1620801126.519472
355089.06345 4026669.773339 1620801127.519497
355084.675692 4026669.815629 1620801127.116229
355095.756599 4026669.712935 1620801128.118335
355124.279367 4026669.336587 1620801130.567473
355129.126058 4026669.217619 1620801130.967538
355147.092563 4026668.779425 1620801132.417279
355152.148383 4026668.654462 1620801132.817539
355175.332032 4026668.242394 1620801134.617106
355180.556765 4026668.150707 1620801135.027523
355193.719678 4026667.843333 1620801136.027607
355226.422165 4026667.200121 1620801138.467806
355234.51549 4026667.017496 1620801139.06684
355267.86521 4026666.193509 1620801141.520362
355273.36563 4026666.086832 1620801141.91816
355343.914624 4026664.326131 1620801146.966766
355352.383019 4026664.144925 1620801147.566638
355357.954752 4026664.03483 1620801147.967503
355411.817981 4026662.700421 1620801152.027258
355425.16008 4026662.389967 1620801153.028215
355430.545762 4026662.285799 1620801153.417697
355458.670103 4026661.8332 1620801155.466558
355467.049626 4026661.49844 1620801156.06711
355481.167218 4026660.669751 1620801157.066535
355486.847508 4026660.309766 1620801157.466938
355551.351335 4026658.64433 1620801161.91806
355554.232335 4026658.678708 1620801162.11781
355580.76973 4026658.920989 1620801163.967471
355589.361788 4026659.021184 1620801164.56882
355609.343523 4026659.311892 1620801165.966804
355617.889952 4026659.417492 1620801166.56699
355615.042638 4026659.382399 1620801166.366643
355638.535393 4026659.658073 1620801168.027948
355652.760677 4026659.825413 1620801169.027497
355666.911575 4026660.270029 1620801170.027492
355681.803341 4026660.486373 1620801171.068212
355695.993938 4026660.611859 1620801172.067849
355710.166845 4026660.751423 1620801173.067834
355715.830041 4026660.80257 1620801173.467782
355744.692962 4026660.91379 1620801175.523863
355739.125886 4026660.866777 1620801175.118191
355771.497794 4026661.093702 1620801177.567544
355766.521499 4026661.065866 1620801177.167325
355799.125858 4026661.52443 1620801180.02861
355805.187451 4026661.697288 1620801180.617988
355824.164307 4026662.336476 1620801182.667422
355827.570854 4026662.502725 1620801183.067479
355832.497658 4026662.777832 1620801183.667397
355854.12087 4026664.282295 1620801186.918078
355859.148848 4026664.643714 1620801187.917071
355861.899054 4026664.837603 1620801188.520104
355866.138429 4026665.065897 1620801189.519723
355864.480858 4026665.004295 1620801189.117218
355873.468072 4026663.972619 1620801191.56702
355874.592243 4026663.39592 1620801191.966005
355875.11768 4026663.081284 1620801192.167667
355880.018897 4026654.053976 1620801195.617284
355879.935881 4026654.687299 1620801195.417995
355880.802386 4026646.734519 1620801197.668427
355880.957932 4026645.076051 1620801198.06807
355882.569339 4026624.536132 1620801201.566828
355882.86158 4026617.274776 1620801202.519649
355883.0089 4026608.830568 1620801203.520752
355882.977104 4026612.318511 1620801203.117725
355882.99062 4026603.35399 1620801204.118055
355882.05635 4026562.59041 1620801207.966249
355881.903446 4026554.77285 1620801208.617162
355881.566684 4026537.755781 1620801209.966237
355881.65825 4026542.25248 1620801209.617421
355881.501869 4026534.517196 1620801210.217943
355880.849869 4026501.408039 1620801212.668226
355880.986689 4026506.972023 1620801212.268221
355880.207175 4026472.642471 1620801214.667522
355880.108542 4026467.450039 1620801215.027975
355878.640891 4026401.460063 1620801219.519811
355878.373747 4026386.27696 1620801220.520075
355877.734223 4026351.931576 1620801222.767222
355877.438248 4026339.677593 1620801223.566978
355877.594261 4026345.819221 1620801223.167153
355877.188545 4026330.407703 1620801224.167364
355875.644816 4026265.818321 1620801228.216561
355875.580638 4026262.53913 1620801228.417564
355874.77752 4026228.894371 1620801230.467465
355874.685233 4026225.651108 1620801230.667404
355873.249977 4026190.263385 1620801232.91717
355873.044855 4026187.220133 1620801233.117872
355871.908865 4026172.212594 1620801234.117851
355871.451101 4026166.297754 1620801234.518307
355869.70822 4026136.358805 1620801236.567466
355869.412556 4026130.577513 1620801236.967429
355869.009935 4026124.79891 1620801237.367593
355866.126255 4026077.897837 1620801240.618126
355865.306595 4026063.454403 1620801241.61961
355864.492132 4026048.830332 1620801242.618198
355864.158834 4026042.974262 1620801243.032169
355863.828389 4026037.252388 1620801243.418176
355862.498901 4026014.27995 1620801245.067919
355862.210602 4026008.78756 1620801245.467302
355860.124453 4025978.34021 1620801247.717966
355859.811086 4025973.174981 1620801248.119424
355859.513049 4025968.082901 1620801248.520081
355856.244208 4025915.59108 1620801252.967515
355855.719075 4025908.522286 1620801253.569417
355856.08435 4025913.240415 1620801253.169101
355853.947411 4025871.738024 1620801256.618085
355853.738827 4025859.368233 1620801257.617951
355853.722903 4025854.454658 1620801258.033507
355853.743758 4025851.989369 1620801258.219003
355855.848523 4025810.687062 1620801261.668383
355856.274193 4025805.950858 1620801262.069378
355859.392753 4025777.04026 1620801264.518681
355860.20767 4025769.970501 1620801265.119754
355860.720571 4025765.250197 1620801265.520592
355864.496882 4025734.016504 1620801268.168432
355865.876844 4025722.264274 1620801269.167648
355867.539526 4025705.992217 1620801270.567567
355867.233225 4025710.793256 1620801270.167682
355869.969958 4025683.319433 1620801272.567459
355869.423439 4025687.68954 1620801272.168795
355872.56633 4025662.899676 1620801274.618165
355872.791163 4025661.148055 1620801274.818547
355872.760293 4025644.536956 1620801277.068178
355870.50225 4025639.143294 1620801278.06881
355867.071574 4025634.577158 1620801279.069046
355864.444589 4025632.163665 1620801279.667649
355856.256825 4025627.598705 1620801281.117208
355853.778208 4025626.658435 1620801281.520845
355822.857659 4025625.940174 1620801285.567572
355817.559394 4025626.070183 1620801286.167649
355804.150648 4025626.23299 1620801287.568456
355808.116475 4025626.221178 1620801287.168163
355780.115315 4025624.955201 1620801289.818352
355770.925598 4025624.267905 1620801290.617663
355759.409144 4025623.610594 1620801291.618346
355754.898859 4025623.293797 1620801292.035316
355743.618548 4025622.321949 1620801293.032756
355699.31804 4025621.152217 1620801297.068551
355688.85546 4025621.338445 1620801298.068177
355678.353949 4025621.560154 1620801299.068622
355672.027556 4025621.747439 1620801299.668106
355657.101561 4025622.154395 1620801301.118469
355653.165394 4025622.224772 1620801301.521387
355638.683433 4025622.50252 1620801303.118403
355631.216265 4025622.634773 1620801304.118827
355628.677656 4025622.699114 1620801304.520871
355620.968806 4025623.387165 1620801306.118537
355618.212034 4025623.480507 1620801307.118722
355616.863589 4025623.527907 1620801308.519646
355616.962159 4025623.523892 1620801308.118291
355612.897977 4025623.565001 1620801311.568106
355608.180165 4025623.622723 1620801312.618769
355602.871623 4025623.702863 1620801313.618299
355604.001324 4025623.68601 1620801313.417935
355581.382538 4025624.192293 1620801316.668031
355576.341022 4025624.340981 1620801317.267741
355561.469665 4025624.74391 1620801318.869198
355559.49553 4025624.790627 1620801319.068784
355484.065738 4025625.929929 1620801325.718796
355479.181606 4025626.046592 1620801326.118942
355476.724389 4025626.111425 1620801326.319054
355453.788041 4025626.637294 1620801328.168204
355411.860991 4025627.719561 1620801331.668914
355409.470175 4025627.776006 1620801331.868751
355362.905877 4025628.737446 1620801335.719176
355357.995806 4025628.851742 1620801336.118674
355345.65294 4025629.15406 1620801337.118792
355340.69244 4025629.281394 1620801337.520696
355320.064782 4025629.786538 1620801339.167851
355306.815813 4025630.057476 1620801340.219085
355288.372235 4025630.32005 1620801341.668282
355285.813383 4025630.357973 1620801341.868649
355269.752322 4025630.663875 1620801343.118677
355256.162629 4025631.016387 1620801344.168105
355250.962147 4025631.156857 1620801344.569391
355097.696648 4025634.318915 1620801355.618839
355082.401947 4025634.607472 1620801356.617858
355088.562172 4025634.485904 1620801356.217934
355056.3873 4025635.119681 1620801358.26825
355033.920206 4025635.632994 1620801359.668128
355027.462676 4025635.79299 1620801360.067928
355024.22701 4025635.868331 1620801360.268946
354988.385067 4025636.566155 1620801362.468545
354961.224623 4025636.876516 1620801364.119106
354944.645577 4025636.981736 1620801365.119486
354933.843867 4025637.109444 1620801365.767094
354892.981339 4025637.992924 1620801368.218256
354889.666588 4025638.068345 1620801368.419808
354852.566224 4025638.872848 1620801370.668464
354836.030604 4025639.185241 1620801371.669391
354819.403705 4025639.540885 1620801372.668103
354812.670029 4025639.701102 1620801373.068277
354805.878162 4025639.865038 1620801373.468127
354770.356229 4025640.634523 1620801375.520934
354751.455344 4025640.975715 1620801376.567568
354740.440223 4025641.161465 1620801377.16719
354721.693633 4025641.450824 1620801378.167177
354702.524388 4025641.84748 1620801379.167199
354683.122406 4025642.318198 1620801380.16786
354663.655079 4025642.729539 1620801381.1673
354644.193337 4025643.074097 1620801382.167093
354636.449981 4025643.199655 1620801382.567967
354556.851161 4025644.743325 1620801386.817662
354549.811193 4025644.816074 1620801387.218169
354539.367316 4025644.944715 1620801387.818271
354518.101408 4025645.271701 1620801389.068128
354478.608687 4025646.005975 1620801391.518024
354460.627562 4025646.412839 1620801392.719394
354454.936298 4025646.516135 1620801393.120367
354441.034517 4025646.600901 1620801394.119318
354427.497715 4025647.011759 1620801395.118814
354407.458092 4025647.875508 1620801396.567892
354399.527426 4025648.07902 1620801397.16861
354394.344839 4025648.19407 1620801397.56885
354365.294054 4025648.583804 1620801399.818918
354355.029733 4025648.726052 1620801400.618939
354341.483434 4025648.952716 1620801401.667878
354336.291034 4025649.050352 1620801402.068998
354328.398387 4025649.211855 1620801402.66836
354301.168536 4025649.718008 1620801404.718781
354290.438656 4025649.985617 1620801405.521372
354276.432789 4025650.738896 1620801406.568292
354263.126141 4025651.975521 1620801407.56889
354268.461013 4025651.46129 1620801407.168912
354235.634981 4025653.873899 1620801409.620207
354222.12895 4025654.366001 1620801410.618761
354207.911388 4025654.744494 1620801411.668747
354194.364695 4025655.055743 1620801412.669087
354188.945057 4025655.199323 1620801413.06924
354166.389241 4025655.733328 1620801414.718517
354160.859689 4025655.851061 1620801415.119508
354140.509391 4025656.262318 1620801416.568829
354137.661794 4025656.309397 1620801416.769455
354108.03782 4025656.878293 1620801418.818519
354105.133467 4025656.928949 1620801419.034827
354077.657739 4025657.350668 1620801420.868024
354065.488308 4025657.604144 1620801421.668374
354050.339388 4025657.908275 1620801422.66939
354059.437354 4025657.711102 1620801422.068305
354021.935096 4025658.399964 1620801424.521343
354012.612851 4025658.584486 1620801425.119203
354009.499687 4025658.644734 1620801425.318474
353964.498891 4025659.748143 1620801428.170067
353958.11259 4025659.886407 1620801428.569336
353931.638751 4025660.344082 1620801430.219355
353908.348134 4025660.694749 1620801431.668601
353917.933042 4025660.543617 1620801431.069277
353843.591941 4025663.743836 1620801436.71939
353840.074705 4025664.406002 1620801437.120295
353831.685764 4025666.526276 1620801438.119707
353824.033454 4025668.996355 1620801439.119688
353822.619156 4025669.471118 1620801439.318641
353809.237407 4025673.990951 1620801441.568448
353804.282745 4025675.592499 1620801442.619009
353800.26842 4025676.872915 1620801443.620032
353801.822851 4025676.378189 1620801443.219212
353793.623385 4025679.125302 1620801445.668665
353795.288945 4025678.529705 1620801445.069272
353790.797374 4025680.197488 1620801447.719584
353790.792095 4025680.197493 1620801448.119138
353790.774487 4025680.181059 1620801449.168959
353790.779024 4025680.183951 1620801449.569
353790.777566 4025680.220001 1620801451.568279
353790.775049 4025680.233536 1620801452.169286
353790.769144 4025680.25067 1620801453.03065
353790.756288 4025680.258178 1620801454.619313
353790.761432 4025680.298133 1620801460.719662
353790.759037 4025680.301438 1620801460.919678
353790.764858 4025680.316079 1620801464.568226
353790.767565 4025680.313412 1620801464.370063
353790.766541 4025680.327946 1620801468.418743
353790.758363 4025680.33459 1620801470.668244
353790.761642 4025680.333862 1620801471.718903
353790.757623 4025680.337718 1620801472.71894
353790.76453 4025680.332635 1620801472.119752
353790.757729 4025680.336821 1620801474.368016
353790.758416 4025680.337875 1620801475.16917
353790.755985 4025680.340765 1620801478.619372
353790.759859 4025680.339155 1620801479.218611
353790.749115 4025680.345206 1620801480.869375
353790.757458 4025680.340984 1620801481.87009
353790.757174 4025680.343412 1620801482.719816
353790.751311 4025680.34594 1620801483.719631
353790.755593 4025680.344977 1620801483.119989
353790.758939 4025680.344217 1620801485.168473
353790.756085 4025680.348253 1620801486.169314
353790.746631 4025680.352983 1620801487.819359
353790.75083 4025680.350444 1620801488.818799
353790.747775 4025680.351949 1620801488.420196
353790.753458 4025680.353923 1620801490.668816
353790.753971 4025680.353065 1620801490.469364
353790.747442 4025680.359114 1620801494.119429
353790.756242 4025680.358909 1620801495.169433
353790.746585 4025680.364475 1620801496.168604
353790.746496 4025680.364948 1620801497.169374
353790.742796 4025680.36599 1620801497.569148
353790.75011 4025680.361062 1620801499.219505
353790.750452 4025680.361914 1620801500.668897
353790.752916 4025680.359247 1620801500.269465
353790.745652 4025680.364179 1620801502.718452
353790.749426 4025680.36238 1620801503.118537
353790.749896 4025680.362662 1620801503.520429
353790.746966 4025680.367891 1620801507.169536
353790.747371 4025680.367806 1620801507.56921
353790.734943 4025680.375168 1620801509.619378
353790.73585 4025680.375095 1620801509.41938
353790.736081 4025680.376204 1620801511.66882
353790.730729 4025680.377491 1620801512.719887
353790.734195 4025680.374427 1620801513.719406
353790.735246 4025680.373968 1620801514.118496
353790.73352 4025680.375405 1620801514.319837
353790.393143 4025680.519192 1620801519.768539
353790.143337 4025680.617848 1620801520.169666
353788.033907 4025681.468795 1620801521.819479
353787.188509 4025681.812735 1620801522.22058
353786.092339 4025682.256602 1620801522.619975
353777.409565 4025686.06493 1620801524.669574
353771.939208 4025688.789874 1620801525.668949
353766.009121 4025691.993199 1620801526.670067
353768.408993 4025690.666053 1620801526.269606
353762.042702 4025694.24649 1620801527.320069
353737.897759 4025709.900617 1620801530.969548
353736.473892 4025710.937368 1620801531.168454
353720.468541 4025724.522683 1620801533.619311
353716.667008 4025728.347081 1620801534.219642
353703.770141 4025742.583001 1620801536.270127
353694.570787 4025753.508219 1620801537.720251
353692.000914 4025756.63202 1620801538.119594
353685.120219 4025765.077916 1620801539.169544
353678.316452 4025773.498759 1620801540.169146
353674.104014 4025778.740287 1620801540.768609
353658.868019 4025797.802896 1620801542.819629
353657.308299 4025799.756429 1620801543.031268
353625.671415 4025839.393431 1620801546.868739
353622.282329 4025843.62081 1620801547.26947
353613.727226 4025854.278001 1620801548.269919
353595.254848 4025877.892905 1620801550.469175
353588.738551 4025886.267543 1620801551.27004
353570.994597 4025908.468946 1620801553.719948
353568.643809 4025911.4816 1620801554.121584
353567.543354 4025912.92194 1620801554.319606
353558.306776 4025933.680837 1620801557.620252
353558.344485 4025932.462512 1620801557.419706
353562.050549 4025945.221151 1620801559.669123
353564.284452 4025948.118747 1620801560.268929
353570.492888 4025955.057999 1620801561.720304
353567.81867 4025952.163091 1620801561.11988
353580.982336 4025965.188801 1620801563.7197
353578.649531 4025963.054121 1620801563.320218
353590.325704 4025973.231778 1620801565.119736
353593.296418 4025975.703348 1620801565.522553
353606.618548 4025986.501434 1620801567.169273
353615.50004 4025993.593969 1620801568.16919
353625.323098 4026001.814062 1620801569.219966
353638.689179 4026012.596715 1620801570.620203
353634.829414 4026009.503792 1620801570.218892
353654.437549 4026025.057039 1620801572.219869
353672.415669 4026039.241438 1620801574.030051
353694.826614 4026057.041761 1620801576.270143
353705.515515 4026065.425002 1620801577.319553
353719.827759 4026076.952797 1620801578.720454
353729.634834 4026085.583955 1620801579.719473
353738.86781 4026094.004031 1620801580.719867
353742.449983 4026097.182249 1620801581.120426
353751.610076 4026104.933367 1620801582.169147
353764.917479 4026115.746693 1620801583.819886
353767.881731 4026118.134686 1620801584.21998
353775.156858 4026123.985366 1620801585.269801
353776.44186 4026125.014777 1620801585.470309
353788.11178 4026134.3304 1620801587.720282
353787.072287 4026133.497582 1620801587.474675
353793.665016 4026138.746907 1620801589.77039
353794.043854 4026139.04426 1620801590.168641
353794.11556 4026139.10091 1620801590.369968
353794.133529 4026139.117465 1620801592.21919
353794.133761 4026139.119984 1620801592.420607
353794.098091 4026139.073967 1620801594.670208
353794.071069 4026139.018938 1620801595.269957
353794.064596 4026139.005208 1620801595.469345
353795.476522 4026140.106825 1620801597.720381
353794.836789 4026139.592279 1620801597.319913
353801.175949 4026144.696154 1620801599.769596
353802.676779 4026145.909472 1620801600.169957
353805.2321 4026147.974476 1620801600.768944
353816.610987 4026157.075965 1620801602.819183
353819.222327 4026159.139275 1620801603.222265
353826.669154 4026165.03888 1620801604.270091
353829.714635 4026167.460577 1620801604.67153
353842.786176 4026177.861895 1620801606.320602
353844.379229 4026179.131977 1620801606.521196
353872.894645 4026201.771576 1620801609.96904
353874.621248 4026203.12387 1620801610.169261
353876.351869 4026204.484822 1620801610.369094
353898.132671 4026221.776476 1620801612.819935
353901.796329 4026224.692103 1620801613.220016
353911.128903 4026232.129479 1620801614.219911
353920.732723 4026239.802466 1620801615.220075
353930.622801 4026247.703098 1620801616.219908
353940.711344 4026255.803744 1620801617.220238
353955.692542 4026267.750317 1620801618.670152
353962.005885 4026272.787402 1620801619.270255
353976.967513 4026284.754191 1620801620.670301
353990.086854 4026295.220079 1620801621.870191
354010.230249 4026311.329389 1620801623.719854
354005.963984 4026307.899973 1620801623.319617
354016.591245 4026316.44708 1620801624.32076
354099.779854 4026382.893994 1620801631.769264
354104.544049 4026386.708194 1620801632.168681
354124.505251 4026402.368337 1620801633.820101
354126.959335 4026404.215189 1620801634.030308
354142.516434 4026415.389988 1620801635.270068
354155.278024 4026423.841714 1620801636.269998
354160.41888 4026427.150454 1620801636.671425
354189.087076 4026445.506619 1620801638.920571
354199.698219 4026452.383253 1620801639.769595
354212.14285 4026460.208639 1620801640.768848
354224.500985 4026467.871387 1620801641.769302
354229.43665 4026470.85809 1620801642.16946
354234.38041 4026473.778166 1620801642.570408
354274.095992 4026497.346305 1620801645.819305
354271.683991 4026495.885636 1620801645.620384
354289.021017 4026506.572634 1620801647.070518
354308.281663 4026518.819396 1620801648.720062
354320.305697 4026526.598839 1620801649.769259
354324.836361 4026529.55639 1620801650.169204
354327.092222 4026531.037318 1620801650.371162
354358.706018 4026551.708235 1620801653.220456
354365.289571 4026555.895263 1620801653.820395
354381.138456 4026565.998431 1620801655.269938
354383.322361 4026567.390436 1620801655.47019
354407.982213 4026583.154812 1620801657.719714
354403.554109 4026580.334263 1620801657.320517
354414.659361 4026587.413821 1620801658.319941
354464.608002 4026619.461314 1620801662.769275
354475.421171 4026626.494725 1620801663.769547
354468.951951 4026622.284247 1620801663.170108
354517.135787 4026653.420059 1620801667.820082
354520.883304 4026655.81691 1620801668.220224
354526.375402 4026659.331176 1620801668.82025
354545.590098 4026671.249693 1620801671.069624
354548.832419 4026673.162576 1620801671.470097
354567.588981 4026683.43805 1620801673.720118
354562.501905 4026680.723708 1620801673.11975
354584.780784 4026692.586444 1620801675.770522
354592.616225 4026696.740405 1620801676.769623
354587.960935 4026694.275648 1620801676.169562
354610.542936 4026704.280777 1620801679.220154
354614.617472 4026704.799593 1620801679.820387
354624.761475 4026702.214207 1620801681.670384
354626.865647 4026700.197381 1620801682.270382
354628.859453 4026696.188245 1620801683.270137
354629.525311 4026691.873738 1620801684.270233
354629.528632 4026687.333397 1620801685.271782
354629.479162 4026685.339409 1620801685.670775
354629.415011 4026683.225778 1620801686.069526
354628.257234 4026649.206731 1620801690.720793
354628.353072 4026652.733542 1620801690.320698
354626.861275 4026608.411579 1620801694.770596
354626.713152 4026603.941527 1620801695.169771
354626.07452 4026584.933418 1620801696.820302
354625.933198 4026580.190515 1620801697.220335
354625.783473 4026575.405446 1620801697.619836
354625.220574 4026555.99982 1620801699.220233
354625.110579 4026551.123076 1620801699.620289
354624.647414 4026531.52128 1620801701.220292
354623.999375 4026513.730195 1620801702.670341
354623.907943 4026511.271837 1620801702.870089
354623.1658 4026488.678326 1620801704.72083
354623.308795 4026493.500429 1620801704.319869
354622.573842 4026463.945258 1620801706.769399
354622.478984 4026458.497692 1620801707.21957
354622.13698 4026439.012677 1620801708.821344
354622.077398 4026436.563299 1620801709.032396
354621.026741 4026405.787509 1620801711.521689
354620.523073 4026391.890361 1620801712.720969
354619.292474 4026356.75943 1620801719.569725
354619.231074 4026354.939098 1620801720.370634
354619.245334 4026355.403996 1620801720.170553
354619.011507 4026348.24868 1620801722.820367
354618.844132 4026345.446044 1620801723.820561
354618.327273 4026342.553407 1620801724.820396
354617.956099 4026341.326095 1620801725.220812
354609.964558 4026333.680266 1620801728.270108
354605.004116 4026332.454855 1620801729.270429
354598.928636 4026331.404571 1620801730.271306
354596.228177 4026330.94595 1620801730.6729
354580.339136 4026327.828488 1620801732.720876
354575.064724 4026326.527078 1620801733.320821
354565.71908 4026323.954155 1620801734.320057
354555.8041 4026321.080904 1620801735.32038
354545.266292 4026317.869178 1620801736.320963
354540.863497 4026316.475371 1620801736.720508
354523.923426 4026311.102627 1620801738.170628
354465.859693 4026292.921552 1620801742.770676
354471.063544 4026294.555605 1620801742.369401
354438.922404 4026284.23578 1620801744.820684
354425.658765 4026279.926839 1620801745.820549
354412.363568 4026275.46835 1620801746.820794
354399.124116 4026270.759673 1620801747.82063
354386.012313 4026265.559171 1620801748.820629
354393.849487 4026268.74587 1620801748.21925
354328.914137 4026238.625087 1620801753.271013
354321.16901 4026234.824866 1620801753.870783
354303.13887 4026225.510032 1620801755.271948
354289.619877 4026218.171243 1620801756.321116
354284.476953 4026215.31171 1620801756.720955
354258.067743 4026200.289185 1620801758.770331
354244.845058 4026192.329665 1620801759.820429
354232.41781 4026184.70513 1620801760.820572
354227.443974 4026181.626345 1620801761.220892
354146.16727 4026126.658654 1620801767.869946
354141.703606 4026122.953672 1620801768.270482
354137.318142 4026119.283726 1620801768.670672
354115.748106 4026100.783187 1620801770.720449
354105.447441 4026091.420985 1620801771.770254
354098.042757 4026084.080095 1620801772.570886
354083.006476 4026069.131288 1620801774.220802
354064.559506 4026049.897528 1620801776.270999
354055.744166 4026040.741497 1620801777.270725
354047.183799 4026031.834234 1620801778.272147
354038.741872 4026023.017584 1620801779.271104
354030.300365 4026014.26152 1620801780.271086
354021.793731 4026005.552301 1620801781.270549
354009.292072 4025992.849888 1620801782.720431
354004.10026 4025987.501176 1620801783.321003
354000.639331 4025983.882714 1620801783.721119
353982.412618 4025965.092315 1620801785.770378
353973.286464 4025955.606787 1620801786.771595
353963.972633 4025945.952518 1620801787.771506
353958.306742 4025940.081042 1620801788.370688
353944.329054 4025925.714689 1620801789.820855
353946.271212 4025927.706517 1620801789.623107
353921.206339 4025901.881849 1620801792.272429
353915.811282 4025896.246638 1620801792.870408
353899.629813 4025879.508398 1620801794.721229
353897.922069 4025877.764117 1620801794.921408
353882.76173 4025862.018158 1620801796.771913
353874.542988 4025853.522107 1620801797.821782
353876.076509 4025855.111411 1620801797.620887
353863.751976 4025842.61676 1620801799.271922
353860.856403 4025839.807106 1620801799.670118
353858.007627 4025837.039877 1620801800.07062
353808.74538 4025792.30715 1620801806.72104
353803.967675 4025788.030781 1620801807.320987
353792.355466 4025777.299769 1620801808.771045
353789.174378 4025774.271951 1620801809.170297
353776.812086 4025762.235587 1620801810.770998
353769.412635 4025754.95926 1620801811.770237
353762.354834 4025748.120561 1620801812.771105
353755.780135 4025741.879165 1620801813.769469
353749.903379 4025736.608334 1620801814.770324
353744.393393 4025732.608423 1620801815.770244
353738.876262 4025729.965485 1620801816.770317
353741.0874 4025730.857952 1620801816.371389
353735.558327 4025729.063213 1620801817.370761
353716.320779 4025733.424537 1620801820.821334
353717.375601 4025732.747751 1620801820.620696
353703.432134 4025744.889535 1620801823.271297
353702.330445 4025746.067908 1620801823.470782
353690.070372 4025760.122326 1620801825.523777
353680.722222 4025771.188139 1620801826.921394
353677.947233 4025774.589111 1620801827.321554
353670.757514 4025783.481858 1620801828.321208
353660.058963 4025796.976989 1620801829.720966
353655.218396 4025803.100776 1620801830.321573
353646.8603 4025813.674999 1620801831.321354
353637.644077 4025825.250757 1620801832.371081
353628.899083 4025836.159261 1620801833.321411
353625.153661 4025840.851849 1620801833.720558
353605.544157 4025865.4219 1620801835.820677
353604.178961 4025867.138157 1620801835.96948
353560.850294 4025924.448753 1620801843.270775
353560.367477 4025925.544394 1620801843.470729
353559.23881 4025939.093001 1620801845.920544
353559.914181 4025941.18797 1620801846.321167
353561.360291 4025944.13335 1620801846.920235
353568.685586 4025952.029931 1620801848.770941
353571.605029 4025954.528596 1620801849.370301
353570.607212 4025953.695843 1620801849.171234
353582.983929 4025963.940349 1620801851.420832
353591.562284 4025971.783105 1620801852.820996
353598.428459 4025978.071492 1620801853.821107
353605.939849 4025984.669948 1620801854.821565
353614.127279 4025991.495209 1620801855.821179
353609.135567 4025987.363623 1620801855.220947
353617.572402 4025994.32772 1620801856.221179
353642.732349 4026014.547315 1620801858.871317
353646.829391 4026017.794079 1620801859.271249
353662.222172 4026029.930075 1620801860.721316
353664.406567 4026031.651078 1620801860.921288
353687.304112 4026049.811893 1620801862.970407
353691.741303 4026053.346164 1620801863.370577
353696.166015 4026056.877745 1620801863.77041
353718.983797 4026074.927138 1620801865.821043
353714.499396 4026071.419902 1620801865.420957
353723.463769 4026078.457785 1620801866.221729
