988487.967846 1818737.503759 1620800835.466174
988498.114529 1818745.910164 1620800836.466219
988501.638839 1818748.78017 1620800836.816482
988521.97332 1818765.305293 1620800838.865888
988532.247628 1818773.7752 1620800839.916902
988542.020377 1818781.76644 1620800840.91623
988551.895954 1818789.696992 1620800841.915845
988554.858758 1818792.075423 1620800842.21604
988564.662036 1818800.068294 1620800843.217037
988568.117032 1818802.884939 1620800843.565479
988612.543048 1818839.544657 1620800847.965157
988623.250928 1818848.356348 1620800848.966063
988634.208127 1818857.391539 1620800849.964941
988627.057998 1818851.496187 1620800849.315953
988638.102571 1818860.593289 1620800850.31609
988661.422279 1818879.866478 1620800852.366023
988669.59299 1818886.603502 1620800853.0654
988690.480072 1818903.863199 1620800854.817875
988703.338588 1818914.515255 1620800855.866242
988707.644763 1818918.07459 1620800856.219599
988736.693374 1818941.96906 1620800858.616201
988740.850715 1818945.340042 1620800858.966142
988756.863908 1818958.280018 1620800860.316583
988776.352027 1818974.228095 1620800861.9651
988780.492392 1818977.645203 1620800862.31658
988788.19844 1818984.014646 1620800862.965407
988792.365877 1818987.43079 1620800863.316466
988816.901679 1819007.56636 1620800865.365715
988813.318185 1819004.584249 1620800865.06542
988833.627119 1819021.639636 1620800866.766603
988870.334275 1819052.031298 1620800869.815743
988882.380374 1819061.614163 1620800870.816508
988895.647811 1819071.420866 1620800871.915414
988907.771553 1819079.790218 1620800872.915351
988919.932357 1819087.936189 1620800873.916078
988932.113087 1819095.898284 1620800874.915703
988944.283408 1819103.846424 1620800875.91909
988956.271673 1819111.847689 1620800876.91627
988952.083567 1819109.049983 1620800876.566364
988959.860935 1819114.234499 1620800877.215996
988996.967627 1819139.019642 1620800880.316314
989005.437547 1819144.662488 1620800881.026346
989034.330033 1819163.758937 1620800883.365864
989047.42794 1819172.44319 1620800884.416147
989060.400498 1819181.080441 1620800885.467258
989072.46641 1819189.152833 1620800886.466348
989076.664652 1819191.975855 1620800886.817052
989101.331444 1819208.473565 1620800888.916294
989112.558423 1819216.022803 1620800889.917283
989123.487842 1819223.380959 1620800890.919655
989116.412375 1819218.613822 1620800890.265627
989127.283461 1819225.935891 1620800891.265938
989156.491775 1819245.443402 1620800893.965074
989167.248333 1819252.580472 1620800894.966695
989177.986697 1819259.687584 1620800895.966079
989171.013879 1819255.066573 1620800895.31633
989181.723052 1819262.186755 1620800896.31617
989200.274319 1819274.628414 1620800898.066316
989207.496023 1819279.480908 1620800898.764597
989224.421089 1819290.892466 1620800900.466014
989237.992931 1819299.998467 1620800901.915717
989246.785937 1819305.914658 1620800902.916239
989244.207516 1819304.179187 1620800902.616793
989253.044848 1819310.075124 1620800903.666186
989264.204089 1819317.414823 1620800905.065294
989274.653307 1819324.358786 1620800906.46661
989284.759186 1819331.075232 1620800907.917344
989287.06958 1819332.607234 1620800908.266032
989293.591652 1819336.913793 1620800909.316361
989299.394693 1819340.73518 1620800910.416199
989300.78648 1819341.653161 1620800910.715971
989308.861368 1819346.898677 1620800912.816912
989311.033137 1819348.322278 1620800913.518729
989309.985451 1819347.625237 1620800913.165951
989316.353445 1819351.850992 1620800915.616074
989315.388965 1819351.208756 1620800915.216742
989333.802885 1819362.913428 1620800920.970968
989345.335164 1819370.3062 1620800923.315891
989346.878009 1819371.251545 1620800923.666004
989348.324779 1819372.112464 1620800924.028222
989353.218188 1819374.888566 1620800927.766632
989353.21678 1819374.891054 1620800928.416826
989353.214932 1819374.891962 1620800929.416059
989353.214598 1819374.893773 1620800929.115548
989353.226945 1819374.884947 1620800933.817672
989353.228258 1819374.887209 1620800934.518832
989353.229274 1819374.889322 1620800935.519007
989353.224523 1819374.885822 1620800936.867212
989353.2257 1819374.886239 1620800936.518553
989353.224998 1819374.880303 1620800937.91626
989353.228211 1819374.881777 1620800939.91667
989353.226624 1819374.881493 1620800939.56702
989353.222413 1819374.87572 1620800943.316752
989353.226049 1819374.878479 1620800943.666069
989353.226428 1819374.883294 1620800947.717197
989353.223101 1819374.881533 1620800948.416151
989353.218364 1819374.877698 1620800949.116247
989353.216872 1819374.87721 1620800949.467252
989353.222294 1819374.880021 1620800951.816875
989353.225101 1819374.880607 1620800952.519024
989353.224415 1819374.880436 1620800952.165812
989353.225601 1819374.880454 1620800953.217965
989353.216911 1819374.876392 1620800955.965985
989353.220415 1819374.877452 1620800956.966049
989353.219326 1819374.877104 1620800956.616294
989353.229542 1819374.88336 1620800958.96639
989353.227418 1819374.882511 1620800959.3162
989353.225295 1819374.881 1620800960.666486
989353.227617 1819374.88099 1620800961.028637
989353.231799 1819374.884475 1620800962.028754
989353.232878 1819374.886408 1620800962.366135
989353.225859 1819374.888509 1620800966.417464
989353.223349 1819374.888286 1620800966.116749
989353.231113 1819374.889436 1620800967.115586
989353.225964 1819374.885155 1620800969.518287
989353.222572 1819374.880209 1620800970.519408
989353.2215 1819374.878415 1620800970.867441
989353.229804 1819374.876746 1620800974.917227
989353.227224 1819374.874517 1620800975.916622
989353.220883 1819374.872967 1620800976.916894
989353.223536 1819374.873565 1620800976.565511
989353.221833 1819374.874149 1620800977.616429
989353.22648 1819374.877338 1620800979.02673
989353.227055 1819374.877082 1620800979.367038
989353.227813 1819374.875726 1620800980.0666
989353.227019 1819374.886358 1620800982.417296
989353.223873 1819374.881878 1620800983.417125
989353.227556 1819374.881067 1620800984.417215
989353.233793 1819374.883117 1620800985.466079
989353.233373 1819374.881942 1620800985.116374
989353.229121 1819374.882538 1620800988.518272
989353.225969 1819374.881057 1620800989.518445
989353.229903 1819374.882715 1620800990.518576
989353.231755 1819374.883275 1620800990.866223
989353.233697 1819374.884178 1620800991.216165
989353.232727 1819374.885356 1620800993.267463
989353.240238 1819374.888581 1620800994.965211
989353.238372 1819374.887444 1620800994.617588
989353.238839 1819374.888233 1620800995.315995
989353.238207 1819374.885717 1620800997.666599
989353.24157 1819374.886175 1620800998.027976
989353.23798 1819374.88436 1620800998.716435
989353.236134 1819374.883213 1620801000.76715
989353.238007 1819374.883368 1620801001.467238
989353.237067 1819374.884414 1620801001.117148
989353.239382 1819374.882639 1620801005.519432
989353.238784 1819374.882352 1620801006.518147
989353.23533 1819374.879555 1620801007.567001
989353.237597 1819374.880986 1620801008.916381
989353.230898 1819374.876279 1620801009.965458
989353.232243 1819374.877672 1620801010.317599
989353.235601 1819374.879372 1620801012.366307
989353.231084 1819374.873988 1620801013.028151
989353.237487 1819374.880843 1620801017.467304
989353.238625 1819374.881109 1620801018.468028
989353.242785 1819374.883448 1620801019.466779
989353.242323 1819374.885253 1620801020.467771
989353.243653 1819374.885057 1620801020.115993
989353.244711 1819374.88176 1620801022.168876
989353.242304 1819374.883615 1620801023.519637
989353.242371 1819374.884478 1620801023.867091
989353.241705 1819374.881147 1620801026.91646
989353.237119 1819374.879554 1620801027.668603
989353.239744 1819374.880275 1620801027.267876
989353.228817 1819374.874293 1620801029.36633
989353.233465 1819374.876653 1620801030.365831
989353.231906 1819374.87683 1620801030.717476
989353.233235 1819374.875169 1620801032.466404
989353.229034 1819374.873359 1620801033.466533
989353.230705 1819374.871499 1620801034.467037
989353.226857 1819374.870042 1620801034.116341
989353.272062 1819374.880058 1620801038.866386
989353.270482 1819374.879469 1620801039.217093
989353.262641 1819374.873763 1620801040.267489
989353.2422 1819374.865516 1620801042.617271
989353.244227 1819374.857977 1620801042.267662
989353.242106 1819374.876328 1620801045.026848
989353.241042 1819374.874358 1620801045.367062
989353.235326 1819374.871525 1620801047.466877
989353.228623 1819374.868451 1620801048.166047
989353.226019 1819374.866004 1620801048.51888
989353.227398 1819374.868281 1620801051.867673
989353.223084 1819374.863544 1620801052.567352
989353.221856 1819374.861684 1620801053.567042
989353.222544 1819374.862621 1620801053.867189
989353.222453 1819374.863306 1620801054.217571
989353.228704 1819374.866034 1620801056.965396
989353.219672 1819374.859895 1620801057.966242
989353.223537 1819374.862327 1620801057.617068
989353.253651 1819374.881019 1620801060.367096
989353.460295 1819374.996845 1620801061.029552
989353.696368 1819375.125936 1620801061.366143
989358.601406 1819377.590515 1620801063.466521
989361.419426 1819378.836453 1620801064.166469
989382.002728 1819384.433398 1620801067.566169
989384.254288 1819384.690771 1620801067.866174
989386.944969 1819384.919164 1620801068.216951
989395.445816 1819385.070923 1620801069.266662
989430.425461 1819380.924971 1620801072.965533
989426.83292 1819381.61952 1620801072.618082
989468.278819 1819373.225029 1620801076.36734
989480.855197 1819370.640804 1620801077.417483
989485.122669 1819369.756224 1620801077.766422
989506.257899 1819365.467784 1620801079.466542
989518.97528 1819362.944335 1620801080.466844
989536.387394 1819359.46363 1620801081.816688
989527.970582 1819361.1704 1620801081.167672
989559.426678 1819355.03119 1620801083.566981
989564.035013 1819354.183834 1620801083.917546
989590.209242 1819349.387075 1620801085.965486
989603.094316 1819347.290311 1620801087.026797
989598.838408 1819347.964825 1620801086.676435
989627.401835 1819344.033323 1620801089.067266
989631.522302 1819343.623745 1620801089.418234
989655.769818 1819341.807201 1620801091.466601
989667.479383 1819341.272406 1620801092.466979
989663.419151 1819341.434176 1620801092.117886
989690.263665 1819340.863955 1620801094.566638
989699.90601 1819340.756757 1620801095.568529
989697.079007 1819340.795612 1620801095.267754
989729.987154 1819340.335196 1620801099.667659
989731.666745 1819340.327801 1620801099.966635
989737.000324 1819340.30955 1620801100.966631
989739.003128 1819340.290216 1620801101.367399
989748.096912 1819340.20283 1620801103.416515
989750.456098 1819340.194712 1620801104.066717
989753.484183 1819340.21596 1620801105.067428
989754.32246 1819340.217284 1620801105.416504
989756.196265 1819340.171996 1620801107.467305
989756.1534 1819340.126029 1620801108.519316
989756.18902 1819340.161237 1620801108.166614
989755.998862 1819340.098553 1620801110.56742
989755.980298 1819340.100241 1620801111.566633
989755.969323 1819340.096708 1620801112.917142
989756.53809 1819340.093729 1620801115.667064
989756.858985 1819340.097567 1620801115.967577
989758.626747 1819340.102603 1620801117.028244
989761.578099 1819340.14437 1620801118.028481
989762.875974 1819340.16615 1620801118.365702
989770.8471 1819340.34805 1620801120.067847
989777.051287 1819340.491655 1620801121.066976
989784.093824 1819340.605211 1620801122.067461
989786.719753 1819340.69737 1620801122.417799
989814.023351 1819342.270967 1620801125.467235
989825.176678 1819342.557353 1620801126.519472
989836.111473 1819342.639179 1620801127.519497
989832.268963 1819342.616928 1620801127.167523
989843.366844 1819342.686704 1620801128.16784
989871.321101 1819342.749819 1620801130.567473
989875.559208 1819342.711976 1620801130.917939
989892.877102 1819342.559655 1620801132.316883
989897.289963 1819342.517447 1620801132.667892
989923.02429 1819342.44921 1620801134.666842
989926.942091 1819342.440829 1620801134.967587
989940.758846 1819342.336171 1620801136.027607
989972.785736 1819342.203919 1620801138.418315
989981.552359 1819342.144577 1620801139.06684
990014.216328 1819341.842829 1620801141.466758
990019.713309 1819341.82226 1620801141.866959
990090.241368 1819341.15972 1620801146.917906
990099.420836 1819341.104646 1620801147.566638
990104.299528 1819341.083989 1620801147.916493
990158.856231 1819340.584253 1620801152.027258
990172.198214 1819340.48124 1620801153.028215
990176.908879 1819340.462983 1620801153.366886
990205.008571 1819340.455444 1620801155.41746
990214.086108 1819340.240976 1620801156.06711
990228.921217 1819339.597258 1620801157.117262
990233.182915 1819339.393331 1620801157.417125
990297.679669 1819338.679811 1620801161.866614
990302.718165 1819338.817641 1620801162.216861
990327.088964 1819339.415062 1620801163.917957
990336.391523 1819339.665277 1620801164.56882
990356.361354 1819340.266379 1620801165.966804
990365.613736 1819340.52518 1620801166.617901
990360.633349 1819340.385919 1620801166.267066
990385.537056 1819341.066052 1620801168.027948
990399.754484 1819341.45438 1620801169.027497
990413.893244 1819342.118727 1620801170.027492
990428.776148 1819342.566398 1620801171.068212
990443.664047 1819342.925209 1620801172.11787
990457.125057 1819343.272098 1620801173.067834
990462.077137 1819343.391836 1620801173.417706
990491.635903 1819343.970916 1620801175.523863
990486.759429 1819343.84622 1620801175.166684
990519.044474 1819344.576136 1620801177.616916
990514.704857 1819344.504691 1620801177.266972
990546.03922 1819345.427178 1620801180.02861
990552.58509 1819345.712281 1620801180.667671
990571.915294 1819346.681177 1620801182.766894
990574.877827 1819346.875985 1620801183.117692
990580.572324 1819347.289301 1620801183.81772
990600.705606 1819349.016243 1620801186.867755
990605.754142 1819349.457097 1620801187.868043
990608.737775 1819349.71458 1620801188.520104
990612.97204 1819350.008666 1620801189.519723
990611.735007 1819349.946263 1620801189.217966
990620.463656 1819348.962114 1620801191.617138
990621.448686 1819348.470671 1620801191.966005
990622.234025 1819347.993515 1620801192.267185
990627.065384 1819338.894735 1620801195.717688
990626.900345 1819340.003624 1620801195.367162
990627.960516 1819331.507549 1620801197.767817
990628.119893 1819330.041476 1620801198.117712
990630.002425 1819310.112517 1620801201.520215
990630.43166 1819302.49503 1620801202.519649
990630.710142 1819294.056224 1620801203.520752
990630.637811 1819297.118365 1620801203.16777
990630.787859 1819287.636308 1620801204.217117
990630.47647 1819247.818311 1620801207.966249
990630.445099 1819240.001257 1620801208.617162
990630.372888 1819222.985228 1620801209.966237
990630.394546 1819227.481692 1620801209.617421
990630.356728 1819219.096128 1620801210.267325
990630.221138 1819186.639748 1620801212.668226
990630.260214 1819190.817961 1620801212.367151
990630.022056 1819157.133432 1620801214.717999
990630.005085 1819151.940383 1620801215.068522
990629.568184 1819087.447141 1620801219.46734
990629.537685 1819072.278887 1620801220.467617
990629.416827 1819035.644477 1620801222.86729
990629.332787 1819025.685219 1620801223.517767
990629.379554 1819030.292219 1620801223.217467
990629.206644 1819014.86904 1620801224.21713
990628.674709 1818950.238263 1620801228.267521
990628.63736 1818943.671881 1620801228.666691
990628.402979 1818915.756839 1620801230.366588
990628.331411 1818910.082789 1620801230.717295
990627.583387 1818877.796119 1620801232.767739
990627.300925 1818872.446395 1620801233.117872
990626.398536 1818857.426738 1620801234.117851
990626.076589 1818852.243175 1620801234.467283
990624.782174 1818822.276076 1620801236.518917
990624.603353 1818817.211632 1620801236.867866
990624.363761 1818812.152613 1620801237.217579
990622.083474 1818763.056906 1620801240.618126
990621.488528 1818748.606061 1620801241.61961
990620.901584 1818733.974728 1620801242.618198
990620.689521 1818728.843293 1620801242.96834
990620.480503 1818723.819183 1620801243.320062
990619.473843 1818700.095179 1620801245.030294
990619.289285 1818695.287732 1620801245.36826
990617.599562 1818662.792432 1620801247.768012
990617.39773 1818658.274541 1620801248.119424
990617.20852 1818653.813561 1620801248.467427
990614.758074 1818601.836498 1620801252.872803
990614.31173 1818593.582107 1620801253.569417
990614.566347 1818597.71541 1620801253.218984
990613.112226 1818556.783882 1620801256.618085
990613.099595 1818543.797833 1620801257.668431
990613.145818 1818540.11483 1620801257.96831
990613.249809 1818535.811125 1620801258.318309
990616.021596 1818495.193264 1620801261.718619
990616.460256 1818491.057123 1620801262.069378
990619.949962 1818462.795046 1620801264.469084
990620.951287 1818455.151144 1620801265.119754
990621.463887 1818451.027318 1620801265.467661
990625.876819 1818418.683723 1620801268.21859
990627.443444 1818406.979897 1620801269.218055
990629.27442 1818391.310357 1620801270.567567
990628.944876 1818395.508142 1620801270.218464
990632.056202 1818368.683691 1620801272.567459
990631.519341 1818372.493331 1620801272.218245
990634.968858 1818348.311799 1620801274.618165
990635.401139 1818345.283189 1620801274.967437
990635.524812 1818330.256582 1620801277.031441
990633.274617 1818324.532107 1620801278.06881
990630.112152 1818320.129278 1620801279.032981
990626.859431 1818317.067561 1620801279.767783
990618.915723 1818312.634642 1620801281.167405
990617.066729 1818311.900861 1620801281.469131
990585.852719 1818310.593656 1620801285.567572
990580.099699 1818310.643012 1620801286.219487
990567.148059 1818310.595735 1620801287.568456
990570.62253 1818310.641624 1620801287.218768
990541.446442 1818308.787495 1620801289.967324
990533.384188 1818308.06951 1620801290.668016
990521.898223 1818307.235345 1620801291.668282
990518.523894 1818306.946058 1620801291.96665
990507.263087 1818305.800693 1620801292.967708
990462.43308 1818303.888175 1620801297.068551
990451.971471 1818303.911789 1620801298.068177
990441.470394 1818303.970267 1620801299.068622
990434.616764 1818304.067419 1620801299.718371
990420.216624 1818304.234115 1620801301.118469
990416.767338 1818304.241987 1620801301.468109
990401.799892 1818304.29597 1620801303.118403
990394.333429 1818304.312166 1620801304.118827
990392.096997 1818304.334844 1620801304.469167
990383.912014 1818304.907764 1620801306.168373
990381.214997 1818304.956968 1620801307.16681
990379.972181 1818304.981989 1620801308.519646
990380.051281 1818304.979727 1620801308.167801
990376.007458 1818304.957461 1620801311.568106
990371.290493 1818304.941866 1620801312.618769
990365.694293 1818304.940031 1620801313.668789
990367.663932 1818304.939716 1620801313.317978
990344.084954 1818305.101347 1620801316.719029
990338.581503 1818305.176684 1620801317.368699
990326.047062 1818305.324557 1620801318.719091
990322.605711 1818305.352982 1620801319.068784
990245.969134 1818305.328304 1620801325.818638
990241.687912 1818305.367984 1620801326.167603
990237.382901 1818305.406794 1620801326.520565
990215.676946 1818305.568506 1620801328.268856
990174.980292 1818305.987208 1620801331.668914
990170.794893 1818306.020642 1620801332.030281
990126.027493 1818306.244157 1620801335.719176
990121.732335 1818306.277066 1620801336.068037
990109.393596 1818306.386821 1620801337.068376
990105.05363 1818306.430596 1620801337.418975
990083.185971 1818306.627288 1620801339.167851
990069.304748 1818306.693327 1620801340.269262
990051.49688 1818306.668232 1620801341.668282
990047.018188 1818306.666482 1620801342.031023
990033.523847 1818306.718094 1620801343.070485
990019.288396 1818306.863908 1620801344.168105
990014.738876 1818306.916293 1620801344.520874
989860.829901 1818307.703309 1620801355.618839
989846.308973 1818307.75076 1620801356.56855
989850.928456 1818307.731141 1620801356.269615
989818.724664 1818307.866744 1620801358.318363
989797.056729 1818308.026079 1620801359.668128
989791.405427 1818308.078181 1620801360.0299
989786.553429 1818308.117141 1620801360.318298
989753.159124 1818308.253532 1620801362.370896
989724.368841 1818308.139752 1620801364.119106
989707.794324 1818307.987363 1620801365.119486
989696.163428 1818307.946328 1620801365.818212
989655.304782 1818308.201213 1620801368.269068
989649.509161 1818308.245616 1620801368.61748
989615.719838 1818308.447241 1620801370.668464
989599.185518 1818308.502623 1620801371.669391
989582.559282 1818308.599821 1620801372.668103
989576.670291 1818308.648472 1620801373.029802
989570.737486 1818308.700481 1620801373.36879
989535.287468 1818308.921902 1620801375.418136
989515.523689 1818308.978137 1620801376.519715
989503.600024 1818308.993033 1620801377.16719
989484.855921 1818308.99104 1620801378.167177
989465.687655 1818309.089738 1620801379.167199
989446.28559 1818309.258854 1620801380.16786
989426.819128 1818309.3676 1620801381.1673
989406.389318 1818309.410916 1620801382.218395
989400.582582 1818309.413384 1620801382.518348
989318.255102 1818309.714592 1620801386.917954
989312.110917 1818309.681114 1620801387.267906
989299.954097 1818309.645348 1620801387.967484
989282.118238 1818309.645192 1620801389.022606
989243.329973 1818309.763448 1620801391.418413
989223.08966 1818309.900696 1620801392.768172
989218.119384 1818309.910159 1620801393.120367
989204.221477 1818309.778917 1620801394.119318
989191.393032 1818309.953455 1620801395.068206
989171.305595 1818310.525706 1620801396.520941
989162.059708 1818310.616383 1620801397.218856
989158.171358 1818310.643134 1620801397.520129
989127.195824 1818310.577416 1620801399.918896
989118.215808 1818310.567116 1620801400.618939
989104.02295 1818310.584426 1620801401.719108
989100.132089 1818310.59709 1620801402.035295
989090.927213 1818310.641456 1620801402.720448
989063.68538 1818310.722082 1620801404.768135
989054.298981 1818310.809275 1620801405.468894
989040.281783 1818311.318513 1620801406.521519
989026.964679 1818312.334198 1620801407.521737
989030.971459 1818312.010603 1620801407.220375
988998.785726 1818313.858137 1620801409.620207
988985.277104 1818314.140227 1620801410.618761
988970.381623 1818314.302262 1620801411.719408
988956.835398 1818314.40556 1620801412.720124
988952.770783 1818314.450973 1620801413.033632
988928.853337 1818314.6441 1620801414.769909
988924.007703 1818314.67286 1620801415.119508
988904.369221 1818314.765421 1620801416.521899
988899.384592 1818314.774503 1620801416.869108
988869.011052 1818314.882919 1620801418.968904
988863.923609 1818314.885511 1620801419.31803
988843.844909 1818314.869653 1620801420.668148
988827.887487 1818314.945066 1620801421.719418
988813.496839 1818315.012273 1620801422.66939
988823.350808 1818314.953297 1620801422.02866
988785.870544 1818315.060706 1620801424.468935
988775.773937 1818315.102116 1620801425.119203
988770.318809 1818315.129169 1620801425.468986
988726.862828 1818315.523281 1620801428.219162
988722.073059 1818315.552168 1620801428.521718
988693.187067 1818315.598996 1620801430.318612
988670.723068 1818315.595753 1620801431.718625
988681.904154 1818315.591838 1620801431.028746
988606.285724 1818317.703502 1620801436.768321
988603.210078 1818318.240915 1620801437.120295
988594.791346 1818320.230063 1620801438.119707
988587.103535 1818322.580329 1620801439.119688
988584.643184 1818323.370145 1620801439.46915
988572.495025 1818327.26335 1620801441.52013
988567.257766 1818328.867151 1620801442.619009
988563.225056 1818330.08472 1620801443.620032
988564.588188 1818329.674103 1620801443.269341
988556.41979 1818332.278189 1620801445.719537
988558.221711 1818331.663527 1620801445.069272
988553.707914 1818333.259849 1620801447.768977
988553.70064 1818333.260826 1620801448.119138
988553.683813 1818333.244495 1620801449.219065
988553.687784 1818333.247086 1620801449.569
988553.685766 1818333.283099 1620801451.568279
988553.682847 1818333.297526 1620801452.21845
988553.67724 1818333.312651 1620801452.968928
988553.66353 1818333.319882 1620801454.669144
988553.668425 1818333.360951 1620801460.719662
988553.665484 1818333.365804 1620801461.069535
988553.673062 1818333.377611 1620801464.46903
988553.677584 1818333.373322 1620801464.119664
988553.670153 1818333.392539 1620801468.569253
988553.66479 1818333.397347 1620801470.668244
988553.668079 1818333.39667 1620801471.718903
988553.664002 1818333.400462 1620801472.71894
988553.671842 1818333.395084 1620801472.029836
988553.664432 1818333.39957 1620801474.469496
988553.665222 1818333.400371 1620801475.118748
988553.66156 1818333.403882 1620801478.568683
988553.666215 1818333.401934 1620801479.218611
988553.654153 1818333.408269 1620801480.969258
988553.665228 1818333.40312 1620801481.969216
988553.663465 1818333.406147 1620801482.719816
988553.657565 1818333.408583 1620801483.719631
988553.662104 1818333.407691 1620801483.06888
988553.665502 1818333.406764 1620801485.119263
988553.662301 1818333.41097 1620801486.169314
988553.652208 1818333.415715 1620801487.869256
988553.65787 1818333.412499 1620801488.919407
988553.652495 1818333.415138 1620801488.268182
988553.659587 1818333.416597 1620801490.668816
988553.661004 1818333.4149 1620801490.269703
988553.652964 1818333.421655 1620801494.06877
988553.662819 1818333.421377 1620801495.12239
988553.652294 1818333.427318 1620801496.119045
988553.652456 1818333.427509 1620801497.169374
988553.649297 1818333.428283 1620801497.521946
988553.656129 1818333.423681 1620801499.219505
988553.656793 1818333.424158 1620801500.619128
988553.65859 1818333.422264 1620801500.319589
988553.651624 1818333.426727 1620801502.718452
988553.655608 1818333.424868 1620801503.069296
988553.655661 1818333.425279 1620801503.419574
988553.65288 1818333.430459 1620801507.169536
988553.652915 1818333.430438 1620801507.469893
988553.640936 1818333.43754 1620801509.569516
988553.642069 1818333.43785 1620801509.22171
988553.64187 1818333.438599 1620801511.66882
988553.6365 1818333.439803 1620801512.719887
988553.640013 1818333.436794 1620801513.719406
988553.641552 1818333.436008 1620801514.069103
988553.638063 1818333.438652 1620801514.41978
988553.269677 1818333.586622 1620801519.82104
988553.045595 1818333.670944 1620801520.169666
988550.829542 1818334.525832 1620801521.868894
988550.073313 1818334.819476 1620801522.22058
988549.121932 1818335.186803 1620801522.568868
988540.23198 1818338.918149 1620801524.669574
988534.721344 1818341.557082 1620801525.668949
988528.743718 1818344.667074 1620801526.670067
988530.86265 1818343.534497 1620801526.319227
988524.120526 1818347.208392 1620801527.419647
988501.43929 1818361.375618 1620801530.819676
988498.92527 1818363.145266 1620801531.168454
988483.034505 1818376.173247 1620801533.569454
988478.533564 1818380.564058 1620801534.269411
988465.101298 1818394.991727 1620801536.369296
988456.376529 1818405.049107 1620801537.720251
988454.089081 1818407.743725 1620801538.070811
988446.749765 1818416.467629 1620801539.169544
988439.817727 1818424.779602 1620801540.169146
988435.162481 1818430.394222 1620801540.819684
988419.205653 1818449.734685 1620801542.921061
988416.400415 1818453.13481 1620801543.270149
988385.307579 1818490.874431 1620801546.969568
988382.282036 1818494.525997 1620801547.319247
988373.559348 1818505.057566 1620801548.319988
988356.002147 1818526.799228 1620801550.369224
988347.700694 1818537.123728 1620801551.369654
988330.127915 1818558.412891 1620801553.769246
988328.042573 1818561.006619 1620801554.121584
988326.375993 1818563.127121 1620801554.4199
988317.364527 1818583.036898 1620801557.620252
988317.544947 1818580.597327 1620801557.219981
988320.927591 1818594.631036 1620801559.669123
988323.506673 1818598.040696 1620801560.369741
988329.439944 1818604.840851 1620801561.769789
988326.37466 1818601.417004 1620801561.069142
988339.839386 1818615.162118 1620801563.76968
988337.807589 1818613.253999 1620801563.419719
988348.756908 1818623.07043 1620801565.119736
988351.316021 1818625.269325 1620801565.469633
988364.837452 1818636.588235 1620801567.169273
988373.605406 1818643.816093 1620801568.16919
988383.761399 1818652.574659 1620801569.269908
988396.490576 1818663.171982 1620801570.620203
988393.153837 1818660.413987 1620801570.269983
988412.529966 1818676.272644 1620801572.270022
988428.809642 1818689.530055 1620801573.918701
988452.416569 1818708.875664 1620801576.319278
988462.977462 1818717.431829 1620801577.369738
988477.094733 1818729.197895 1620801578.769068
988486.735457 1818737.984164 1620801579.768111
988495.810287 1818746.517645 1620801580.769598
988498.898149 1818749.337871 1620801581.120426
988507.934369 1818757.2284 1620801582.169147
988521.438885 1818768.553327 1620801583.870384
988523.633195 1818770.37854 1620801584.170039
988531.176285 1818776.639098 1620801585.269801
988533.371919 1818778.455108 1620801585.622436
988543.965605 1818787.181532 1620801587.720282
988542.290608 1818785.797479 1620801587.320365
988549.448134 1818791.682664 1620801589.77039
988549.792287 1818791.961297 1620801590.120298
988549.89833 1818792.047529 1620801590.419421
988549.91057 1818792.059624 1620801592.169925
988549.91107 1818792.065017 1620801592.568731
988549.880697 1818792.026598 1620801594.569738
988549.849808 1818791.960902 1620801595.269957
988549.839185 1818791.937068 1620801595.619679
988551.147218 1818792.994693 1620801597.669902
988550.673482 1818792.601874 1620801597.369715
988556.86381 1818797.746377 1620801599.769596
988558.152067 1818798.821905 1620801600.119913
988561.094811 1818801.275683 1620801600.819865
988572.416197 1818810.619608 1620801602.870072
988574.679 1818812.464471 1620801603.222265
988582.031365 1818818.477566 1620801604.270091
988584.655608 1818820.631601 1620801604.621729
988598.335749 1818831.868898 1620801606.369907
988601.09137 1818834.14309 1620801606.719696
988625.969635 1818854.542431 1620801609.769246
988628.946851 1818856.948141 1620801610.120401
988631.939404 1818859.377042 1620801610.470244
988653.037244 1818876.67414 1620801612.869759
988655.749679 1818878.902441 1620801613.169354
988665.416979 1818886.855292 1620801614.219911
988674.897974 1818894.674623 1620801615.220075
988684.661583 1818902.725961 1620801616.219908
988694.620474 1818910.980323 1620801617.220238
988708.894332 1818922.730463 1620801618.61943
988715.643138 1818928.288484 1620801619.270255
988729.88028 1818940.041608 1620801620.619525
988744.458426 1818952.045674 1620801621.968559
988763.250553 1818967.565329 1620801623.719854
988759.567947 1818964.509576 1620801623.368965
988770.054412 1818973.214856 1620801624.370627
988851.654616 1819040.494556 1620801631.769264
988855.767364 1819043.894207 1620801632.11991
988876.673503 1819060.818102 1620801633.871654
988880.924102 1819064.098988 1620801634.22016
988893.870255 1819073.642436 1620801635.270068
988906.49574 1819082.289293 1620801636.269998
988910.946669 1819085.25492 1620801636.620126
988936.842217 1819102.396262 1620801638.670365
988950.455814 1819111.51037 1620801639.769595
988962.774192 1819119.526199 1620801640.768848
988975.008635 1819127.378108 1620801641.769302
988979.284263 1819130.061249 1620801642.121124
988983.56829 1819132.692589 1620801642.470648
989024.723009 1819157.987171 1620801645.87048
989020.539765 1819155.362371 1620801645.522476
989037.73122 1819166.306515 1620801646.970633
989057.966309 1819179.608901 1620801648.720062
989070.427384 1819187.950484 1620801649.820221
989073.789389 1819190.220558 1620801650.119298
989077.694378 1819192.871378 1620801650.469388
989107.316636 1819212.910448 1620801653.170385
989114.918888 1819217.913338 1620801653.870199
989130.062761 1819227.902412 1620801655.269938
989134.384578 1819230.753854 1620801655.670491
989156.629896 1819245.469507 1620801657.719714
989152.794026 1819242.941644 1620801657.369363
989164.345591 1819250.560801 1620801658.420041
989213.210041 1819283.00489 1620801662.820307
989223.903492 1819290.198495 1620801663.820277
989216.968828 1819285.53174 1620801663.170108
989265.115715 1819317.713688 1620801667.869442
989268.359726 1819319.858856 1620801668.220224
989274.240842 1819323.754228 1620801668.870444
989291.61082 1819334.920905 1620801670.919825
989294.82224 1819336.900997 1620801671.320716
989314.618762 1819348.195462 1620801673.720118
989308.736542 1819344.936795 1620801673.031771
989331.661992 1819357.607593 1620801675.770522
989339.808085 1819362.087681 1620801676.820254
989334.424037 1819359.129809 1620801676.120839
989357.232813 1819369.697892 1620801679.220154
989361.94876 1819370.317619 1620801679.920762
989371.269303 1819367.993622 1620801681.620841
989373.612891 1819365.869663 1620801682.270382
989375.729505 1819361.682495 1620801683.321526
989376.400907 1819357.590453 1620801684.270233
989376.47243 1819352.807758 1620801685.320436
989376.456314 1819351.057842 1620801685.670775
989376.403806 1819347.557007 1620801686.321719
989375.796317 1819314.919647 1620801690.720793
989375.827934 1819317.574617 1620801690.420536
989375.02534 1819273.562532 1620801694.820278
989374.956192 1819269.647325 1620801695.169771
989374.595082 1819249.454819 1620801696.919868
989374.545595 1819245.893048 1620801697.220335
989374.480049 1819241.708562 1620801697.570836
989374.204627 1819221.09123 1620801699.269835
989374.178357 1819217.43497 1620801699.570051
989374.016556 1819197.221979 1620801701.220292
989373.64521 1819179.427457 1620801702.670341
989373.566132 1819175.738343 1620801702.96997
989373.20122 1819154.371975 1620801704.72083
989373.259201 1819158.589204 1620801704.370623
989372.992414 1819129.04009 1620801706.820429
989372.983564 1819124.798607 1620801707.170093
989372.93947 1819104.096924 1620801708.871572
989372.890654 1819099.193915 1620801709.270441
989372.32279 1819070.267237 1620801711.620352
989372.072114 1819058.125018 1620801712.669709
989371.389071 1819022.890154 1620801719.371364
989371.343936 1819020.503843 1620801720.4203
989371.357656 1819021.315749 1620801720.069839
989371.230531 1819013.930134 1620801722.820367
989371.106767 1819011.125942 1620801723.820561
989370.635047 1819008.226353 1620801724.820396
989370.337968 1819007.148157 1620801725.169856
989362.413323 1818999.226579 1620801728.270108
989357.473771 1818997.924549 1620801729.270429
989351.751119 1818996.839653 1620801730.220876
989349.408841 1818996.407893 1620801730.56948
989333.314106 1818993.020778 1620801732.670109
989327.637653 1818991.53378 1620801733.320821
989318.335473 1818988.816603 1620801734.320057
989308.468837 1818985.790364 1620801735.32038
989297.984865 1818982.416099 1620801736.320963
989294.159575 1818981.140912 1620801736.670058
989277.963998 1818975.717193 1620801738.070506
989218.995544 1818956.24396 1620801742.770676
989223.526306 1818957.745 1620801742.419704
989192.203273 1818947.14288 1620801744.820684
989179.011541 1818942.629458 1620801745.820549
989165.790586 1818937.966054 1620801746.820794
989152.629243 1818933.053422 1620801747.82063
989139.603144 1818927.651133 1620801748.820629
989148.039645 1818931.228054 1620801748.169828
989083.586103 1818900.161896 1620801753.220048
989074.621948 1818895.589193 1620801753.921031
989057.382956 1818886.329288 1620801755.271948
989043.983047 1818878.783188 1620801756.321116
989039.524932 1818876.211574 1620801756.670748
989012.720561 1818860.417569 1620801758.770331
988999.626495 1818852.255576 1620801759.820429
988987.322364 1818844.440803 1620801760.820572
988983.015874 1818841.681326 1620801761.169524
988901.452365 1818784.602694 1620801767.921095
988897.601581 1818781.302982 1620801768.270482
988894.354476 1818778.500805 1620801768.57071
988872.496558 1818759.189164 1620801770.670635
988861.84893 1818749.218777 1620801771.770254
988855.449763 1818742.712016 1620801772.470015
988840.201623 1818727.060436 1620801774.17136
988821.621474 1818707.075588 1620801776.270999
988812.951697 1818697.786023 1620801777.270725
988804.532931 1818688.749093 1620801778.272147
988796.231153 1818679.804584 1620801779.271104
988787.928854 1818670.920645 1620801780.271086
988779.560724 1818662.082522 1620801781.270549
988767.688266 1818649.638758 1620801782.670862
988761.731176 1818643.305649 1620801783.370714
988759.177683 1818640.551569 1620801783.670598
988740.823001 1818621.02584 1620801785.770378
988731.847645 1818611.402077 1620801786.771595
988722.687304 1818601.606721 1620801787.771506
988716.64756 1818595.150971 1620801788.420792
988703.365524 1818581.071283 1620801789.820855
988706.712221 1818584.609639 1620801789.470387
988680.621768 1818556.888131 1620801792.272429
988674.879666 1818550.698209 1620801792.922241
988659.822421 1818534.632769 1620801794.671246
988656.886114 1818531.536627 1620801795.0365
988642.810932 1818516.442097 1620801796.771913
988634.350393 1818507.419885 1620801797.871076
988636.996188 1818510.247303 1620801797.524236
988624.109744 1818496.752635 1620801799.271922
988621.612986 1818494.254386 1620801799.620632
988617.08186 1818489.68786 1620801800.270213
988570.295839 1818445.96666 1620801806.671566
988564.802221 1818440.89192 1620801807.370937
988553.754832 1818430.350923 1620801808.771045
988551.401714 1818428.044673 1620801809.07176
988538.451332 1818415.050913 1620801810.770998
988531.167707 1818407.66236 1620801811.770237
988524.218805 1818400.716579 1620801812.771105
988517.743543 1818394.375382 1620801813.769469
988511.950884 1818389.015229 1620801814.770324
988506.505111 1818384.931217 1620801815.770244
988501.031115 1818382.203557 1620801816.770317
988502.952563 1818383.002711 1620801816.420783
988497.174644 1818381.143879 1620801817.471035
988478.166236 1818385.483947 1620801820.872278
988480.027553 1818384.33482 1620801820.523238
988465.368446 1818396.571334 1620801823.271297
988463.400241 1818398.624772 1620801823.621001
988450.783322 1818412.706822 1620801825.670154
988443.995312 1818420.458328 1620801826.670729
988439.073796 1818426.288797 1620801827.370929
988431.733066 1818435.095214 1620801828.371608
988421.60769 1818447.468646 1620801829.670187
988415.851096 1818454.523718 1620801830.370887
988407.313174 1818464.985107 1620801831.37063
988398.356611 1818475.880242 1620801832.371081
988388.969188 1818487.224426 1620801833.371243
988385.628508 1818491.28141 1620801833.720558
988366.110889 1818514.969736 1620801835.770242
988362.872722 1818518.913074 1620801836.120741
988320.319243 1818573.309175 1620801843.170328
988319.432839 1818575.207515 1620801843.522592
988318.280378 1818588.728133 1620801845.971768
988318.85469 1818590.56618 1620801846.321167
988320.395542 1818593.768342 1620801846.969435
988326.997979 1818601.118964 1620801848.672047
988330.333867 1818604.083425 1620801849.370301
988328.626509 1818602.599057 1620801849.030988
988341.851432 1818613.931537 1620801851.470703
988350.015531 1818621.641515 1620801852.820996
988356.78142 1818628.034215 1620801853.821107
988364.187464 1818634.746893 1620801854.821565
988372.26577 1818641.696794 1620801855.821179
988366.541233 1818636.800947 1620801855.121275
988374.807425 1818643.854392 1620801856.120807
988400.501919 1818665.184667 1620801858.871317
988404.037587 1818668.078078 1620801859.222807
988418.671594 1818679.992452 1620801860.621063
988422.445011 1818683.058667 1620801860.970341
988441.755186 1818698.865779 1620801862.720477
988448.889622 1818704.730387 1620801863.370577
988452.712006 1818707.880073 1620801863.721495
988475.786567 1818726.726522 1620801865.821043
988471.913093 1818723.598483 1620801865.471267
988479.658445 1818729.874503 1620801866.170504
