990492.461424 1819704.024916 1620823465.604383
990492.530335 1819704.025791 1620823465.953542
990492.676986 1819704.026384 1620823466.304473
990495.919789 1819704.023275 1620823468.604369
990498.69714 1819704.01014 1620823469.654398
990501.555997 1819703.983437 1620823470.45459
990505.262815 1819703.94375 1620823471.30437
990508.877588 1819703.909144 1620823472.004284
990514.946806 1819703.857134 1620823473.004203
990523.982894 1819703.885111 1620823474.354653
990533.158543 1819703.834451 1620823475.604273
990538.185144 1819703.777493 1620823476.25456
990537.0132 1819703.792619 1620823476.104649
990557.421203 1819703.549697 1620823478.604397
990568.402682 1819703.447766 1620823479.903505
990564.635145 1819703.481239 1620823479.454129
990579.750201 1819703.329286 1620823481.304464
990585.420479 1819703.116796 1620823482.004347
990603.124203 1819701.828546 1620823484.204281
990611.449861 1819701.154407 1620823485.304657
990620.70179 1819700.255957 1620823486.654188
990624.669717 1819699.486439 1620823487.354191
990626.400716 1819698.949473 1620823487.704583
990632.835451 1819694.821823 1620823489.304923
990636.376879 1819688.814931 1620823490.703825
990636.893448 1819686.956421 1620823491.065191
990637.698901 1819676.248555 1620823492.75486
990637.706068 1819668.843609 1620823493.754932
990637.691523 1819666.131042 1620823494.104543
990637.647083 1819655.222524 1620823495.454345
990637.654443 1819658.080348 1620823495.104006
990637.595328 1819644.619171 1620823496.75466
990637.461651 1819629.424624 1620823498.754648
990637.468343 1819631.586329 1620823498.454336
990637.49271 1819617.60372 1620823500.454405
990637.48715 1819609.605595 1620823501.603841
990637.486399 1819607.134223 1620823501.954328
990637.577143 1819592.741653 1620823503.953952
990637.50153 1819580.123013 1620823505.654319
990637.460502 1819577.552829 1620823506.004603
990637.41375 1819572.889375 1620823506.654428
990637.375336 1819566.052504 1620823507.654192
990637.344444 1819561.546903 1620823508.353701
990637.28327 1819555.295839 1620823509.40417
990637.299308 1819548.749187 1620823510.604424
990637.251274 1819537.14358 1620823513.104774
990637.233526 1819530.547942 1620823516.654573
990637.233337 1819530.544121 1620823517.004325
990637.23645 1819530.536004 1620823518.004284
990637.259066 1819530.534575 1620823519.654763
990637.236291 1819530.53257 1620823520.65444
990637.233163 1819530.533356 1620823521.004224
990637.230201 1819530.530332 1620823522.354783
990637.241784 1819530.537885 1620823523.005302
990637.243826 1819530.534985 1620823524.354258
990637.240347 1819530.529944 1620823525.354387
990637.25182 1819530.531309 1620823526.004272
990637.255412 1819530.534288 1620823527.004205
990637.254775 1819529.487762 1620823528.704323
990637.289829 1819527.560785 1620823529.353515
990637.335288 1819522.315431 1620823530.354355
990637.332184 1819524.462436 1620823530.004428
990636.113136 1819472.967267 1620823534.754529
990635.431446 1819464.56365 1620823535.404397
990634.624531 1819455.561378 1620823536.104486
990634.131388 1819447.263819 1620823536.755783
990632.30055 1819419.817435 1620823538.954378
990631.333921 1819407.973707 1620823539.954407
990630.750679 1819396.88414 1620823540.95461
990630.466754 1819390.051054 1620823541.654372
990629.806435 1819382.22464 1620823542.604694
990629.184707 1819379.655993 1620823542.954537
990627.268324 1819375.355487 1620823543.608333
990614.882754 1819367.918903 1620823545.654354
990611.922071 1819367.377288 1620823546.004698
990608.78777 1819366.915958 1620823546.354563
990591.059442 1819365.288565 1620823548.104793
990576.219688 1819364.211126 1620823549.404357
990560.152931 1819363.177754 1620823550.705038
990555.730111 1819362.932977 1620823551.068132
990551.928641 1819362.743593 1620823551.354461
990520.714063 1819361.569864 1620823553.754885
990507.477356 1819361.115378 1620823554.756073
990498.166333 1819360.826969 1620823555.45475
990480.834444 1819360.332819 1620823556.754312
990484.84085 1819360.448397 1620823556.454839
990462.353591 1819359.831871 1620823558.154664
990439.079184 1819359.143066 1620823559.954796
990447.371315 1819359.414051 1620823559.305854
990435.934865 1819359.041598 1620823560.204628
990404.501768 1819358.066797 1620823562.904852
990403.060206 1819358.031963 1620823563.069535
990400.329318 1819357.973784 1620823563.354608
990387.425097 1819359.122758 1620823565.105009
990383.359069 1819361.181345 1620823565.804828
990378.685913 1819366.913226 1620823567.005163
990376.131953 1819376.648528 1620823568.404704
990375.938543 1819379.09713 1620823568.70492
990375.726335 1819385.08829 1620823569.404786
990375.716345 1819403.353973 1620823571.404659
990375.774196 1819409.987774 1620823572.104964
990375.815756 1819412.885786 1620823572.404593
990375.966839 1819429.745936 1620823574.10497
990375.921295 1819442.868551 1620823575.404361
990375.670761 1819456.758426 1620823576.80443
990375.619974 1819459.647783 1620823577.105651
990375.290321 1819477.096359 1620823579.004678
990375.246973 1819479.733039 1620823579.30499
990375.24093 1819486.129448 1620823580.0682
990377.671728 1819496.532379 1620823581.454553
990379.058729 1819498.602193 1620823581.804708
990386.158752 1819503.576361 1620823583.068503
990400.638058 1819504.634713 1620823584.8046
990394.294307 1819504.717762 1620823584.104625
990419.711976 1819504.274925 1620823586.6553
990427.667226 1819504.148365 1620823587.354713
990436.001697 1819504.046376 1620823588.068241
990444.630928 1819503.95906 1620823588.754946
990449.020614 1819503.919881 1620823589.105873
990473.985217 1819503.733401 1620823591.068647
990487.61126 1819503.652488 1620823592.105034
990497.5387 1819503.634832 1620823592.854794
990513.76667 1819503.573345 1620823594.0686
990528.135542 1819503.549663 1620823595.105155
990545.055672 1819503.456332 1620823596.353615
990558.270709 1819503.403629 1620823597.354875
990567.333011 1819503.349941 1620823598.069664
990571.738414 1819503.331983 1620823598.404611
990596.623849 1819503.118519 1620823600.804601
990601.374897 1819503.074418 1620823601.454804
990608.526974 1819503.04514 1620823602.854495
990609.039242 1819503.04586 1620823603.004652
990611.311491 1819503.017714 1620823604.004722
990611.92242 1819502.994146 1620823605.354522
990611.917338 1819502.991701 1620823606.905027
990611.916561 1819502.990773 1620823607.063836
990611.91755 1819502.991746 1620823607.40466
990611.91159 1819502.980938 1620823609.404571
990611.915323 1819502.977938 1620823609.75437
990611.918552 1819502.975712 1620823610.064085
990611.906337 1819502.978587 1620823612.305084
990611.897914 1819502.995366 1620823613.804561
990611.897886 1819502.995142 1620823614.154884
990611.898037 1819502.999853 1620823616.805447
990611.898681 1819502.999855 1620823617.15355
990611.895032 1819502.998666 1620823620.404494
990611.895005 1819502.998109 1620823621.06417
990611.898607 1819502.997397 1620823622.75496
990611.899094 1819502.997886 1620823623.10472
990611.899273 1819502.996455 1620823624.454561
990611.899235 1819502.999461 1620823625.854617
990611.898795 1819502.999626 1620823626.353603
990611.897999 1819502.998598 1620823627.004496
990611.849685 1819502.974377 1620823628.064381
990611.851474 1819502.974945 1620823629.504494
990611.850514 1819502.975469 1620823630.404688
990611.851846 1819502.974123 1620823631.454673
990611.851157 1819502.974675 1620823631.064202
990611.849404 1819502.974677 1620823634.805204
990611.849015 1819502.975101 1620823635.154668
990611.847685 1819502.976812 1620823635.804923
990611.848262 1819502.975643 1620823637.505142
990611.849115 1819502.976751 1620823637.153663
990611.849469 1819502.974346 1620823639.55619
990611.849702 1819502.97448 1620823639.353533
990611.848986 1819502.9742 1620823640.005697
990611.847442 1819502.975282 1620823642.804752
990611.848316 1819502.975748 1620823643.754999
990611.850135 1819502.974286 1620823644.804697
990611.85044 1819502.973856 1620823644.953653
990611.848442 1819502.974088 1620823646.755518
990611.847433 1819502.974618 1620823646.004612
990611.849328 1819502.972821 1620823647.754836
990611.84828 1819502.975345 1620823651.15474
990611.851554 1819502.974163 1620823651.85467
990611.849684 1819502.975063 1620823653.755161
990611.850065 1819502.974071 1620823654.854823
990611.849573 1819502.97447 1620823655.505194
990611.851679 1819502.974562 1620823656.70505
990611.851133 1819502.973524 1620823657.755056
990611.850542 1819502.973382 1620823658.504787
990611.850836 1819502.973544 1620823658.856497
990611.851055 1819502.973647 1620823659.156569
990611.850217 1819502.973021 1620823660.556717
990611.852749 1819502.973761 1620823665.40477
990611.852262 1819502.973882 1620823666.904853
990611.852263 1819502.973888 1620823667.105096
990611.853268 1819502.974124 1620823668.855714
990611.853477 1819502.973885 1620823669.204727
990611.85503 1819502.971005 1620823670.404818
990611.855775 1819502.970447 1620823670.068375
990611.85499 1819502.97159 1620823671.105341
990611.851103 1819502.973734 1620823673.8048
990611.853311 1819502.971692 1620823674.854507
990611.853576 1819502.971015 1620823675.204676
990611.852719 1819502.971186 1620823675.505334
990611.853245 1819502.971821 1620823677.404914
990611.853195 1819502.971929 1620823678.454639
990611.854144 1819502.97247 1620823679.954711
990611.853456 1819502.972613 1620823680.454838
990611.851972 1819502.973387 1620823681.854782
990611.852469 1819502.972881 1620823682.505365
990611.852274 1819502.970246 1620823683.804995
990611.852437 1819502.969775 1620823684.154575
990611.854665 1819502.971272 1620823685.154638
990611.852833 1819502.972979 1620823686.50522
990611.852171 1819502.972679 1620823687.204926
990611.852573 1819502.97192 1620823688.404827
990611.85121 1819502.971962 1620823689.105102
990611.852447 1819502.972465 1620823689.754401
990611.852236 1819502.973484 1620823691.20541
990611.854109 1819502.973655 1620823692.454793
990611.85261 1819502.974292 1620823692.953793
990611.853896 1819502.972558 1620823694.505592
990611.853332 1819502.972408 1620823694.856635
990611.831567 1819502.950022 1620823696.20484
990611.831306 1819502.948794 1620823697.854666
990611.815703 1819502.934076 1620823698.755349
990611.80705 1819502.927721 1620823699.7552
990611.806554 1819502.927783 1620823700.067452
990611.796671 1819502.915943 1620823701.804775
990611.791856 1819502.914416 1620823702.804877
990611.793046 1819502.912318 1620823702.105226
990611.791439 1819502.914625 1620823703.804574
990611.791073 1819502.914771 1620823704.157472
990611.788962 1819502.915395 1620823705.50429
990611.7921 1819502.914191 1620823706.755284
990612.294002 1819502.910769 1620823708.805135
990612.699076 1819502.907828 1620823709.154896
990613.138706 1819502.905542 1620823709.454714
990617.435523 1819502.87549 1620823711.154955
990623.733532 1819502.82246 1620823712.555872
990627.526497 1819502.792412 1620823713.206654
990637.467857 1819502.75149 1620823714.755294
990636.469902 1819502.754487 1620823714.6048
990651.107148 1819502.656687 1620823716.65499
990657.030836 1819502.602312 1620823717.405041
990668.985457 1819502.543488 1620823718.80479
990671.70445 1819502.535077 1620823719.105371
990684.545099 1819502.56879 1620823720.455029
990688.042278 1819502.554476 1620823720.804938
990701.971594 1819502.518603 1620823722.154993
990705.659439 1819502.504994 1620823722.504376
990727.207808 1819502.43196 1620823724.556596
990723.59629 1819502.44783 1620823724.205189
990743.360073 1819502.320734 1620823726.154967
990756.510156 1819502.285046 1620823727.505588
990766.530867 1819502.151083 1620823728.55616
990779.408979 1819501.972638 1620823729.904455
990782.396206 1819501.938776 1620823730.20514
990796.315208 1819501.836422 1620823731.557263
990803.20523 1819501.813693 1620823732.208003
990810.653174 1819501.775671 1620823732.906244
990811.715111 1819501.772517 1620823733.00465
990840.151714 1819501.520407 1620823735.754201
990843.607179 1819501.467823 1620823736.104684
990857.043875 1819501.287445 1620823737.504404
990863.521549 1819501.234416 1620823738.204869
990869.697825 1819501.178986 1620823738.905862
990874.961864 1819501.131232 1620823739.555786
990887.911858 1819503.226637 1620823741.506447
990894.733613 1819508.469884 1620823742.905464
990895.139378 1819508.962436 1620823743.005055
990901.050269 1819523.872943 1620823745.305105
990901.249641 1819530.260753 1620823746.105613
990901.338536 1819535.881979 1620823746.8049
990901.313733 1819553.359092 1620823748.804919
990901.311303 1819550.576942 1620823748.50465
990901.21047 1819570.13147 1620823750.556351
990901.197501 1819573.551422 1620823750.905122
990901.255645 1819592.339723 1620823752.854848
990901.270812 1819595.282805 1620823753.154747
990901.28126 1819609.294138 1620823754.557134
990901.302609 1819616.435817 1620823755.254818
990901.358821 1819628.407039 1620823756.461301
990901.467157 1819637.938981 1620823757.505361
990901.612214 1819645.958339 1620823758.557126
990901.590073 1819654.207191 1620823759.855187
990900.982217 1819660.236411 1620823760.855114
990901.48487 1819656.034153 1620823760.154796
990896.316883 1819672.254753 1620823762.905518
990892.401964 1819676.965446 1620823763.755775
990890.422215 1819678.723768 1620823764.105519
990888.304631 1819680.328761 1620823764.455096
990883.89483 1819682.93983 1620823765.105795
990867.21629 1819690.536448 1620823767.154948
990864.197477 1819691.909708 1620823767.505658
990851.776846 1819697.593684 1620823768.904485
990836.928875 1819704.579839 1620823770.505627
990823.283126 1819711.213134 1620823771.905325
990826.744356 1819709.503436 1620823771.556433
990803.995118 1819721.028314 1620823773.804989
990797.241273 1819724.497495 1620823774.455143
990786.752953 1819729.909719 1620823775.45475
990779.399885 1819733.752179 1620823776.15485
990765.173572 1819741.09034 1620823777.505539
990768.848332 1819739.197534 1620823777.154084
990754.289125 1819746.674907 1620823778.556221
990747.074736 1819750.318131 1620823779.255082
990729.560332 1819759.182577 1620823780.954972
990706.149483 1819771.71915 1620823783.305611
990692.291744 1819780.624225 1620823784.854948
990684.153463 1819786.725258 1620823785.854979
990678.802722 1819791.077561 1620823786.555767
990671.782612 1819797.141106 1620823787.555894
990667.031519 1819800.590077 1620823788.254896
990656.667666 1819802.903226 1620823789.655308
990653.153259 1819802.358645 1620823790.156021
990651.174551 1819801.730221 1620823790.455085
990641.973528 1819793.516407 1620823792.204882
990640.849926 1819791.079745 1620823792.555785
990639.074676 1819772.140752 1620823794.854954
990639.081795 1819774.766526 1620823794.555937
990639.086049 1819760.045547 1620823796.256467
990639.085241 1819761.312737 1620823796.105564
990639.021821 1819738.919467 1620823798.955074
990639.051079 1819741.512714 1620823798.605083
990639.000641 1819736.751566 1620823799.25631
990638.929422 1819730.140715 1620823800.155253
990638.509107 1819719.743564 1620823801.50555
990638.310089 1819706.194684 1620823803.155298
990638.138319 1819691.427816 1620823804.855103
990638.106625 1819688.323213 1620823805.205295
990638.074176 1819682.514574 1620823805.854944
990638.02663 1819670.317876 1620823807.20446
990637.994124 1819667.1182 1620823807.556916
990637.645139 1819645.531973 1620823809.905153
990637.583936 1819642.368174 1620823810.254962
990637.458463 1819636.159576 1620823810.955086
990637.658735 1819627.55373 1620823811.954882
990641.475853 1819614.793688 1620823813.605169
990643.088272 1819612.506377 1620823813.955949
990657.103617 1819603.703851 1620823815.954711
990660.185921 1819603.102691 1620823816.305453
990675.829882 1819602.559487 1620823817.955017
990703.562503 1819602.432839 1620823820.805196
990709.051903 1819602.35531 1620823821.356019
990720.821105 1819602.237095 1620823822.505788
990735.130196 1819602.275572 1620823823.854904
990738.941769 1819602.292576 1620823824.206169
990742.796715 1819602.309735 1620823824.557312
990753.945977 1819602.339298 1620823825.558328
990761.813928 1819602.352929 1620823826.256048
990789.151351 1819602.228768 1620823828.905166
990786.131893 1819602.255994 1620823828.5568
990802.45321 1819602.102514 1620823830.605075
990810.597467 1819602.061555 1620823831.654996
990811.794655 1819602.064332 1620823831.805139
990813.81853 1819602.064823 1620823832.069035
990835.892486 1819601.66944 1620823834.556679
990832.703981 1819601.824829 1620823834.205232
990854.74922 1819601.020491 1620823836.65506
990859.528189 1819600.865254 1620823837.204947
990860.823893 1819600.840463 1620823837.354854
990896.610941 1819608.210374 1620823842.255576
990909.084079 1819646.374341 1620823847.704868
990960.476197 1819629.135077 1620823854.955328
990966.403463 1819624.559654 1620823855.655145
990969.004383 1819622.617381 1620823855.956886
990972.092029 1819620.373871 1620823856.304833
990989.165968 1819609.180537 1620823858.154282
990991.536801 1819607.696694 1620823858.405234
991003.034625 1819600.656477 1620823859.605547
991021.911018 1819589.071109 1620823861.556962
991019.97006 1819590.271618 1620823861.355381
991045.593099 1819574.686694 1620823864.005999
991048.387171 1819572.981344 1620823864.30572
991051.622657 1819570.98521 1620823864.655599
991057.471986 1819567.300352 1620823865.305739
991066.655783 1819560.602526 1620823866.505811
991075.08114 1819548.377878 1620823868.255152
991076.132403 1819545.712259 1620823868.605567
991077.344358 1819540.637853 1620823869.25546
991073.174845 1819519.664153 1620823871.905203
991069.759942 1819514.837493 1620823872.605499
991061.005952 1819507.78114 1620823873.955256
991055.95121 1819505.201812 1620823874.606302
991047.319331 1819501.536057 1620823875.605372
991037.969837 1819498.041701 1620823876.604757
991031.57652 1819495.764417 1620823877.255349
991017.172342 1819490.965915 1620823878.655835
991006.504586 1819487.505596 1620823879.65513
990996.574139 1819484.175555 1620823880.557644
990998.257892 1819484.744802 1620823880.40544
990923.943965 1819460.230933 1620823886.605263
990920.020448 1819458.986395 1620823886.906279
990915.411116 1819457.528009 1620823887.255284
990878.03043 1819445.636744 1620823889.954504
990853.343115 1819437.810342 1620823891.656724
990838.717527 1819433.16749 1620823892.660161
990826.383717 1819429.126243 1620823893.505823
990810.053904 1819423.775579 1620823894.656796
990807.25941 1819422.860827 1620823894.855787
990783.379119 1819414.999673 1620823896.604509
990770.19561 1819410.682742 1620823897.605411
990752.913731 1819405.028283 1620823898.954465
990740.377426 1819401.215994 1620823899.957165
990732.433241 1819398.730148 1620823900.60847
990724.047266 1819396.063672 1620823901.305949
990716.515214 1819393.586195 1620823901.955775
990711.511345 1819391.992433 1620823902.405943
990696.016109 1819386.963519 1620823904.005403
990688.515617 1819384.434875 1620823905.006443
990679.198474 1819381.316006 1620823906.954458
990678.412706 1819381.054132 1620823907.255436
990677.137659 1819380.637898 1620823907.954501
990676.535192 1819380.410133 1620823909.60576
990676.517767 1819380.411614 1620823910.655602
990676.508385 1819380.400928 1620823911.905857
990676.510863 1819380.406609 1620823911.005579
990676.511596 1819380.397112 1620823913.60558
990676.505266 1819380.398531 1620823913.955563
990676.498152 1819380.401457 1620823914.305844
990676.430585 1819380.441339 1620823916.655589
990676.415653 1819380.456173 1620823917.354604
990676.393215 1819380.491338 1620823918.655677
990676.378518 1819380.507414 1620823919.355618
990676.363049 1819380.53166 1620823920.355724
990676.356296 1819380.537409 1620823920.655722
990676.353369 1819380.548723 1620823921.557992
990676.345775 1819380.556183 1620823923.706024
990676.338932 1819380.560529 1620823924.60566
990676.334909 1819380.563522 1620823925.305976
990676.341167 1819380.566069 1620823926.305826
990676.352362 1819380.561266 1620823927.154814
990676.352913 1819380.571004 1620823928.005524
990676.34822 1819380.583765 1620823929.354545
990676.354012 1819380.581953 1620823930.068441
990676.353925 1819380.581753 1620823930.205373
990676.346141 1819380.569046 1620823932.25559
990676.330113 1819380.479443 1620823936.906108
990676.331123 1819380.478105 1620823936.106373
990676.342335 1819380.483368 1620823939.255567
990676.344453 1819380.481212 1620823939.105919
990676.312872 1819380.520146 1620823943.605545
990676.31266 1819380.51979 1620823943.305029
990676.260308 1819380.441688 1620823948.704925
990676.256631 1819380.434947 1620823949.066026
990676.240226 1819380.413153 1620823950.60562
990676.226286 1819380.3986 1620823951.705934
990676.216692 1819380.389656 1620823952.355703
990676.203853 1819380.380012 1620823953.065233
990676.195642 1819380.367988 1620823954.065646
990676.185469 1819380.351601 1620823955.706052
990676.179709 1819380.344082 1620823956.354622
990676.182709 1819380.347453 1620823956.066409
990676.160069 1819380.320858 1620823958.655523
990676.154285 1819380.314654 1620823959.65579
990676.155429 1819380.317069 1620823959.305094
990676.144359 1819380.306813 1620823960.855675
990676.129536 1819380.297019 1620823962.35577
990676.110234 1819380.282254 1620823965.405201
990676.104368 1819380.278876 1620823965.955717
990676.099669 1819380.272722 1620823967.354563
990676.096771 1819380.271735 1620823968.00572
990676.086502 1819380.264521 1620823969.705909
990676.087303 1819380.265481 1620823969.506208
990676.079816 1819380.253747 1620823971.904954
990676.076582 1819380.254169 1620823972.255762
990676.063873 1819380.258882 1620823973.30538
990676.063311 1819380.258806 1620823974.306387
990676.051502 1819380.25828 1620823976.005683
990676.057435 1819380.259347 1620823975.655631
990676.047835 1819380.257895 1620823976.35563
990676.030719 1819380.258838 1620823978.064879
990675.77206 1819380.173711 1620823979.655624
990675.393599 1819380.047577 1620823980.005731
990672.047121 1819378.94095 1620823981.355736
990669.133255 1819377.978329 1620823982.005609
990657.84964 1819374.438256 1620823983.756066
990655.477358 1819373.77269 1620823984.065757
990650.932031 1819372.623597 1620823984.605633
990618.04685 1819366.831047 1620823987.954865
990614.703025 1819366.491653 1620823988.258228
990598.253263 1819365.193643 1620823989.656048
990602.460451 1819365.504617 1620823989.305026
990586.013614 1819364.314987 1620823990.656078
990564.017565 1819362.989723 1620823992.405679
990547.224846 1819362.14563 1620823993.706004
990538.719277 1819361.802495 1620823994.355671
990520.309029 1819361.196297 1620823995.755703
990511.773284 1819360.944543 1620823996.405582
990502.573071 1819360.677556 1620823997.106209
990489.542434 1819360.348789 1620823998.106425
990481.23024 1819360.090399 1620823998.756367
990473.055653 1819359.804166 1620823999.405888
990446.418947 1819359.026864 1620824001.605608
990430.863711 1819358.728448 1620824002.955987
990422.522583 1819358.565005 1620824003.705326
990424.160088 1819358.598661 1620824003.556662
990412.608966 1819358.362055 1620824004.655838
990403.39245 1819358.155587 1620824005.655977
990389.03069 1819358.555224 1620824007.655793
990384.997794 1819359.879008 1620824008.355656
990380.142638 1819363.704113 1620824009.407244
990376.13867 1819372.869032 1620824010.955016
990375.632048 1819375.455488 1620824011.305566
990375.294336 1819377.82072 1620824011.606134
990374.680636 1819384.154863 1620824012.35579
990374.02595 1819396.796261 1620824013.70545
990373.496642 1819410.005938 1620824015.005842
990373.420053 1819412.638011 1620824015.256114
990372.900687 1819438.781705 1620824017.655892
990372.827502 1819442.590426 1620824018.005975
990372.508642 1819453.75611 1620824019.06509
990371.683536 1819467.772895 1620824020.405582
990369.508919 1819482.256376 1620824021.805866
990368.655258 1819485.828061 1620824022.154858
990362.507114 1819501.990764 1620824023.805794
990365.386002 1819495.788625 1620824023.155864
990358.688067 1819508.361839 1620824024.506058
990354.511978 1819513.911136 1620824025.155864
990335.723382 1819534.200813 1620824027.706082
990331.202461 1819539.563708 1620824028.35499
990328.9222 1819542.500736 1620824028.705158
990321.445501 1819554.361098 1620824030.062937
990315.395339 1819570.500137 1620824031.756405
990313.928683 1819576.768576 1620824032.405855
990312.273155 1819586.548045 1620824033.406163
990311.262215 1819600.029998 1620824034.756579
990311.551688 1819593.502541 1620824034.10631
990311.256542 1819603.572454 1620824035.106332
990313.949654 1819626.767649 1620824037.355161
990316.599264 1819637.24092 1620824038.355907
990319.156733 1819645.064168 1620824039.105597
990325.257687 1819658.73844 1620824040.455865
990323.469126 1819655.257778 1620824040.106448
990335.649943 1819673.90605 1620824042.105388
990348.485709 1819686.464367 1620824043.756514
990343.099894 1819681.811569 1620824043.106597
990364.31092 1819696.17753 1620824045.456084
990360.873698 1819694.501911 1620824045.106571
990385.108719 1819702.573526 1620824047.455947
990400.020857 1819704.156296 1620824048.855959
990412.02734 1819704.403488 1620824050.005747
990419.424589 1819704.298953 1620824050.705272
990423.153429 1819704.218623 1620824051.062766
990434.384316 1819703.9593 1620824052.10534
990438.133065 1819703.908522 1620824052.455733
990461.508098 1819703.775682 1620824054.70653
990468.211031 1819703.766375 1620824055.405765
990477.149916 1819703.726343 1620824056.455853
990483.916164 1819703.70371 1620824057.455852
990485.852961 1819703.691601 1620824057.805923
990490.930895 1819703.676173 1620824059.10564
990492.596088 1819703.742738 1620824060.805157
990492.553271 1819703.733023 1620824060.457013
990492.593593 1819703.746803 1620824061.30639
990492.548611 1819703.722631 1620824063.706484
