990492.461424 1819704.024916 1620823465.604383
990492.530335 1819704.025791 1620823465.953542
990492.650895 1819704.026412 1620823466.255029
990496.032804 1819704.022766 1620823468.654046
990498.69714 1819704.01014 1620823469.654398
990501.75445 1819703.981055 1620823470.504332
990505.503291 1819703.940805 1620823471.354474
990508.877588 1819703.909144 1620823472.004284
990515.269011 1819703.856021 1620823473.063159
990524.332462 1819703.882247 1620823474.403497
990533.158543 1819703.834451 1620823475.604273
990538.185144 1819703.777493 1620823476.25456
990536.623863 1819703.797564 1620823476.063809
990557.421203 1819703.549697 1620823478.604397
990568.402682 1819703.447766 1620823479.903505
990564.214308 1819703.485258 1620823479.404245
990579.750201 1819703.329286 1620823481.304464
990585.011697 1819703.137185 1620823481.9558
990602.348865 1819701.893124 1620823484.103428
990611.449861 1819701.154407 1620823485.304657
990620.394073 1819700.298793 1620823486.604548
990624.410326 1819699.550503 1620823487.304405
990626.161016 1819699.033511 1620823487.655393
990633.001092 1819694.651917 1620823489.353657
990636.458986 1819688.556919 1620823490.754827
990636.893448 1819686.956421 1620823491.065191
990637.698901 1819676.248555 1620823492.75486
990637.706068 1819668.843609 1620823493.754932
990637.691523 1819666.131042 1620823494.104543
990637.647083 1819655.222524 1620823495.454345
990637.654443 1819658.080348 1620823495.104006
990637.595328 1819644.619171 1620823496.75466
990637.461651 1819629.424624 1620823498.754648
990637.468343 1819631.586329 1620823498.454336
990637.49271 1819617.60372 1620823500.454405
990637.48715 1819609.605595 1620823501.603841
990637.486399 1819607.134223 1620823501.954328
990637.577143 1819592.741653 1620823503.953952
990637.50153 1819580.123013 1620823505.654319
990637.466502 1819577.917965 1620823505.954262
990637.41375 1819572.889375 1620823506.654428
990637.375336 1819566.052504 1620823507.654192
990637.347333 1819561.858612 1620823508.304217
990637.28423 1819555.582615 1620823509.354234
990637.298466 1819548.489978 1620823510.65452
990637.252831 1819536.950036 1620823513.154574
990637.233552 1819530.543208 1620823516.704624
990637.23324 1819530.54356 1620823517.064033
990637.236654 1819530.535534 1620823518.063765
990637.257094 1819530.534226 1620823519.704323
990637.235856 1819530.532658 1620823520.70422
990637.232745 1819530.533434 1620823521.063632
990637.231046 1819530.530895 1620823522.40467
990637.242661 1819530.538402 1620823523.063917
990637.243241 1819530.534634 1620823524.404222
990637.241206 1819530.53 1620823525.404235
990637.252715 1819530.531437 1620823526.062062
990637.25553 1819530.534475 1620823527.064106
990637.254775 1819529.487762 1620823528.704323
990637.293132 1819527.3637 1620823529.404243
990637.334827 1819521.977811 1620823530.404302
990637.334847 1819524.177759 1620823530.064003
990636.113136 1819472.967267 1620823534.754529
990635.431446 1819464.56365 1620823535.404397
990634.624531 1819455.561378 1620823536.104486
990634.131388 1819447.263819 1620823536.755783
990632.30055 1819419.817435 1620823538.954378
990631.333921 1819407.973707 1620823539.954407
990630.750679 1819396.88414 1620823540.95461
990630.466754 1819390.051054 1620823541.654372
990629.731528 1819381.84917 1620823542.655522
990629.184707 1819379.655993 1620823542.954537
990627.268324 1819375.355487 1620823543.608333
990614.882754 1819367.918903 1620823545.654354
990611.922071 1819367.377288 1620823546.004698
990608.78777 1819366.915958 1620823546.354563
990592.142398 1819365.373143 1620823548.004632
990576.818133 1819364.253189 1620823549.354675
990559.52155 1819363.142312 1620823550.754823
990555.730111 1819362.932977 1620823551.068132
990551.290491 1819362.712776 1620823551.404682
990520.714063 1819361.569864 1620823553.754885
990507.477356 1819361.115378 1620823554.756073
990498.166333 1819360.826969 1620823555.45475
990480.834444 1819360.332819 1620823556.754312
990484.84085 1819360.448397 1620823556.454839
990462.353591 1819359.831871 1620823558.154664
990439.079184 1819359.143066 1620823559.954796
990447.371315 1819359.414051 1620823559.305854
990436.564639 1819359.062707 1620823560.154564
990404.992586 1819358.079218 1620823562.854729
990403.535057 1819358.043236 1620823563.004603
990400.329318 1819357.973784 1620823563.354608
990387.741912 1819359.021526 1620823565.068423
990383.879111 1819360.819388 1620823565.705843
990378.546885 1819367.206951 1620823567.068045
990376.131953 1819376.648528 1620823568.404704
990375.91449 1819379.513861 1620823568.756169
990375.726335 1819385.08829 1620823569.404786
990375.719865 1819403.824757 1620823571.455025
990375.774196 1819409.987774 1620823572.104964
990375.821459 1819413.372006 1620823572.454618
990375.966839 1819429.745936 1620823574.10497
990375.916124 1819443.375299 1620823575.454782
990375.670761 1819456.758426 1620823576.80443
990375.619974 1819459.647783 1620823577.105651
990375.290321 1819477.096359 1620823579.004678
990375.246973 1819479.733039 1620823579.30499
990375.226085 1819485.713815 1620823580.005105
990377.496264 1819496.21488 1620823581.404647
990378.633839 1819498.03394 1620823581.705258
990386.505996 1819503.694718 1620823583.104513
990400.638058 1819504.634713 1620823584.8046
990394.294307 1819504.717762 1620823584.104625
990419.711976 1819504.274925 1620823586.6553
990427.086908 1819504.15732 1620823587.305305
990435.394228 1819504.050315 1620823588.004719
990444.005786 1819503.96522 1620823588.708432
990448.393291 1819503.924881 1620823589.070504
990474.630567 1819503.731646 1620823591.105368
990488.270181 1819503.649347 1620823592.154771
990497.5387 1819503.634832 1620823592.854794
990513.084959 1819503.576042 1620823594.004764
990527.450668 1819503.552159 1620823595.067678
990545.724469 1819503.454448 1620823596.404835
990559.575044 1819503.399123 1620823597.454726
990567.969324 1819503.347673 1620823598.105181
990572.355881 1819503.328191 1620823598.454052
990596.623849 1819503.118519 1620823600.804601
990601.374897 1819503.074418 1620823601.454804
990608.526974 1819503.04514 1620823602.854495
990609.039242 1819503.04586 1620823603.004652
990611.311491 1819503.017714 1620823604.004722
990611.92242 1819502.994146 1620823605.354522
990611.917718 1819502.991985 1620823606.854704
990611.916561 1819502.990773 1620823607.063836
990611.917395 1819502.991547 1620823607.354729
990611.911111 1819502.981379 1620823609.35475
990611.914679 1819502.978427 1620823609.704574
990611.918552 1819502.975712 1620823610.064085
990611.907422 1819502.976353 1620823612.2045
990611.897918 1819502.995465 1620823613.755305
990611.897926 1819502.995034 1620823614.062467
990611.897784 1819502.999808 1620823616.754898
990611.89901 1819503.000186 1620823617.064331
990611.895101 1819502.998582 1620823620.455486
990611.895202 1819502.997935 1620823621.105028
990611.898669 1819502.997526 1620823622.804545
990611.899094 1819502.997886 1620823623.10472
990611.89921 1819502.996549 1620823624.504719
990611.899235 1819502.999461 1620823625.854617
990611.898795 1819502.999626 1620823626.353603
990611.897999 1819502.998598 1620823627.004496
990611.849685 1819502.974377 1620823628.064381
990611.85177 1819502.974783 1620823629.404855
990611.850605 1819502.975407 1620823630.454561
990611.851846 1819502.974123 1620823631.454673
990611.851325 1819502.974505 1620823631.104365
990611.849404 1819502.974677 1620823634.805204
990611.849015 1819502.975101 1620823635.154668
990611.847526 1819502.977013 1620823635.854748
990611.848262 1819502.975643 1620823637.505142
990611.849115 1819502.976751 1620823637.153663
990611.849469 1819502.974346 1620823639.55619
990611.849702 1819502.97448 1620823639.353533
990611.848986 1819502.9742 1620823640.005697
990611.847396 1819502.975284 1620823642.75506
990611.848318 1819502.975826 1620823643.804659
990611.85028 1819502.974137 1620823644.854503
990611.85056 1819502.973722 1620823645.004958
990611.848442 1819502.974088 1620823646.755518
990611.84711 1819502.974744 1620823646.067588
990611.849328 1819502.972821 1620823647.754836
990611.848135 1819502.975398 1620823651.105987
990611.850951 1819502.974367 1620823651.755279
990611.849835 1819502.975083 1620823653.804975
990611.850065 1819502.974071 1620823654.854823
990611.849573 1819502.97447 1620823655.505194
990611.851679 1819502.974562 1620823656.70505
990611.851133 1819502.973524 1620823657.755056
990611.85044 1819502.973372 1620823658.454511
990611.850832 1819502.973507 1620823658.804347
990611.851162 1819502.973625 1620823659.105091
990611.850047 1819502.973089 1620823660.655012
990611.852624 1819502.973815 1620823665.305091
990611.852267 1819502.973901 1620823667.004754
990611.852257 1819502.973861 1620823667.153539
990611.853268 1819502.974124 1620823668.855714
990611.853477 1819502.973885 1620823669.204727
990611.85503 1819502.971005 1620823670.404818
990611.855775 1819502.970447 1620823670.068375
990611.85499 1819502.97159 1620823671.105341
990611.851103 1819502.973734 1620823673.8048
990611.853311 1819502.971692 1620823674.854507
990611.853576 1819502.971015 1620823675.204676
990611.852719 1819502.971186 1620823675.505334
990611.853245 1819502.971821 1620823677.404914
990611.853279 1819502.971925 1620823678.404806
990611.854051 1819502.97244 1620823679.905324
990611.853628 1819502.97258 1620823680.405033
990611.851999 1819502.973314 1620823681.805656
990611.852489 1819502.973009 1620823682.454873
990611.852219 1819502.970117 1620823683.854563
990611.852437 1819502.969775 1620823684.154575
990611.854665 1819502.971272 1620823685.154638
990611.852711 1819502.972958 1620823686.55685
990611.852171 1819502.972679 1620823687.204926
990611.852573 1819502.97192 1620823688.404827
990611.85121 1819502.971962 1620823689.105102
990611.852447 1819502.972465 1620823689.754401
990611.852057 1819502.973513 1620823691.154117
990611.853886 1819502.973716 1620823692.505787
990611.852491 1819502.97435 1620823693.004903
990611.853845 1819502.972513 1620823694.556524
990611.853332 1819502.972408 1620823694.856635
990611.831567 1819502.950022 1620823696.20484
990611.831306 1819502.948794 1620823697.854666
990611.815703 1819502.934076 1620823698.755349
990611.80705 1819502.927721 1620823699.7552
990611.806554 1819502.927783 1620823700.067452
990611.797349 1819502.916624 1620823701.75595
990611.791897 1819502.914277 1620823702.755207
990611.793046 1819502.912318 1620823702.105226
990611.791337 1819502.914689 1620823703.75521
990611.791211 1819502.914756 1620823704.105072
990611.788896 1819502.915495 1620823705.456924
990611.792235 1819502.914168 1620823706.804822
990612.34532 1819502.91054 1620823708.855793
990612.765885 1819502.907281 1620823709.204793
990613.220416 1819502.905361 1620823709.505003
990617.613249 1819502.872177 1620823711.204813
990623.733532 1819502.82246 1620823712.555872
990627.526497 1819502.792412 1620823713.206654
990637.467857 1819502.75149 1620823714.755294
990636.469902 1819502.754487 1620823714.6048
990650.722521 1819502.660911 1620823716.60503
990657.030836 1819502.602312 1620823717.405041
990668.985457 1819502.543488 1620823718.80479
990671.70445 1819502.535077 1620823719.105371
990684.545099 1819502.56879 1620823720.455029
990688.042278 1819502.554476 1620823720.804938
990701.446227 1819502.520338 1620823722.105947
990705.130655 1819502.506655 1620823722.454779
990726.695003 1819502.433476 1620823724.505077
990723.073408 1819502.450489 1620823724.154864
990743.851065 1819502.321677 1620823726.205325
990756.510156 1819502.285046 1620823727.505588
990766.530867 1819502.151083 1620823728.55616
990779.408979 1819501.972638 1620823729.904455
990782.897937 1819501.933526 1620823730.254763
990796.315208 1819501.836422 1620823731.557263
990803.734095 1819501.812178 1620823732.254717
990810.653174 1819501.775671 1620823732.906244
990812.245546 1819501.771094 1620823733.066482
990840.151714 1819501.520407 1620823735.754201
990843.607179 1819501.467823 1620823736.104684
990856.577549 1819501.291884 1620823737.454693
990863.066056 1819501.239196 1620823738.156646
990869.272272 1819501.182329 1620823738.85502
990874.575886 1819501.13382 1620823739.505718
990888.18976 1819503.358063 1620823741.55666
990894.733613 1819508.469884 1620823742.905464
990895.339929 1819509.212833 1620823743.066002
990901.017926 1819523.482428 1620823745.255959
990901.249641 1819530.260753 1620823746.105613
990901.338536 1819535.881979 1620823746.8049
990901.313733 1819553.359092 1620823748.804919
990901.310478 1819550.117827 1620823748.455739
990901.211701 1819569.640619 1620823750.505362
990901.199605 1819573.064491 1620823750.854902
990901.258336 1819592.82885 1620823752.905653
990901.274064 1819595.76978 1620823753.204859
990901.285201 1819609.805678 1620823754.604627
990901.302609 1819616.435817 1620823755.254818
990901.358821 1819628.407039 1620823756.461301
990901.467157 1819637.938981 1620823757.505361
990901.60591 1819645.608907 1620823758.505278
990901.576644 1819654.512089 1620823759.905616
990900.928335 1819660.530593 1620823760.90544
990901.462546 1819656.338282 1620823760.205135
990896.316883 1819672.254753 1620823762.905518
990892.132791 1819677.225428 1620823763.804982
990890.422215 1819678.723768 1620823764.105519
990888.304631 1819680.328761 1620823764.455096
990883.89483 1819682.93983 1620823765.105795
990867.21629 1819690.536448 1620823767.154948
990864.197477 1819691.909708 1620823767.505658
990852.230112 1819697.384541 1620823768.85513
990836.452988 1819704.807504 1620823770.556304
990823.283126 1819711.213134 1620823771.905325
990826.250895 1819709.745085 1620823771.606285
990803.995118 1819721.028314 1620823773.804989
990797.241273 1819724.497495 1620823774.455143
990786.752953 1819729.909719 1620823775.45475
990779.926634 1819733.478362 1620823776.105515
990765.173572 1819741.09034 1620823777.505539
990768.848332 1819739.197534 1620823777.154084
990754.802786 1819746.412613 1620823778.504757
990747.591906 1819750.06305 1620823779.206172
990730.07353 1819758.917494 1620823780.905401
990706.620559 1819771.442483 1620823783.254962
990691.869241 1819780.921331 1620823784.90507
990683.762517 1819787.03599 1620823785.905882
990678.802722 1819791.077561 1620823786.555767
990671.782612 1819797.141106 1620823787.555894
990667.031519 1819800.590077 1620823788.254896
990656.667666 1819802.903226 1620823789.655308
990653.153259 1819802.358645 1620823790.156021
990651.174551 1819801.730221 1620823790.455085
990642.157719 1819793.849563 1620823792.155022
990640.99001 1819791.44112 1620823792.505131
990639.074676 1819772.140752 1620823794.854954
990639.082957 1819775.201415 1620823794.505503
990639.084582 1819760.465668 1620823796.205123
990639.08242 1819761.737125 1620823796.065733
990639.031124 1819739.661317 1620823798.855058
990639.055451 1819741.865307 1620823798.556328
990639.004103 1819737.111779 1620823799.205253
990638.912458 1819729.766613 1620823800.205294
990638.501767 1819719.347006 1620823801.556505
990638.303538 1819705.767115 1620823803.205071
990638.131848 1819690.984809 1620823804.905798
990638.102275 1819687.877736 1620823805.257196
990638.076545 1819682.065225 1620823805.905366
990638.022035 1819669.861379 1620823807.254913
990637.989897 1819666.660754 1620823807.605134
990637.636509 1819645.078001 1620823809.955351
990637.574001 1819641.919499 1620823810.30565
990637.458463 1819636.159576 1620823810.955086
990637.658735 1819627.55373 1620823811.954882
990641.475853 1819614.793688 1620823813.605169
990643.088272 1819612.506377 1620823813.955949
990657.103617 1819603.703851 1620823815.954711
990660.185921 1819603.102691 1620823816.305453
990675.829882 1819602.559487 1620823817.955017
990703.562503 1819602.432839 1620823820.805196
990708.548299 1819602.363669 1620823821.305581
990720.821105 1819602.237095 1620823822.505788
990735.130196 1819602.275572 1620823823.854904
990738.941769 1819602.292576 1620823824.206169
990742.796715 1819602.309735 1620823824.557312
990753.945977 1819602.339298 1620823825.558328
990761.813928 1819602.352929 1620823826.256048
990789.565304 1819602.224062 1620823828.954123
990786.575677 1819602.253029 1620823828.605156
990802.837531 1819602.098662 1620823830.655004
990810.597467 1819602.061555 1620823831.654996
990812.195709 1819602.064761 1620823831.855192
990813.409929 1819602.065279 1620823832.005507
990835.892486 1819601.66944 1620823834.556679
990832.703981 1819601.824829 1620823834.205232
990853.873345 1819601.052577 1620823836.557503
990859.960443 1819600.856804 1620823837.255236
990861.684642 1819600.824202 1620823837.455197
990896.610941 1819608.210374 1620823842.255576
990909.501267 1819646.870457 1620823847.805206
990960.898515 1819628.809233 1620823855.006722
990966.403463 1819624.559654 1620823855.655145
990969.440723 1819622.294625 1620823856.005286
990972.092029 1819620.373871 1620823856.304833
990989.636103 1819608.886564 1620823858.205367
990991.061143 1819607.995759 1620823858.355213
991002.551373 1819600.948505 1620823859.556832
991022.396267 1819588.7706 1620823861.605603
991020.940805 1819589.671096 1620823861.455257
991045.593099 1819574.686694 1620823864.005999
991048.387171 1819572.981344 1620823864.30572
991051.622657 1819570.98521 1620823864.655599
991057.471986 1819567.300352 1620823865.305739
991066.655783 1819560.602526 1620823866.505811
991074.916865 1819548.75823 1620823868.205389
991075.99953 1819546.096658 1620823868.556174
991077.280823 1819541.035783 1620823869.205479
991072.962154 1819519.302093 1620823871.95551
991069.480664 1819514.52571 1620823872.655384
991061.005952 1819507.78114 1620823873.955256
991055.540976 1819505.011599 1620823874.655356
991046.867322 1819501.359062 1620823875.655402
991037.48641 1819497.865914 1620823876.65578
991031.075676 1819495.59046 1620823877.305749
991017.172342 1819490.965915 1620823878.655835
991006.504586 1819487.505596 1620823879.65513
990996.574139 1819484.175555 1620823880.557644
990998.817776 1819484.933437 1620823880.354393
990924.593434 1819460.437385 1620823886.557083
990920.020448 1819458.986395 1620823886.906279
990915.411116 1819457.528009 1620823887.255284
990878.03043 1819445.636744 1620823889.954504
990854.072701 1819438.041471 1620823891.606674
990839.44913 1819433.401655 1620823892.606213
990827.103901 1819429.363205 1620823893.456079
990810.754396 1819424.004144 1620823894.605569
990807.957141 1819423.089423 1620823894.805602
990782.712516 1819414.780683 1620823896.655461
990769.545522 1819410.470854 1620823897.655635
990752.283793 1819404.821462 1620823899.00551
990739.758401 1819401.029859 1620823900.006377
990731.829754 1819398.539451 1620823900.656438
990724.047266 1819396.063672 1620823901.305949
990715.949681 1819393.400457 1620823902.005502
990710.434051 1819391.651902 1620823902.505893
990696.016109 1819386.963519 1620823904.005403
990688.515617 1819384.434875 1620823905.006443
990679.344639 1819381.365928 1620823906.905895
990678.412706 1819381.054132 1620823907.255436
990677.202812 1819380.660138 1620823907.905848
990676.534525 1819380.411076 1620823909.655523
990676.516859 1819380.410954 1620823910.706056
990676.508385 1819380.400928 1620823911.905857
990676.510863 1819380.406609 1620823911.005579
990676.511596 1819380.397112 1620823913.60558
990676.506351 1819380.398322 1620823913.906051
990676.499277 1819380.400928 1620823914.255424
990676.43197 1819380.440692 1620823916.605638
990676.416304 1819380.45431 1620823917.305956
990676.393215 1819380.491338 1620823918.655677
990676.379375 1819380.505955 1620823919.306139
990676.364334 1819380.53057 1620823920.305486
990676.356296 1819380.537409 1620823920.655722
990676.354902 1819380.549428 1620823921.655406
990676.345315 1819380.556763 1620823923.805514
990676.338392 1819380.560735 1620823924.655624
990676.335214 1819380.563844 1620823925.355477
990676.341834 1819380.565642 1620823926.355599
990676.352314 1819380.561804 1620823927.205562
990676.35301 1819380.571579 1620823928.068933
990676.34822 1819380.583765 1620823929.354545
990676.354012 1819380.581953 1620823930.068441
990676.353865 1819380.581741 1620823930.255617
990676.346141 1819380.569046 1620823932.25559
990676.330113 1819380.479443 1620823936.906108
990676.33131 1819380.478574 1620823936.064854
990676.342335 1819380.483368 1620823939.255567
990676.34472 1819380.480642 1620823939.064881
990676.312872 1819380.520146 1620823943.605545
990676.31266 1819380.51979 1620823943.305029
990676.260788 1819380.442559 1620823948.655549
990676.257104 1819380.435883 1620823949.005622
990676.239063 1819380.411856 1620823950.706034
990676.226286 1819380.3986 1620823951.705934
990676.215866 1819380.388983 1620823952.405513
990676.203853 1819380.380012 1620823953.065233
990676.195642 1819380.367988 1620823954.065646
990676.185469 1819380.351601 1620823955.706052
990676.179271 1819380.343517 1620823956.405505
990676.182709 1819380.347453 1620823956.066409
990676.160493 1819380.321101 1620823958.605906
990676.154377 1819380.315011 1620823959.605641
990676.155429 1819380.317069 1620823959.305094
990676.144782 1819380.307113 1620823960.805239
990676.129661 1819380.297246 1620823962.306083
990676.110713 1819380.282511 1620823965.354685
990676.103912 1819380.278516 1620823966.005901
990676.099669 1819380.272722 1620823967.354563
990676.096771 1819380.271735 1620823968.00572
990676.086281 1819380.264234 1620823969.756336
990676.087133 1819380.265268 1620823969.557386
990676.07975 1819380.253557 1620823971.955782
990676.076582 1819380.254169 1620823972.255762
990676.063873 1819380.258882 1620823973.30538
990676.063311 1819380.258806 1620823974.306387
990676.052283 1819380.258437 1620823975.954636
990676.057435 1819380.259347 1620823975.655631
990676.048417 1819380.257923 1620823976.30602
990676.031312 1819380.258747 1620823978.00564
990675.728661 1819380.159336 1620823979.706102
990675.326572 1819380.025488 1620823980.065457
990672.047121 1819378.94095 1620823981.355736
990668.879381 1819377.894073 1620823982.064972
990657.84964 1819374.438256 1620823983.756066
990655.477358 1819373.77269 1620823984.065757
990650.932031 1819372.623597 1620823984.605633
990618.04685 1819366.831047 1620823987.954865
990614.703025 1819366.491653 1620823988.258228
990598.253263 1819365.193643 1620823989.656048
990602.460451 1819365.504617 1620823989.305026
990586.013614 1819364.314987 1620823990.656078
990564.656241 1819363.02601 1620823992.355549
990547.224846 1819362.14563 1620823993.706004
990538.061416 1819361.781804 1620823994.405816
990520.309029 1819361.196297 1620823995.755703
990511.773284 1819360.944543 1620823996.405582
990502.573071 1819360.677556 1620823997.106209
990489.542434 1819360.348789 1620823998.106425
990481.23024 1819360.090399 1620823998.756367
990473.055653 1819359.804166 1620823999.405888
990446.418947 1819359.026864 1620824001.605608
990430.863711 1819358.728448 1620824002.955987
990423.066221 1819358.576534 1620824003.656054
990424.709568 1819358.608362 1620824003.505191
990412.119842 1819358.352957 1620824004.705492
990402.960462 1819358.147052 1620824005.706142
990388.727905 1819358.613577 1620824007.706063
990384.726801 1819360.017225 1620824008.405805
990380.142638 1819363.704113 1620824009.407244
990376.13867 1819372.869032 1620824010.955016
990375.632048 1819375.455488 1620824011.305566
990375.243639 1819378.225996 1620824011.655814
990374.711981 1819383.718851 1620824012.309364
990374.048163 1819396.302165 1620824013.655776
990373.496642 1819410.005938 1620824015.005842
990373.45016 1819411.580896 1620824015.155097
990372.88017 1819439.874021 1620824017.755722
990372.816364 1819443.132105 1620824018.065431
990372.490108 1819454.277985 1620824019.105795
990371.633301 1819468.292731 1620824020.455629
990369.508919 1819482.256376 1620824021.805866
990368.655258 1819485.828061 1620824022.154858
990362.507114 1819501.990764 1620824023.805794
990365.386002 1819495.788625 1620824023.155864
990358.985255 1819507.919489 1620824024.455875
990354.511978 1819513.911136 1620824025.155864
990336.084682 1819533.793257 1620824027.655925
990331.202461 1819539.563708 1620824028.35499
990329.241078 1819542.07847 1620824028.656036
990321.445501 1819554.361098 1620824030.062937
990315.522857 1819570.015877 1620824031.705188
990313.928683 1819576.768576 1620824032.405855
990312.33985 1819586.05473 1620824033.355982
990311.271214 1819599.526025 1620824034.706127
990311.589467 1819593.003052 1620824034.064341
990311.251379 1819603.064798 1620824035.062055
990314.06462 1819627.289523 1620824037.405845
990316.752155 1819637.764455 1620824038.405794
990319.156733 1819645.064168 1620824039.105597
990325.257687 1819658.73844 1620824040.455865
990323.469126 1819655.257778 1620824040.106448
990335.649943 1819673.90605 1620824042.105388
990348.916562 1819686.805342 1620824043.805841
990343.099894 1819681.811569 1620824043.106597
990364.31092 1819696.17753 1620824045.456084
990360.873698 1819694.501911 1620824045.106571
990385.108719 1819702.573526 1620824047.455947
990399.496984 1819704.128034 1620824048.806127
990412.02734 1819704.403488 1620824050.005747
990419.424589 1819704.298953 1620824050.705272
990422.619515 1819704.230473 1620824051.005979
990433.847985 1819703.967245 1620824052.066443
990437.598491 1819703.915697 1620824052.405998
990462.002531 1819703.775612 1620824054.756272
990468.211031 1819703.766375 1620824055.405765
990477.149916 1819703.726343 1620824056.455853
990483.916164 1819703.70371 1620824057.455852
990485.852961 1819703.691601 1620824057.805923
990491.043765 1819703.677076 1620824059.155865
990492.596088 1819703.742738 1620824060.805157
990492.553271 1819703.733023 1620824060.457013
990492.592128 1819703.745972 1620824061.355921
990492.548611 1819703.722631 1620824063.706484
