355751.116561 4027021.00088 1620823465.604383
355751.185494 4027021.000683 1620823465.953542
355751.332173 4027020.998996 1620823466.304473
355754.575341 4027020.945467 1620823468.604369
355757.352842 4027020.889148 1620823469.654398
355760.211649 4027020.817991 1620823470.45459
355763.918323 4027020.720665 1620823471.30437
355767.533019 4027020.629851 1620823472.004284
355773.602202 4027020.483469 1620823473.004203
355782.639877 4027020.370955 1620823474.354653
355791.815908 4027020.177624 1620823475.604273
355796.842264 4027020.042504 1620823476.25456
355795.670406 4027020.075854 1620823476.104649
355816.077232 4027019.515594 1620823478.604397
355827.058524 4027019.242908 1620823479.903505
355823.291028 4027019.334963 1620823479.454129
355838.405646 4027018.947979 1620823481.304464
355844.073342 4027018.6473 1620823482.004347
355861.759289 4027017.083626 1620823484.204281
355870.075524 4027016.279952 1620823485.304657
355879.314661 4027015.237537 1620823486.654188
355883.271128 4027014.406228 1620823487.354191
355884.993998 4027013.84228 1620823487.704583
355891.365374 4027009.614057 1620823489.304923
355894.813856 4027003.551339 1620823490.703825
355895.301594 4027001.684561 1620823491.065191
355895.940663 4026990.962812 1620823492.75486
355895.832698 4026983.556813 1620823493.754932
355895.775976 4026980.844128 1620823494.104543
355895.561924 4026969.934915 1620823495.454345
355895.613719 4026972.792988 1620823495.104006
355895.345302 4026959.331019 1620823496.75466
355894.975364 4026944.13662 1620823498.754648
355895.015667 4026946.298496 1620823498.454336
355894.822637 4026932.313731 1620823500.454405
355894.692722 4026924.314677 1620823501.603841
355894.653546 4026921.843002 1620823501.954328
355894.520529 4026907.447193 1620823503.953952
355894.248714 4026894.828125 1620823505.654319
355894.16772 4026892.258252 1620823506.004603
355894.048456 4026887.594933 1620823506.654428
355893.90374 4026880.75779 1620823507.654192
355893.802792 4026876.252097 1620823508.353701
355893.644421 4026870.00119 1620823509.40417
355893.558675 4026863.453457 1620823510.604424
355893.330196 4026851.847122 1620823513.104774
355893.209899 4026845.250922 1620823516.654573
355893.20965 4026845.247103 1620823517.004325
355893.212638 4026845.238937 1620823518.004284
355893.235234 4026845.237156 1620823519.654763
355893.212425 4026845.235505 1620823520.65444
355893.209309 4026845.23634 1620823521.004224
355893.2063 4026845.233361 1620823522.354783
355893.218002 4026845.240735 1620823523.005302
355893.219999 4026845.237803 1620823524.354258
355893.216441 4026845.232815 1620823525.354387
355893.227937 4026845.234002 1620823526.004272
355893.231575 4026845.236926 1620823527.004205
355893.214667 4026844.190277 1620823528.704323
355893.219766 4026842.26251 1620823529.353515
355893.183678 4026837.015783 1620823530.354355
355893.213955 4026839.163109 1620823530.004428
355891.194131 4026787.680349 1620823534.754529
355890.3817 4026779.286263 1620823535.404397
355889.434721 4026770.295392 1620823536.104486
355888.81251 4026762.004446 1620823536.755783
355886.554723 4026734.583038 1620823538.954378
355885.403834 4026722.752833 1620823539.954407
355884.648106 4026711.670924 1620823540.95461
355884.25791 4026704.841384 1620823541.654372
355883.475829 4026697.024241 1620823542.604694
355882.814087 4026694.464934 1620823542.954537
355880.8306 4026690.193675 1620823543.608333
355868.327838 4026682.948705 1620823545.654354
355865.358357 4026682.453051 1620823546.004698
355862.216485 4026682.040392 1620823546.354563
355844.4606 4026680.688415 1620823548.104793
355829.602205 4026679.841553 1620823549.404357
355813.517336 4026679.05784 1620823550.705038
355809.090147 4026678.881794 1620823551.068132
355805.285248 4026678.751488 1620823551.354461
355774.048443 4026678.062904 1620823553.754885
355760.802982 4026677.814151 1620823554.756073
355751.486287 4026677.670465 1620823555.45475
355734.144503 4026677.445711 1620823556.754312
355738.153217 4026677.499016 1620823556.454839
355715.653502 4026677.232022 1620823558.154664
355692.365412 4026676.904977 1620823559.954796
355700.662816 4026677.047079 1620823559.305854
355689.219114 4026676.852381 1620823560.204628
355657.766842 4026676.366148 1620823562.904852
355656.324554 4026676.353721 1620823563.069535
355653.592413 4026676.337992 1620823563.354608
355640.704404 4026677.687736 1620823565.105009
355636.66986 4026679.809801 1620823565.804828
355632.08522 4026685.615069 1620823567.005163
355629.682289 4026695.391323 1620823568.404704
355629.526923 4026697.843246 1620823568.70492
355629.407833 4026703.838471 1620823569.404786
355629.681821 4026722.106647 1620823571.404659
355629.842817 4026728.740397 1620823572.104964
355629.929438 4026731.638134 1620823572.404593
355630.34267 4026748.498092 1620823574.10497
355630.501142 4026761.623094 1620823575.404361
355630.466526 4026775.518641 1620823576.80443
355630.460655 4026778.409158 1620823577.105651
355630.40224 4026795.865091 1620823579.004678
355630.39988 4026798.502783 1620823579.30499
355630.493284 4026804.900104 1620823580.0682
355633.086133 4026815.266573 1620823581.454553
355634.505492 4026817.315087 1620823581.804708
355641.683759 4026822.179504 1620823583.068503
355656.181373 4026823.012874 1620823584.8046
355649.838101 4026823.194563 1620823584.104625
355675.252136 4026822.356487 1620823586.6553
355683.206435 4026822.106226 1620823587.354713
355691.540386 4026821.874644 1620823588.068241
355700.169362 4026821.653154 1620823588.754946
355704.559 4026821.545721 1620823589.105873
355729.523892 4026820.971079 1620823591.068647
355743.150416 4026820.678305 1620823592.105034
355753.078848 4026820.506299 1620823592.854794
355769.307933 4026820.1925 1620823594.0686
355783.678269 4026819.945414 1620823595.105155
355800.599104 4026819.589005 1620823596.353615
355813.815006 4026819.330835 1620823597.354875
355822.877627 4026819.136244 1620823598.069664
355827.283312 4026819.04979 1620823598.404611
355852.168596 4026818.449393 1620823600.804601
355856.919563 4026818.331419 1620823601.454804
355864.072095 4026818.19094 1620823602.854495
355864.584439 4026818.183696 1620823603.004652
355866.85654 4026818.120219 1620823604.004722
355867.46718 4026818.087149 1620823605.354522
355867.462059 4026818.084783 1620823606.905027
355867.461268 4026818.083867 1620823607.063836
355867.462272 4026818.084825 1620823607.40466
355867.456143 4026818.074108 1620823609.404571
355867.45983 4026818.071049 1620823609.75437
355867.463025 4026818.068773 1620823610.064085
355867.450853 4026818.071838 1620823612.305084
355867.44269 4026818.08875 1620823613.804561
355867.442658 4026818.088527 1620823614.154884
355867.442883 4026818.093236 1620823616.805447
355867.443527 4026818.093228 1620823617.15355
355867.439859 4026818.092096 1620823620.404494
355867.439823 4026818.091539 1620823621.06417
355867.443415 4026818.090771 1620823622.75496
355867.443909 4026818.091252 1620823623.10472
355867.444066 4026818.089818 1620823624.454561
355867.444075 4026818.092825 1620823625.854617
355867.443637 4026818.092997 1620823626.353603
355867.442825 4026818.091981 1620823627.004496
355867.394128 4026818.068508 1620823628.064381
355867.395926 4026818.069049 1620823629.504494
355867.394975 4026818.069588 1620823630.404688
355867.396286 4026818.068221 1620823631.454673
355867.395605 4026818.068784 1620823631.064202
355867.393852 4026818.068813 1620823634.805204
355867.39347 4026818.069243 1620823635.154668
355867.392166 4026818.070975 1620823635.804923
355867.392725 4026818.069797 1620823637.505142
355867.393595 4026818.070892 1620823637.153663
355867.393912 4026818.068481 1620823639.55619
355867.394147 4026818.068611 1620823639.353533
355867.393427 4026818.068342 1620823640.005697
355867.391899 4026818.069448 1620823642.804752
355867.392781 4026818.069901 1620823643.754999
355867.394577 4026818.06841 1620823644.804697
355867.394875 4026818.067976 1620823644.953653
355867.392881 4026818.068239 1620823646.755518
355867.39188 4026818.068784 1620823646.004612
355867.393747 4026818.066958 1620823647.754836
355867.392738 4026818.069498 1620823651.15474
355867.395994 4026818.068265 1620823651.85467
355867.394138 4026818.069195 1620823653.755161
355867.394504 4026818.068196 1620823654.854823
355867.394018 4026818.068603 1620823655.505194
355867.396126 4026818.068662 1620823656.70505
355867.395563 4026818.067633 1620823657.755056
355867.39497 4026818.0675 1620823658.504787
355867.395267 4026818.067657 1620823658.856497
355867.395487 4026818.067757 1620823659.156569
355867.394639 4026818.067144 1620823660.556717
355867.397183 4026818.067845 1620823665.40477
355867.396698 4026818.067973 1620823666.904853
355867.396699 4026818.067979 1620823667.105096
355867.397708 4026818.0682 1620823668.855714
355867.397913 4026818.067957 1620823669.204727
355867.399422 4026818.065053 1620823670.404818
355867.400158 4026818.064483 1620823670.068375
355867.399391 4026818.065639 1620823671.105341
355867.395537 4026818.067843 1620823673.8048
355867.397713 4026818.065767 1620823674.854507
355867.397968 4026818.065086 1620823675.204676
355867.397113 4026818.06527 1620823675.505334
355867.397649 4026818.065897 1620823677.404914
355867.397601 4026818.066006 1620823678.454639
355867.398558 4026818.066532 1620823679.954711
355867.397872 4026818.066686 1620823680.454838
355867.3964 4026818.067483 1620823681.854782
355867.39689 4026818.066969 1620823682.505365
355867.396654 4026818.064337 1620823683.804995
355867.396809 4026818.063863 1620823684.154575
355867.399061 4026818.065326 1620823685.154638
355867.397255 4026818.067061 1620823686.50522
355867.396588 4026818.066772 1620823687.204926
355867.396979 4026818.066006 1620823688.404827
355867.395616 4026818.066069 1620823689.105102
355867.396861 4026818.066553 1620823689.754401
355867.396666 4026818.067576 1620823691.20541
355867.398542 4026818.067718 1620823692.454793
355867.397052 4026818.068378 1620823692.953793
355867.398312 4026818.066624 1620823694.505592
355867.397745 4026818.066482 1620823694.856635
355867.375629 4026818.044432 1620823696.20484
355867.375349 4026818.043208 1620823697.854666
355867.359516 4026818.028731 1620823698.755349
355867.350763 4026818.022509 1620823699.7552
355867.350268 4026818.022579 1620823700.067452
355867.340199 4026818.010891 1620823701.804775
355867.33536 4026818.009439 1620823702.804877
355867.336517 4026818.007322 1620823702.105226
355867.334946 4026818.009654 1620823703.804574
355867.334582 4026818.009806 1620823704.157472
355867.332481 4026818.010463 1620823705.50429
355867.3356 4026818.00921 1620823706.755284
355867.837513 4026817.997984 1620823708.805135
355868.242593 4026817.988745 1620823709.154896
355868.682243 4026817.979624 1620823709.454714
355872.97914 4026817.882763 1620823711.154955
355879.277125 4026817.731808 1620823712.555872
355883.070105 4026817.642785 1620823713.206654
355893.012093 4026817.447294 1620823714.755294
355892.014058 4026817.465808 1620823714.6048
355906.651644 4026817.140422 1620823716.65499
355912.575239 4026816.993942 1620823717.405041
355924.530464 4026816.749246 1620823718.80479
355927.249672 4026816.698561 1620823719.105371
355940.092476 4026816.532638 1620823720.455029
355943.589876 4026816.46395 1620823720.804938
355957.520403 4026816.211506 1620823722.154993
355961.208504 4026816.140559 1620823722.504376
355982.758471 4026815.732492 1620823724.556596
355979.146742 4026815.804514 1620823724.205189
355998.911055 4026815.370125 1620823726.154967
356012.06225 4026815.129982 1620823727.505588
356022.082148 4026814.840205 1620823728.55616
356034.959117 4026814.461515 1620823729.904455
356037.946196 4026814.381205 1620823730.20514
356051.865369 4026814.062432 1620823731.557263
356058.75591 4026813.932578 1620823732.208003
356066.204205 4026813.778754 1620823732.906244
356067.266228 4026813.75909 1620823733.00465
356095.702508 4026813.06483 1620823735.754201
356099.157593 4026812.958516 1620823736.104684
356112.593183 4026812.569208 1620823737.504404
356119.070851 4026812.415461 1620823738.204869
356125.247046 4026812.263999 1620823738.905862
356130.511008 4026812.134396 1620823739.555786
356143.495216 4026814.028726 1620823741.506447
356150.399352 4026819.166574 1620823742.905464
356150.812826 4026819.652879 1620823743.005055
356156.956285 4026834.473368 1620823745.305105
356157.254997 4026840.858885 1620823746.105613
356157.431299 4026846.479438 1620823746.8049
356157.67822 4026863.959142 1620823748.804919
356157.632534 4026861.176679 1620823748.50465
356157.835716 4026880.735242 1620823750.556351
356157.875918 4026884.155827 1620823750.905122
356158.226184 4026902.945595 1620823752.854848
356158.287112 4026905.888813 1620823753.154747
356158.515407 4026919.901751 1620823754.557134
356158.647796 4026927.043999 1620823755.254818
356158.890142 4026939.015858 1620823756.461301
356159.146693 4026948.547318 1620823757.505361
356159.416453 4026956.565433 1620823758.557126
356159.522562 4026964.81567 1620823759.855187
356159.008372 4026970.855102 1620823760.855114
356159.445752 4026966.644498 1620823760.154796
356154.52931 4026982.947497 1620823762.905518
356150.687139 4026987.719654 1620823763.755775
356148.734478 4026989.508979 1620823764.105519
356146.641582 4026991.147099 1620823764.455096
356142.271821 4026993.827061 1620823765.105795
356125.709287 4027001.683958 1620823767.154948
356122.711444 4027003.104328 1620823767.505658
356110.377618 4027008.982139 1620823768.904485
356095.636392 4027016.200035 1620823770.505627
356082.092053 4027023.046335 1620823771.905325
356085.527138 4027021.282605 1620823771.556433
356062.954213 4027033.16265 1620823773.804989
356056.253453 4027036.73728 1620823774.455143
356045.847955 4027042.313264 1620823775.45475
356038.5537 4027046.270537 1620823776.15485
356024.439681 4027053.830822 1620823777.505539
356028.085476 4027051.88064 1620823777.154084
356013.640685 4027059.58533 1620823778.556221
356006.482028 4027063.341187 1620823779.255082
355989.103231 4027072.479076 1620823780.954972
355965.884336 4027085.381239 1620823783.305611
355952.163298 4027094.502909 1620823784.854948
355944.118846 4027100.731254 1620823785.854979
355938.835097 4027105.167305 1620823786.555767
355931.908375 4027111.340771 1620823787.555894
355927.210305 4027114.864052 1620823788.254896
355916.881101 4027117.338637 1620823789.655308
355913.35778 4027116.848631 1620823790.156021
355911.36905 4027116.250893 1620823790.455085
355902.039145 4027108.179098 1620823792.204882
355900.877514 4027105.759596 1620823792.555785
355898.807567 4027086.8458 1620823794.854954
355898.855514 4027089.471797 1620823794.555937
355898.630881 4027074.748882 1620823796.256467
355898.649775 4027076.016245 1620823796.105564
355898.23817 4027053.621116 1620823798.955074
355898.307752 4027056.214238 1620823798.605083
355898.18328 4027051.453269 1620823799.25631
355898.009264 4027044.842686 1620823800.155253
355897.427239 4027034.450749 1620823801.50555
355897.017535 4027020.903242 1620823803.155298
355896.616145 4027006.137169 1620823804.855103
355896.536176 4027003.032664 1620823805.205295
355896.41341 4026997.223792 1620823805.854944
355896.176223 4026985.026284 1620823807.20446
355896.093964 4026981.826706 1620823807.556916
355895.409311 4026960.243163 1620823809.905153
355895.29891 4026957.079914 1620823810.254962
355895.07689 4026950.872478 1620823810.955086
355895.143384 4026942.262424 1620823811.954882
355898.762596 4026929.441413 1620823813.605169
355900.339657 4026927.128742 1620823813.955949
355914.219922 4026918.107189 1620823815.954711
355917.293271 4026917.45803 1620823816.305453
355932.930774 4026916.671527 1620823817.955017
355960.664946 4026916.113681 1620823820.805196
355966.153837 4026915.950794 1620823821.356019
355977.922694 4026915.649578 1620823822.505788
355992.234198 4026915.465585 1620823823.854904
355996.046519 4026915.42333 1620823824.206169
355999.90222 4026915.380555 1620823824.557312
356011.053355 4026915.236775 1620823825.558328
356018.922515 4026915.128078 1620823826.256048
356046.26147 4026914.578864 1620823828.905166
356043.242053 4026914.653039 1620823828.5568
356059.56305 4026914.245779 1620823830.605075
356067.707701 4026914.07819 1620823831.654996
356068.905084 4026914.062353 1620823831.805139
356070.929222 4026914.031378 1620823832.069035
356092.999823 4026913.292743 1620823834.556679
356089.813331 4026913.497726 1620823834.205232
356111.848852 4026912.350531 1620823836.65506
356116.626011 4026912.120972 1620823837.204947
356117.921493 4026912.076033 1620823837.354854
356153.827648 4026918.890464 1620823842.255576
356166.895729 4026956.865315 1620823847.704868
356218.026295 4026938.824837 1620823854.955328
356223.883169 4026934.156682 1620823855.655145
356226.454219 4026932.173725 1620823855.956886
356229.507372 4026929.881926 1620823856.304833
356246.40943 4026918.42172 1620823858.154282
356248.757491 4026916.900829 1620823858.405234
356260.147303 4026909.68096 1620823859.605547
356278.845946 4026897.800649 1620823861.556962
356276.923409 4026899.031486 1620823861.355381
356302.307361 4026883.046223 1620823864.005999
356305.07527 4026881.297217 1620823864.30572
356308.280128 4026879.250528 1620823864.655599
356314.072901 4026875.474263 1620823865.305739
356323.153717 4026868.632809 1620823866.505811
356331.390069 4026856.275631 1620823868.255152
356332.40002 4026853.593332 1620823868.605567
356333.533233 4026848.499446 1620823869.25546
356329.037106 4026827.587937 1620823871.905203
356325.546731 4026822.813764 1620823872.605499
356316.681933 4026815.892627 1620823873.955256
356311.586453 4026813.391563 1620823874.606302
356302.896495 4026809.859551 1620823875.605372
356293.491497 4026806.510117 1620823876.604757
356287.06197 4026804.331946 1620823877.255349
356272.581375 4026799.756788 1620823878.655835
356261.858477 4026796.46189 1620823879.65513
356251.875006 4026793.285822 1620823880.557644
356253.567821 4026793.828963 1620823880.40544
356178.8634 4026770.467391 1620823886.605263
356174.920039 4026769.283696 1620823886.906279
356170.287451 4026767.896789 1620823887.255284
356132.717168 4026756.585192 1620823889.954504
356107.905053 4026749.141622 1620823891.656724
356093.205432 4026744.725571 1620823892.660161
356080.807232 4026740.87557 1620823893.505823
356064.392165 4026735.778112 1620823894.656796
356061.583095 4026734.906691 1620823894.855787
356037.577562 4026727.415814 1620823896.604509
356024.325266 4026723.303303 1620823897.605411
356006.953286 4026717.916812 1620823898.954465
355994.356122 4026714.298944 1620823899.957165
355986.372282 4026711.936293 1620823900.60847
355977.943787 4026709.399856 1620823901.305949
355970.372262 4026707.039167 1620823901.955775
355965.342979 4026705.522999 1620823902.405943
355949.767592 4026700.734353 1620823904.005403
355942.226834 4026698.321999 1620823905.006443
355932.860019 4026695.347589 1620823906.954458
355932.070079 4026695.097898 1620823907.255436
355930.788399 4026694.701434 1620823907.954501
355930.182315 4026694.483007 1620823909.60576
355930.16491 4026694.484759 1620823910.655602
355930.155361 4026694.474218 1620823911.905857
355930.157928 4026694.479861 1620823911.005579
355930.158513 4026694.470351 1620823913.60558
355930.152204 4026694.471869 1620823913.955563
355930.145135 4026694.474906 1620823914.305844
355930.07818 4026694.515843 1620823916.655589
355930.063476 4026694.530911 1620823917.354604
355930.041582 4026694.56643 1620823918.655677
355930.027133 4026694.582736 1620823919.355618
355930.012039 4026694.607226 1620823920.355724
355930.005375 4026694.613081 1620823920.655722
355930.002623 4026694.624442 1620823921.557992
355929.995144 4026694.632021 1620823923.706024
355929.988368 4026694.636474 1620823924.60566
355929.984391 4026694.639529 1620823925.305976
355929.990689 4026694.641979 1620823926.305826
355930.001811 4026694.637002 1620823927.154814
355930.002514 4026694.646733 1620823928.005524
355929.998018 4026694.659568 1620823929.354545
355930.003783 4026694.657666 1620823930.068441
355930.003693 4026694.657467 1620823930.205373
355929.99571 4026694.64488 1620823932.25559
355929.978287 4026694.555514 1620823936.906108
355929.979276 4026694.55416 1620823936.106373
355929.990572 4026694.55925 1620823939.255567
355929.992656 4026694.557061 1620823939.105919
355929.961677 4026694.596491 1620823943.605545
355929.961459 4026694.596138 1620823943.305029
355929.907886 4026694.51884 1620823948.704925
355929.904104 4026694.512155 1620823949.066026
355929.887358 4026694.490613 1620823950.60562
355929.87319 4026694.476275 1620823951.705934
355929.863456 4026694.467479 1620823952.355703
355929.850465 4026694.458034 1620823953.065233
355929.842066 4026694.446136 1620823954.065646
355929.831637 4026694.429905 1620823955.706052
355929.82576 4026694.422475 1620823956.354622
355929.828812 4026694.425799 1620823956.066409
355929.805756 4026694.399553 1620823958.655523
355929.799875 4026694.393438 1620823959.65579
355929.801057 4026694.395836 1620823959.305094
355929.789826 4026694.38575 1620823960.855675
355929.774849 4026694.376186 1620823962.35577
355929.755315 4026694.361719 1620823965.405201
355929.749395 4026694.358432 1620823965.955717
355929.7446 4026694.35235 1620823967.354563
355929.741686 4026694.351408 1620823968.00572
355929.731304 4026694.344353 1620823969.705909
355929.73212 4026694.3453 1620823969.506208
355929.724449 4026694.333681 1620823971.904954
355929.721222 4026694.334153 1620823972.255762
355929.708584 4026694.339065 1620823973.30538
355929.708021 4026694.338997 1620823974.306387
355929.696202 4026694.338655 1620823976.005683
355929.702153 4026694.33963 1620823975.655631
355929.692529 4026694.338327 1620823976.35563
355929.675425 4026694.339536 1620823978.064879
355929.41541 4026694.25842 1620823979.655624
355929.03494 4026694.138154 1620823980.005731
355925.670832 4026693.083414 1620823981.355736
355922.74163 4026692.165973 1620823982.005609
355911.401543 4026688.800878 1620823983.756066
355909.018612 4026688.172109 1620823984.065757
355904.454843 4026687.093537 1620823984.605633
355871.475423 4026681.811519 1620823987.954865
355868.125896 4026681.524068 1620823988.258228
355851.653861 4026680.481638 1620823989.656048
355855.866419 4026680.727242 1620823989.305026
355839.398993 4026679.793161 1620823990.656078
355817.379539 4026678.809702 1620823992.405679
355800.571557 4026678.226579 1620823993.706004
355792.059569 4026678.015636 1620823994.355671
355773.637549 4026677.695586 1620823995.755703
355765.096802 4026677.576506 1620823996.405582
355755.891264 4026677.452521 1620823997.106209
355742.853853 4026677.3263 1620823998.106425
355734.536581 4026677.197107 1620823998.756367
355726.3565 4026677.037928 1620823999.405888
355699.704307 4026676.674649 1620824001.605608
355684.142443 4026676.618033 1620824002.955987
355675.797708 4026676.584249 1620824003.705326
355677.435945 4026676.592451 1620824003.556662
355665.879668 4026676.5354 1620824004.655838
355656.658763 4026676.472196 1620824005.655977
355642.301379 4026677.095167 1620824007.655793
355638.288547 4026678.48182 1620824008.355656
355633.492239 4026682.382898 1620824009.407244
355629.630246 4026691.611239 1620824010.955016
355629.163772 4026694.205903 1620824011.305566
355628.862789 4026696.576688 1620824011.606134
355628.347488 4026702.921182 1620824012.35579
355627.889256 4026715.574377 1620824013.70545
355627.565254 4026728.793973 1620824015.005842
355627.529576 4026731.427574 1620824015.256114
355627.416607 4026757.582688 1620824017.655892
355627.402628 4026761.393034 1620824018.005975
355627.257324 4026772.565104 1620824019.06509
355626.650037 4026786.596511 1620824020.405582
355624.700323 4026801.115655 1620824021.805866
355623.902083 4026804.701069 1620824022.154858
355618.004442 4026820.961429 1620824023.805794
355620.787271 4026814.713736 1620824023.155864
355614.28396 4026827.392696 1620824024.506058
355610.193615 4026833.007631 1620824025.155864
355591.718068 4026853.592024 1620824027.706082
355587.279948 4026859.025895 1620824028.35499
355585.045059 4026861.998752 1620824028.705158
355577.751803 4026873.976879 1620824030.062937
355571.951791 4026890.212052 1620824031.756405
355570.582407 4026896.504097 1620824032.405855
355569.078716 4026906.310559 1620824033.406163
355568.277262 4026919.809958 1620824034.756579
355568.465284 4026913.277164 1620824034.10631
355568.326666 4026923.352956 1620824035.106332
355571.38076 4026946.509251 1620824037.355161
355574.193548 4026956.942667 1620824038.355907
355576.87298 4026964.727154 1620824039.105597
355583.187324 4026978.30832 1620824040.455865
355581.344417 4026974.855021 1620824040.106448
355593.816739 4026993.316293 1620824042.105388
355606.849408 4027005.676646 1620824043.756514
355601.39056 4027001.106991 1620824043.106597
355622.827667 4027015.144999 1620824045.456084
355619.363952 4027013.522608 1620824045.106571
355643.727573 4027021.218445 1620824047.455947
355658.666228 4027022.56956 1620824048.855959
355670.67809 4027022.630105 1620824050.005747
355678.074659 4027022.410543 1620824050.705272
355681.802727 4027022.272226 1620824051.062766
355693.031017 4027021.838249 1620824052.10534
355696.779455 4027021.729179 1620824052.455733
355720.155409 4027021.232882 1620824054.70653
355726.859053 4027021.119355 1620824055.405765
355735.798456 4027020.940335 1620824056.455853
355742.565216 4027020.812496 1620824057.455852
355744.502072 4027020.770272 1620824057.805923
355749.580414 4027020.675889 1620824059.10564
355751.246854 4027020.716572 1620824060.805157
355751.203881 4027020.707521 1620824060.457013
355751.244422 4027020.720676 1620824061.30639
355751.199059 4027020.697201 1620824063.706484
