353360.883729 4026159.221043 1621851969.950989
353360.883549 4026159.220814 1621851969.749801
353360.88578 4026159.222586 1621851971.300332
353361.156277 4026159.393723 1621851972.451388
353361.781499 4026159.790755 1621851973.300465
353362.686061 4026160.370807 1621851973.9509
353363.902355 4026161.154068 1621851974.451249
353368.895386 4026164.449661 1621851976.000852
353370.235674 4026165.343692 1621851976.350908
353375.744825 4026169.066836 1621851977.650913
353382.192268 4026173.434542 1621851979.000161
353384.696075 4026175.083772 1621851979.500283
353394.126421 4026181.085455 1621851981.350901
353399.416025 4026184.567384 1621851982.350899
353406.182492 4026189.249059 1621851983.702215
353407.813729 4026190.457413 1621851984.051455
353415.044872 4026196.404538 1621851985.702209
353419.112992 4026200.163959 1621851986.702661
353423.651334 4026204.366545 1621851987.851186
353426.215284 4026206.66548 1621851988.550025
353426.747966 4026207.134713 1621851988.702266
353433.084711 4026212.311063 1621851990.551371
353435.322037 4026213.487853 1621851991.253886
353438.342278 4026213.81578 1621851992.251599
353443.780276 4026208.974395 1621851994.600007
353445.579624 4026206.335139 1621851995.300115
353447.369274 4026203.654031 1621851995.949153
353451.653544 4026197.046678 1621851997.301509
353452.881761 4026195.109755 1621851997.65089
353460.731915 4026182.652738 1621851999.651146
353462.246851 4026180.275751 1621852000.000163
353468.132224 4026171.234291 1621852001.301143
353472.070896 4026165.241137 1621852002.148967
353477.391779 4026156.977344 1621852003.350876
353480.237582 4026152.561675 1621852004.000938
353481.761268 4026150.160955 1621852004.35081
353491.816009 4026134.12495 1621852006.702682
353496.84768 4026126.186761 1621852007.90105
353498.885896 4026122.942663 1621852008.401025
353504.203172 4026114.448834 1621852009.703546
353507.533115 4026109.098723 1621852010.549811
353512.496502 4026101.148918 1621852011.900051
353516.433652 4026094.866413 1621852012.950755
353519.165146 4026090.475042 1621852013.650386
353517.017459 4026093.929151 1621852013.101171
353523.458698 4026083.374579 1621852014.801523
353527.647231 4026075.662816 1621852016.000873
353528.79756 4026073.272192 1621852016.349718
353531.6723 4026065.997823 1621852017.350671
353533.910177 4026058.455314 1621852018.350692
353534.966083 4026020.301714 1621852023.210356
353521.334556 4025984.754642 1621852028.40011
353517.440326 4025979.043879 1621852029.549842
353511.608723 4025973.489704 1621852030.94984
353510.158315 4025972.293113 1621852031.251591
353500.606453 4025965.428997 1621852032.951116
353505.610982 4025968.86558 1621852032.10057
353499.366262 4025964.615793 1621852033.150979
353453.224463 4025936.161739 1621852039.350113
353450.42937 4025934.448658 1621852039.703107
353440.233502 4025928.239809 1621852041.000982
353434.7662 4025924.930592 1621852041.701401
353432.42729 4025923.49815 1621852041.999993
353421.505233 4025916.750562 1621852043.400778
353413.722901 4025911.850774 1621852044.401321
353406.131327 4025907.03632 1621852045.400538
353384.819035 4025893.861053 1621852048.950763
353380.936867 4025891.509561 1621852049.600581
353371.78891 4025885.954756 1621852051.00166
353369.809177 4025884.74121 1621852051.301054
353367.535882 4025883.329636 1621852051.651459
353361.449563 4025879.407376 1621852052.704341
353350.548621 4025872.248972 1621852054.703685
353348.474307 4025870.901793 1621852055.049963
353346.310107 4025869.500678 1621852055.401486
353336.408406 4025863.103121 1621852056.900712
353326.496329 4025856.70641 1621852058.600119
353321.015782 4025853.248521 1621852059.651601
353315.64451 4025849.877089 1621852060.650511
353317.318254 4025850.915014 1621852060.350674
353304.829378 4025843.46384 1621852062.351211
353297.638194 4025839.753021 1621852063.350896
353298.756914 4025840.295994 1621852063.21334
353275.884717 4025833.250049 1621852066.051568
353261.573661 4025832.047934 1621852067.750928
353259.034337 4025831.925744 1621852068.051101
353244.763755 4025831.26106 1621852069.750687
353242.195344 4025831.107774 1621852070.05131
353226.120562 4025829.090973 1621852071.950946
353218.349615 4025827.027128 1621852072.950803
353213.283549 4025825.186274 1621852073.651188
353206.500502 4025822.299948 1621852074.650133
353202.042393 4025820.315261 1621852075.350826
353194.133669 4025818.057811 1621852076.651263
353192.081991 4025818.097875 1621852077.000706
353188.080156 4025819.013126 1621852077.703179
353178.542252 4025827.948277 1621852079.749815
353177.337338 4025829.793289 1621852080.050697
353175.893969 4025832.038486 1621852080.399783
353171.413296 4025839.197524 1621852081.451259
353161.437273 4025855.30464 1621852083.65081
353154.946173 4025865.531583 1621852084.999491
353153.491244 4025867.816968 1621852085.301316
353150.067262 4025873.208969 1621852086.00084
353145.103156 4025881.068438 1621852086.999922
353139.836909 4025889.438319 1621852088.051367
353134.977205 4025897.189785 1621852089.050998
353128.698467 4025907.115051 1621852090.400609
353127.141989 4025909.60521 1621852090.7508
353125.613813 4025912.049514 1621852091.100748
353114.57435 4025930.301734 1621852093.651424
353110.09106 4025938.289222 1621852094.651322
353111.654341 4025935.436225 1621852094.300169
353101.039997 4025955.92507 1621852096.703621
353096.790263 4025965.011628 1621852097.703946
353091.822049 4025975.758765 1621852098.900848
353088.586884 4025982.664338 1621852099.704076
353089.795764 4025980.099339 1621852099.400498
353084.439667 4025991.434091 1621852100.750696
353083.092565 4025994.282748 1621852101.101187
353073.622544 4026014.265993 1621852103.949913
353075.237844 4026010.852502 1621852103.45096
353066.075195 4026029.826817 1621852106.000421
353064.906617 4026032.271009 1621852106.301225
353058.328783 4026046.364257 1621852108.000908
353055.787697 4026051.819814 1621852108.650803
353050.330018 4026063.271402 1621852110.001403
353048.900149 4026066.196888 1621852110.350619
353046.890831 4026070.29115 1621852110.850636
353039.744283 4026084.793238 1621852112.702297
353037.256679 4026089.882292 1621852113.351411
353034.513723 4026095.411376 1621852114.050256
353028.933369 4026106.378856 1621852115.401007
353021.822304 4026119.193468 1621852116.949811
353016.958833 4026127.402134 1621852117.950737
353012.014134 4026135.442149 1621852118.95075
353008.536992 4026141.097922 1621852119.651117
353006.015608 4026145.135051 1621852120.150482
352989.708106 4026170.798093 1621852123.450544
352985.805614 4026176.808118 1621852124.302168
352963.777725 4026209.39747 1621852128.651199
352956.861124 4026218.779411 1621852129.851423
352945.572213 4026233.068737 1621852131.702729
352941.308775 4026238.162239 1621852132.40071
352937.052716 4026243.137955 1621852133.100579
352935.219222 4026245.256861 1621852133.400941
352910.808868 4026271.642585 1621852137.40067
352906.345513 4026276.087849 1621852138.10093
352904.081745 4026278.297679 1621852138.450737
352895.19057 4026286.672778 1621852139.800522
352891.870768 4026289.701531 1621852140.300567
352875.828363 4026303.869709 1621852142.850533
352866.787894 4026326.497375 1621852147.702079
352868.298962 4026327.704356 1621852148.050673
352877.456714 4026333.740965 1621852149.703044
352884.20326 4026337.903275 1621852150.702213
352886.71557 4026339.425667 1621852151.051154
352896.94031 4026345.535547 1621852152.400091
352907.555828 4026352.042501 1621852153.750628
352910.318968 4026353.808253 1621852154.100554
352920.726201 4026360.501262 1621852155.450865
352918.089928 4026358.797372 1621852155.100769
352932.164317 4026367.805092 1621852157.101529
352941.745229 4026373.781511 1621852158.449911
352939.150695 4026372.15229 1621852158.10153
352956.268559 4026382.901539 1621852160.450161
352958.588067 4026384.374501 1621852160.801228
352973.325098 4026393.527054 1621852163.001036
352977.424765 4026396.08362 1621852163.650826
352983.970271 4026399.639332 1621852164.703735
352986.182229 4026400.511623 1621852165.050594
352995.143336 4026401.786432 1621852166.401289
353004.386591 4026399.745603 1621852167.751037
353003.374432 4026400.114907 1621852167.601165
353015.209577 4026393.470963 1621852169.452401
353013.426145 4026394.808088 1621852169.152156
353019.158763 4026390.199974 1621852170.150506
353024.565882 4026385.364122 1621852171.150508
353037.39533 4026373.713545 1621852173.350721
353044.225936 4026367.679567 1621852174.400194
353051.555798 4026361.317082 1621852175.450775
353061.728078 4026352.869074 1621852176.79991
353060.55785 4026353.797451 1621852176.650993
353075.627921 4026342.882169 1621852178.500902
353079.863329 4026340.184845 1621852179.001277
353092.169035 4026333.071535 1621852180.400668
353093.505506 4026332.361048 1621852180.550565
353113.647958 4026323.154063 1621852182.749836
353110.379108 4026324.442921 1621852182.400687
353120.166455 4026320.792177 1621852183.450538
353141.730958 4026314.800277 1621852185.800439
353139.019017 4026315.397765 1621852185.507279
353150.415042 4026313.120531 1621852186.800411
353164.188423 4026311.239949 1621852188.3508
353165.596818 4026311.098535 1621852188.500682
353181.165023 4026309.865154 1621852190.050488
353196.25742 4026309.259237 1621852191.400457
353207.762288 4026309.602708 1621852192.400471
353223.078785 4026311.154481 1621852193.74958
353231.036025 4026312.399039 1621852194.45103
353242.867399 4026314.772921 1621852195.500262
353250.056975 4026316.583742 1621852196.149586
353260.991774 4026319.816513 1621852197.149721
353264.72094 4026321.047679 1621852197.501451
353277.884416 4026326.586552 1621852198.800459
353293.471058 4026335.882332 1621852200.50103
353305.437547 4026343.386594 1621852201.850434
353302.341992 4026341.484394 1621852201.501126
353320.108721 4026350.767195 1621852203.500803
353331.145446 4026353.405896 1621852204.703044
353340.232577 4026353.579875 1621852205.703021
353348.955058 4026351.252913 1621852206.750426
353351.247513 4026350.0906 1621852207.049947
353360.999377 4026340.377613 1621852208.750811
353364.130765 4026335.64589 1621852209.400919
353367.318368 4026330.705684 1621852210.050404
353369.071129 4026327.998739 1621852210.400891
353377.382949 4026314.837235 1621852212.050658
353384.225353 4026303.747472 1621852213.400845
353389.361899 4026295.487365 1621852214.400514
353396.307945 4026284.538296 1621852215.749659
353392.707142 4026290.205167 1621852215.05062
353404.785674 4026271.250282 1621852217.399863
353407.346988 4026267.19173 1621852217.901027
353422.96448 4026242.355931 1621852221.250612
353426.540239 4026236.731873 1621852222.050679
353439.819282 4026216.945421 1621852224.750599
353441.459613 4026214.399887 1621852225.099988
353447.240973 4026205.045953 1621852226.450088
353453.349653 4026195.247785 1621852227.800808
353454.772828 4026192.948726 1621852228.100955
353461.522146 4026182.306893 1621852229.450828
353466.684837 4026174.095118 1621852230.450563
353470.106031 4026168.665512 1621852231.100818
353475.674986 4026159.779232 1621852232.150586
353479.165841 4026154.275698 1621852232.80043
353481.053694 4026151.320512 1621852233.150595
353486.385248 4026143.003507 1621852234.150326
353500.551953 4026121.092888 1621852236.901098
353503.721018 4026116.093985 1621852237.550497
353508.733868 4026107.974215 1621852238.702207
353509.545349 4026106.671525 1621852238.901088
353521.689616 4026086.821913 1621852241.750576
353523.144892 4026084.422567 1621852242.101156
353524.3558 4026082.325642 1621852242.400617
353532.553818 4026063.731286 1621852244.800625
353534.071112 4026058.031158 1621852245.450161
353535.627964 4026048.984953 1621852246.450495
353536.150585 4026043.000952 1621852247.10139
353535.93711 4026030.193565 1621852248.450452
353534.59482 4026020.57529 1621852249.450519
353532.872309 4026013.859117 1621852250.150562
353526.710071 4025998.676507 1621852251.801684
353529.473431 4026004.509074 1621852251.150557
353517.897311 4025984.607252 1621852253.500267
353515.72666 4025981.839463 1621852253.850579
353513.788001 4025979.522454 1621852254.150429
353501.576216 4025967.981364 1621852255.851435
353498.85763 4025965.964964 1621852256.211208
353486.458179 4025957.506275 1621852257.749611
353475.728527 4025950.181071 1621852259.100369
353464.032937 4025943.058969 1621852260.45065
353454.723103 4025937.335238 1621852261.500892
353451.598061 4025935.357427 1621852261.850905
353439.469004 4025927.605222 1621852263.212421
353436.344262 4025925.618452 1621852263.550447
353419.196921 4025914.566587 1621852265.550511
353416.716625 4025912.93913 1621852265.85062
353401.695045 4025903.258795 1621852267.749978
353396.986652 4025900.299981 1621852268.400595
353390.274714 4025896.101899 1621852269.45062
353386.365034 4025893.70964 1621852270.10089
353384.287894 4025892.539891 1621852270.450591
353362.591528 4025900.214114 1621852274.800856
353361.353437 4025902.192924 1621852275.150536
353355.114412 4025912.3427 1621852276.851172
353356.468487 4025910.108779 1621852276.500881
353353.907875 4025914.346655 1621852277.150627
353347.844988 4025924.59275 1621852278.550773
353344.781523 4025929.637612 1621852279.213134
353333.532756 4025947.196979 1621852281.400431
353326.223409 4025958.511814 1621852282.800828
353324.661298 4025960.958972 1621852283.100084
353322.834148 4025963.834422 1621852283.450502
353310.528558 4025983.572157 1621852285.800361
353306.780674 4025989.61756 1621852286.501693
353302.980204 4025995.634056 1621852287.213278
353299.402709 4026001.239971 1621852287.850701
353297.442726 4026004.30171 1621852288.213391
353286.118585 4026022.289826 1621852290.212734
353284.137529 4026025.452654 1621852290.55166
353273.938311 4026041.726446 1621852292.400913
353266.612583 4026053.376344 1621852293.800767
353261.596546 4026061.359854 1621852294.800891
353257.650369 4026068.918861 1621852295.800721
353260.023909 4026064.05159 1621852295.150546
353256.765865 4026071.503486 1621852296.150345
353257.240168 4026082.001309 1621852297.650625
353269.184106 4026093.239304 1621852299.850528
353276.359357 4026097.539956 1621852300.850531
353278.530236 4026098.797241 1621852301.150477
353281.007863 4026100.301229 1621852301.500767
353285.521373 4026103.166259 1621852302.150464
353296.666356 4026112.040949 1621852303.850427
353300.37415 4026116.239329 1621852304.550517
353305.061464 4026122.138306 1621852305.549505
353312.273333 4026128.447673 1621852306.900721
353320.600674 4026133.368033 1621852308.250561
353328.03943 4026137.886528 1621852309.451135
353334.499854 4026142.317368 1621852310.450393
353339.217553 4026145.565257 1621852311.150496
353348.39669 4026151.815953 1621852312.501145
353353.022447 4026154.824047 1621852313.150584
353358.115638 4026158.090035 1621852313.850457
353368.432883 4026164.673194 1621852315.251645
353381.3024 4026172.612229 1621852316.900847
353376.200599 4026169.489777 1621852316.250547
353384.069218 4026174.324455 1621852317.251378
353394.468804 4026180.964769 1621852318.550582
353404.99986 4026188.116097 1621852319.900772
353414.664248 4026195.812914 1621852321.250568
353419.170304 4026199.97048 1621852321.95058
353427.618436 4026209.060473 1621852323.60163
353431.024724 4026214.935873 1621852324.600594
353432.431125 4026219.626916 1621852325.300919
353432.393764 4026229.813706 1621852326.600868
353432.731852 4026227.355889 1621852326.301379
353424.576145 4026246.675721 1621852328.800454
353421.492075 4026251.714866 1621852329.501155
353415.770709 4026261.008695 1621852330.800595
353414.129815 4026263.660235 1621852331.150444
353412.437385 4026266.397083 1621852331.501074
353403.747454 4026280.332566 1621852333.209485
353398.369931 4026288.91321 1621852334.20966
353394.53671 4026295.046596 1621852334.902162
353392.880284 4026297.710671 1621852335.209447
353381.271359 4026316.222469 1621852337.250212
353374.728143 4026326.812182 1621852338.450386
353372.863527 4026329.847259 1621852338.800566
353365.920058 4026340.884144 1621852340.100661
353355.377811 4026352.445334 1621852341.850302
353346.177239 4026356.741315 1621852343.209257
353333.094067 4026357.706164 1621852344.900919
353335.980682 4026357.877844 1621852344.549844
353327.575617 4026356.782819 1621852345.549474
353318.582078 4026353.576064 1621852346.600755
353298.810684 4026342.715864 1621852348.950377
353284.62205 4026334.122453 1621852350.600173
353265.97453 4026324.779043 1621852352.650498
353261.179173 4026323.04067 1621852353.150375
353253.197497 4026320.603548 1621852353.950355
353233.927219 4026316.359091 1621852355.800419
353237.631751 4026317.041095 1621852355.450328
353212.359043 4026313.348815 1621852357.850464
353205.654184 4026312.945676 1621852358.500711
353198.664249 4026312.759177 1621852359.21185
353186.026693 4026312.943924 1621852360.549936
353176.009193 4026313.199857 1621852361.901238
353173.855873 4026312.889503 1621852362.25056
353166.849498 4026308.922612 1621852363.60058
353166.23337 4026308.208759 1621852363.750297
353162.781605 4026287.273548 1621852366.800634
353163.108069 4026281.997336 1621852367.500134
353163.712569 4026274.324628 1621852368.501067
353163.422819 4026277.037632 1621852368.149473
353170.799434 4026255.365517 1621852370.900697
353175.631117 4026247.440518 1621852371.901011
353177.145999 4026245.035936 1621852372.212237
353182.281331 4026237.013398 1621852373.212704
353189.125214 4026226.399223 1621852374.551327
353195.756495 4026216.114671 1621852375.901217
353192.347034 4026221.421133 1621852375.211524
353205.805233 4026200.454071 1621852377.900819
353203.996885 4026203.316822 1621852377.549466
353212.651409 4026189.383915 1621852379.211614
353216.426726 4026183.217339 1621852379.900808
353221.779959 4026174.320245 1621852380.900194
353225.490602 4026168.08062 1621852381.600478
353230.864001 4026159.433432 1621852382.600267
353234.618447 4026153.604084 1621852383.30098
353246.783766 4026142.128607 1621852385.150215
353251.952611 4026139.643245 1621852385.80031
353263.89149 4026135.906191 1621852387.211961
353309.976737 4026127.957726 1621852393.850689
353316.369329 4026131.324835 1621852394.850514
353312.162227 4026128.952076 1621852394.212273
353327.880311 4026138.879565 1621852396.549579
353334.787882 4026143.285844 1621852397.550175
353344.584434 4026149.303297 1621852398.950374
353345.61061 4026149.939804 1621852399.101028
353355.752977 4026156.297186 1621852400.650435
353360.103694 4026159.002551 1621852401.45066
353363.884802 4026161.320547 1621852402.301109
353368.143761 4026163.946865 1621852403.451339
353369.644627 4026164.88253 1621852403.950455
353371.804085 4026166.215908 1621852404.950305
353372.989139 4026167.00006 1621852406.300805
353373.023002 4026166.967133 1621852406.950026
