353360.883729 4026159.221043 1621851969.950989
353360.883496 4026159.220593 1621851969.601343
353360.88578 4026159.222586 1621851971.300332
353361.268419 4026159.464409 1621851972.651932
353361.781499 4026159.790755 1621851973.300465
353362.785528 4026160.435087 1621851974.00197
353363.622281 4026160.973271 1621851974.349855
353369.081233 4026164.574326 1621851976.051351
353370.433539 4026165.475799 1621851976.400306
353376.19848 4026169.376574 1621851977.750771
353382.442605 4026173.600901 1621851979.051123
353384.197404 4026174.759574 1621851979.40095
353394.654442 4026181.425156 1621851981.450588
353399.936195 4026184.918624 1621851982.451353
353406.420492 4026189.420903 1621851983.750172
353408.041878 4026190.630985 1621851984.100061
353415.458665 4026196.780463 1621851985.801043
353419.511103 4026200.538182 1621851986.800244
353423.461037 4026204.193451 1621851987.80103
353426.036775 4026206.508122 1621851988.501257
353427.099384 4026207.44536 1621851988.801062
353432.916725 4026212.198308 1621851990.501052
353435.170842 4026213.432991 1621851991.209927
353438.198541 4026213.831444 1621851992.210268
353443.780276 4026208.974395 1621851994.600007
353445.441529 4026206.532361 1621851995.250772
353447.369274 4026203.654031 1621851995.949153
353451.825954 4026196.77602 1621851997.35091
353452.881761 4026195.109755 1621851997.65089
353460.946231 4026182.315488 1621851999.701997
353462.246851 4026180.275751 1621852000.000163
353468.363658 4026170.882752 1621852001.350771
353471.611543 4026165.942797 1621852002.051156
353477.61158 4026156.638699 1621852003.401028
353480.455622 4026152.22053 1621852004.051053
353481.9786 4026149.814948 1621852004.400077
353492.239432 4026133.449747 1621852006.801094
353496.43967 4026126.834962 1621852007.800869
353499.090802 4026122.616145 1621852008.450732
353504.604915 4026113.809558 1621852009.801051
353507.337245 4026109.402857 1621852010.502823
353512.315511 4026101.436499 1621852011.851155
353516.046369 4026095.485128 1621852012.851175
353518.968719 4026090.782657 1621852013.601376
353517.603788 4026092.987338 1621852013.250304
353522.925123 4026084.307074 1621852014.651249
353527.647231 4026075.662816 1621852016.000873
353528.79756 4026073.272192 1621852016.349718
353531.6723 4026065.997823 1621852017.350671
353534.095099 4026057.70014 1621852018.450953
353535.116699 4026021.071803 1621852023.10123
353521.007145 4025984.206584 1621852028.500614
353517.620193 4025979.249209 1621852029.500685
353512.073916 4025973.888998 1621852030.850167
353510.406935 4025972.493399 1621852031.207621
353500.606453 4025965.428997 1621852032.951116
353504.757769 4025968.259694 1621852032.251395
353498.419177 4025964.002828 1621852033.300118
353453.224463 4025936.161739 1621852039.350113
353450.42937 4025934.448658 1621852039.703107
353440.233502 4025928.239809 1621852041.000982
353434.7662 4025924.930592 1621852041.701401
353432.037811 4025923.260167 1621852042.051498
353421.505233 4025916.750562 1621852043.400778
353413.337798 4025911.606199 1621852044.45023
353405.382344 4025906.561792 1621852045.499741
353385.106057 4025894.034017 1621852048.900747
353380.936867 4025891.509561 1621852049.600581
353372.122346 4025886.155033 1621852050.950846
353369.809177 4025884.74121 1621852051.301054
353367.535882 4025883.329636 1621852051.651459
353361.449563 4025879.407376 1621852052.704341
353350.256685 4025872.060217 1621852054.750834
353348.171132 4025870.704638 1621852055.101523
353345.994112 4025869.297072 1621852055.451464
353336.737293 4025863.3165 1621852056.851031
353326.496329 4025856.70641 1621852058.600119
353321.015782 4025853.248521 1621852059.651601
353315.64451 4025849.877089 1621852060.650511
353317.590616 4025851.085311 1621852060.300591
353304.481119 4025843.273058 1621852062.401345
353297.262824 4025839.574731 1621852063.40032
353299.857675 4025840.841824 1621852063.051066
353275.470178 4025833.192708 1621852066.100963
353261.573661 4025832.047934 1621852067.750928
353258.613983 4025831.907267 1621852068.101284
353244.336774 4025831.237711 1621852069.801071
353241.335443 4025831.049672 1621852070.150812
353226.928369 4025829.255923 1621852071.850716
353219.099366 4025827.266375 1621852072.85077
353213.635652 4025825.326222 1621852073.599417
353206.834072 4025822.447254 1621852074.600738
353202.356113 4025820.451618 1621852075.300912
353194.133669 4025818.057811 1621852076.651263
353192.081991 4025818.097875 1621852077.000706
353188.080156 4025819.013126 1621852077.703179
353178.341757 4025828.250407 1621852079.800093
353177.134227 4025830.107869 1621852080.10091
353175.684046 4025832.367164 1621852080.451226
353171.197499 4025839.545403 1621852081.500496
353161.675443 4025854.925411 1621852083.600728
353155.188078 4025865.151158 1621852084.949838
353153.491244 4025867.816968 1621852085.301316
353150.067262 4025873.208969 1621852086.00084
353145.103156 4025881.068438 1621852086.999922
353139.836909 4025889.438319 1621852088.051367
353134.738765 4025897.567072 1621852089.10068
353128.47457 4025907.471146 1621852090.451288
353126.922269 4025909.958864 1621852090.80155
353125.394331 4025912.398455 1621852091.150802
353114.798535 4025929.920613 1621852093.600753
353110.314008 4025937.87868 1621852094.600473
353111.654341 4025935.436225 1621852094.300169
353101.039997 4025955.92507 1621852096.703621
353096.790263 4025965.011628 1621852097.703946
353092.43694 4025974.442979 1621852098.750629
353088.385791 4025983.08888 1621852099.750765
353089.795764 4025980.099339 1621852099.400498
353084.246832 4025991.842241 1621852100.801141
353082.899952 4025994.686331 1621852101.150679
353073.789911 4026013.920059 1621852103.900238
353075.081102 4026011.18969 1621852103.50078
353066.269114 4026029.422271 1621852105.950619
353065.10166 4026031.862572 1621852106.250014
353058.523777 4026045.938789 1621852107.950765
353055.987163 4026051.397218 1621852108.601063
353050.535664 4026062.850525 1621852109.950689
353049.102642 4026065.783466 1621852110.301561
353046.491268 4026071.09734 1621852110.95076
353039.744283 4026084.793238 1621852112.702297
353037.256679 4026089.882292 1621852113.351411
353034.513723 4026095.411376 1621852114.050256
353028.717691 4026106.787246 1621852115.45067
353022.539116 4026117.956147 1621852116.800824
353017.446586 4026126.605667 1621852117.850713
353012.262665 4026135.037767 1621852118.900297
353008.785731 4026140.695937 1621852119.600906
353005.510287 4026145.945236 1621852120.250279
352989.03389 4026171.835743 1621852123.600464
352986.023893 4026176.472741 1621852124.251394
352964.050891 4026209.019335 1621852128.600574
352955.970928 4026219.945247 1621852130.000153
352945.572213 4026233.068737 1621852131.702729
352941.308775 4026238.162239 1621852132.40071
352937.052716 4026243.137955 1621852133.100579
352934.913528 4026245.610085 1621852133.451202
352910.491007 4026271.959915 1621852137.45095
352906.023104 4026276.404663 1621852138.150811
352903.756484 4026278.611913 1621852138.500956
352894.524793 4026287.288888 1621852139.900216
352892.201358 4026289.403665 1621852140.251208
352875.233209 4026304.39149 1621852142.949605
352866.787894 4026326.497375 1621852147.702079
352868.298962 4026327.704356 1621852148.050673
352877.456714 4026333.740965 1621852149.703044
352884.20326 4026337.903275 1621852150.702213
352886.71557 4026339.425667 1621852151.051154
352896.94031 4026345.535547 1621852152.400091
352907.555828 4026352.042501 1621852153.750628
352910.318968 4026353.808253 1621852154.100554
352920.726201 4026360.501262 1621852155.450865
352918.089928 4026358.797372 1621852155.100769
352932.164317 4026367.805092 1621852157.101529
352941.745229 4026373.781511 1621852158.449911
352939.150695 4026372.15229 1621852158.10153
352956.620782 4026383.120624 1621852160.501161
352958.925571 4026384.579743 1621852160.850707
352973.013693 4026393.330396 1621852162.950759
352977.112994 4026395.891125 1621852163.60125
352983.658005 4026399.498485 1621852164.650918
352985.86497 4026400.400407 1621852165.000734
352995.143336 4026401.786432 1621852166.401289
353004.724621 4026399.616864 1621852167.800903
353002.359397 4026400.450813 1621852167.45091
353015.501583 4026393.243536 1621852169.500774
353013.426145 4026394.808088 1621852169.152156
353019.422626 4026389.967018 1621852170.213089
353024.839029 4026385.113647 1621852171.213108
353037.39533 4026373.713545 1621852173.350721
353044.225936 4026367.679567 1621852174.400194
353051.555798 4026361.317082 1621852175.450775
353062.12169 4026352.561437 1621852176.852147
353059.397982 4026354.734766 1621852176.501013
353076.473225 4026342.330402 1621852178.601071
353079.434404 4026340.4539 1621852178.950733
353091.274538 4026333.551629 1621852180.300629
353094.838803 4026331.656296 1621852180.702193
353113.647958 4026323.154063 1621852182.749836
353110.379108 4026324.442921 1621852182.400687
353120.166455 4026320.792177 1621852183.450538
353142.179879 4026314.705575 1621852185.850554
353139.472409 4026315.294579 1621852185.550861
353151.276235 4026312.973251 1621852186.900393
353163.257434 4026311.339443 1621852188.251113
353166.54012 4026311.008101 1621852188.600727
353180.629436 4026309.901415 1621852190.000431
353195.68313 4026309.266264 1621852191.352017
353207.762288 4026309.602708 1621852192.400471
353223.078785 4026311.154481 1621852193.74958
353231.036025 4026312.399039 1621852194.45103
353242.867399 4026314.772921 1621852195.500262
353250.610211 4026316.732896 1621852196.210148
353261.528262 4026319.99649 1621852197.209978
353265.239798 4026321.222004 1621852197.550822
353278.835429 4026327.100937 1621852198.901202
353293.917377 4026336.16497 1621852200.55033
353305.879159 4026343.653031 1621852201.901043
353302.782792 4026341.755581 1621852201.551029
353320.563058 4026350.932436 1621852203.549954
353330.226098 4026353.282786 1621852204.601228
353339.78668 4026353.624715 1621852205.651137
353348.570672 4026351.428694 1621852206.702723
353350.885205 4026350.293941 1621852207.001488
353360.520329 4026341.073144 1621852208.650569
353363.889275 4026336.019877 1621852209.350649
353367.069606 4026331.090083 1621852210.000693
353368.81955 4026328.387599 1621852210.350474
353377.130028 4026315.242799 1621852212.000684
353383.969914 4026304.1593 1621852213.350722
353389.104329 4026295.898891 1621852214.349724
353396.047211 4026284.939143 1621852215.702139
353392.45069 4026290.607028 1621852215.000642
353404.785674 4026271.250282 1621852217.399863
353408.111862 4026265.975892 1621852218.050965
353423.624848 4026241.327503 1621852221.400724
353426.540239 4026236.731873 1621852222.050679
353439.819282 4026216.945421 1621852224.750599
353441.459613 4026214.399887 1621852225.099988
353447.033195 4026205.3752 1621852226.400905
353453.114897 4026195.627182 1621852227.750705
353454.772828 4026192.948726 1621852228.100955
353461.522146 4026182.306893 1621852229.450828
353466.684837 4026174.095118 1621852230.450563
353470.106031 4026168.665512 1621852231.100818
353475.674986 4026159.779232 1621852232.150586
353479.435809 4026153.852335 1621852232.850695
353481.053694 4026151.320512 1621852233.150595
353486.385248 4026143.003507 1621852234.150326
353500.799726 4026120.704289 1621852236.950536
353504.195236 4026115.338609 1621852237.650695
353508.531177 4026108.310411 1621852238.651219
353509.938245 4026106.019422 1621852239.000914
353521.476928 4026087.165747 1621852241.701353
353522.940584 4026084.76406 1621852242.050759
353524.150634 4026082.688327 1621852242.350398
353532.553818 4026063.731286 1621852244.800625
353534.071112 4026058.031158 1621852245.450161
353535.627964 4026048.984953 1621852246.450495
353536.150585 4026043.000952 1621852247.10139
353535.93711 4026030.193565 1621852248.450452
353534.59482 4026020.57529 1621852249.450519
353533.013499 4026014.335058 1621852250.10112
353526.710071 4025998.676507 1621852251.801684
353529.670615 4026004.966786 1621852251.101267
353517.897311 4025984.607252 1621852253.500267
353515.72666 4025981.839463 1621852253.850579
353513.456761 4025979.140987 1621852254.212868
353501.191978 4025967.687108 1621852255.901183
353498.460309 4025965.684585 1621852256.250722
353487.221986 4025958.071946 1621852257.650692
353476.146458 4025950.440611 1621852259.050703
353464.032937 4025943.058969 1621852260.45065
353454.723103 4025937.335238 1621852261.500892
353451.598061 4025935.357427 1621852261.850905
353439.019963 4025927.320139 1621852263.250629
353435.901306 4025925.335453 1621852263.600897
353418.781486 4025914.294766 1621852265.600468
353416.305723 4025912.668782 1621852265.901338
353402.460528 4025903.741437 1621852267.650936
353397.330032 4025900.515067 1621852268.350894
353390.568595 4025896.28675 1621852269.400688
353386.663729 4025893.884636 1621852270.050887
353384.583855 4025892.699237 1621852270.400891
353362.591528 4025900.214114 1621852274.800856
353361.353437 4025902.192924 1621852275.150536
353355.114412 4025912.3427 1621852276.851172
353356.278371 4025910.421591 1621852276.550613
353353.703578 4025914.688347 1621852277.212925
353347.613737 4025924.97628 1621852278.600391
353344.297354 4025930.428643 1621852279.30105
353333.792936 4025946.794361 1621852281.350535
353326.483927 4025958.105328 1621852282.750511
353324.661298 4025960.958972 1621852283.100084
353323.095402 4025963.422396 1621852283.400383
353310.528558 4025983.572157 1621852285.800361
353306.780674 4025989.61756 1621852286.501693
353302.980204 4025995.634056 1621852287.213278
353299.402709 4026001.239971 1621852287.850701
353297.442726 4026004.30171 1621852288.213391
353285.553059 4026023.192672 1621852290.301335
353283.570938 4026026.354693 1621852290.650511
353274.208035 4026041.29456 1621852292.350468
353266.870641 4026052.970738 1621852293.750569
353261.834132 4026060.967935 1621852294.750351
353257.804988 4026068.547867 1621852295.750297
353260.23783 4026063.671794 1621852295.100992
353256.873044 4026071.135758 1621852296.10164
353257.682132 4026082.928173 1621852297.800253
353268.835858 4026093.013305 1621852299.800771
353276.359357 4026097.539956 1621852300.850531
353278.530236 4026098.797241 1621852301.150477
353281.007863 4026100.301229 1621852301.500767
353285.521373 4026103.166259 1621852302.150464
353296.951609 4026112.333337 1621852303.901477
353300.37415 4026116.239329 1621852304.550517
353305.547611 4026122.679311 1621852305.650305
353312.56686 4026128.648904 1621852306.95037
353321.21077 4026133.735695 1621852308.35043
353327.723895 4026137.681976 1621852309.400301
353334.499854 4026142.317368 1621852310.450393
353338.878405 4026145.33109 1621852311.099974
353348.045969 4026151.584321 1621852312.450416
353353.022447 4026154.824047 1621852313.150584
353358.115638 4026158.090035 1621852313.850457
353368.432883 4026164.673194 1621852315.251645
353381.697268 4026172.854998 1621852316.950599
353376.591471 4026169.727782 1621852316.30092
353384.467834 4026174.576085 1621852317.300992
353395.267544 4026181.481127 1621852318.650573
353405.748643 4026188.662973 1621852320.00058
353414.997935 4026196.108767 1621852321.301095
353419.477178 4026200.266371 1621852322.000726
353428.021783 4026209.617764 1621852323.703529
353431.282306 4026215.565876 1621852324.702871
353432.494056 4026219.987812 1621852325.350461
353432.239165 4026230.631628 1621852326.70275
353432.690143 4026227.763005 1621852326.350705
353425.017999 4026245.9411 1621852328.702331
353421.704707 4026251.371442 1621852329.450505
353415.770709 4026261.008695 1621852330.800595
353414.368884 4026263.276127 1621852331.101128
353412.682176 4026266.001566 1621852331.45066
353404.012707 4026279.912008 1621852333.149308
353398.369931 4026288.91321 1621852334.20966
353394.53671 4026295.046596 1621852334.902162
353392.600913 4026298.15664 1621852335.250479
353380.992636 4026316.670906 1621852337.300948
353374.996817 4026326.380082 1621852338.400378
353373.393037 4026328.984693 1621852338.701882
353366.19741 4026340.474618 1621852340.050396
353355.69524 4026352.20866 1621852341.800738
353346.536669 4026356.642706 1621852343.149308
353333.094067 4026357.706164 1621852344.900919
353335.573319 4026357.863693 1621852344.600782
353327.145169 4026356.675795 1621852345.60062
353318.153932 4026353.383082 1621852346.650348
353300.91074 4026343.965023 1621852348.701968
353284.185182 4026333.866685 1621852350.650263
353265.501134 4026324.594993 1621852352.701339
353262.150051 4026323.373045 1621852353.050532
353252.17801 4026320.332248 1621852354.050954
353234.45453 4026316.45227 1621852355.750149
353238.163613 4026317.140177 1621852355.400312
353212.879759 4026313.394793 1621852357.80047
353206.163177 4026312.967084 1621852358.450967
353198.664249 4026312.759177 1621852359.21185
353186.026693 4026312.943924 1621852360.549936
353175.695095 4026313.172601 1621852361.95047
353173.558426 4026312.821501 1621852362.300809
353166.643635 4026308.689192 1621852363.651366
353165.129436 4026306.620515 1621852364.050407
353162.759366 4026287.64753 1621852366.750547
353163.08672 4026282.377296 1621852367.450727
353163.665791 4026274.712382 1621852368.450391
353163.422819 4026277.037632 1621852368.149473
353170.571919 4026255.758736 1621852370.851325
353175.379698 4026247.839915 1621852371.850449
353177.145999 4026245.035936 1621852372.212237
353182.281331 4026237.013398 1621852373.212704
353189.125214 4026226.399223 1621852374.551327
353195.756495 4026216.114671 1621852375.901217
353192.347034 4026221.421133 1621852375.211524
353205.805233 4026200.454071 1621852377.900819
353203.996885 4026203.316822 1621852377.549466
353212.651409 4026189.383915 1621852379.211614
353216.426726 4026183.217339 1621852379.900808
353222.044042 4026173.873774 1621852380.950277
353225.490602 4026168.08062 1621852381.600478
353231.130486 4026159.007338 1621852382.650376
353234.892866 4026153.20606 1621852383.350416
353246.387442 4026142.362124 1621852385.101179
353251.539844 4026139.808206 1621852385.750439
353263.457025 4026136.022299 1621852387.150251
353309.666506 4026127.831199 1621852393.804438
353316.369329 4026131.324835 1621852394.850514
353311.848332 4026128.798228 1621852394.150476
353327.880311 4026138.879565 1621852396.549579
353334.787882 4026143.285844 1621852397.550175
353344.584434 4026149.303297 1621852398.950374
353346.969068 4026150.786563 1621852399.300553
353355.752977 4026156.297186 1621852400.650435
353359.617997 4026158.703216 1621852401.350624
353364.092612 4026161.447976 1621852402.350768
353367.815098 4026163.743674 1621852403.350345
353369.913914 4026165.049309 1621852404.051437
353371.959904 4026166.311025 1621852405.049732
353373.001905 4026167.003225 1621852406.35045
353373.021242 4026166.957579 1621852407.050287
