988341.479135 1818621.570018 1621857632.246951
988350.367797 1818628.782419 1621857633.246895
988366.082922 1818641.555295 1621857634.897124
988372.866394 1818647.077459 1621857635.596967
988369.475214 1818644.320237 1621857635.247009
988385.626027 1818657.47876 1621857636.89725
988399.234128 1818668.701104 1621857638.247043
988413.133296 1818680.171422 1621857639.596956
988426.882803 1818691.565624 1621857640.94689
988430.367095 1818694.477785 1621857641.297313
988446.623549 1818708.004513 1621857642.946791
988443.200655 1818705.202499 1621857642.596767
988459.836122 1818718.642092 1621857644.297248
988466.204352 1818723.745849 1621857644.946085
988469.620305 1818726.493641 1621857645.297322
988503.117261 1818753.597795 1621857648.796925
988504.973092 1818755.123282 1621857648.996018
988507.755088 1818757.417222 1621857649.29745
988528.2099 1818774.368311 1621857651.546017
988541.087773 1818784.734847 1621857652.897297
988551.248829 1818792.641314 1621857653.89735
988554.404713 1818795.054802 1621857654.200773
988574.486854 1818810.225825 1621857655.896668
988583.0697 1818816.660176 1621857656.546572
988592.446348 1818823.754305 1621857657.246737
988605.736985 1818834.266622 1621857658.248769
988628.138075 1818852.572563 1621857659.946555
988623.550852 1818848.779871 1621857659.598272
988637.312408 1818860.148641 1621857660.646705
988650.37989 1818870.983273 1621857661.647175
988667.986754 1818885.548409 1621857662.99694
988685.635022 1818899.868244 1621857664.346813
988683.011895 1818897.758018 1621857664.147004
988744.624634 1818948.169542 1621857668.847121
988754.008066 1818955.84776 1621857669.54765
988767.466964 1818966.880669 1621857670.546846
988770.171994 1818969.094076 1621857670.747077
988800.056482 1818993.717 1621857672.947685
988804.159275 1818997.09526 1621857673.247195
988823.341023 1819012.959728 1621857674.646917
988837.044752 1819024.365843 1621857675.646757
988845.992592 1819031.813785 1621857676.297582
988865.419888 1819047.775096 1621857677.69964
988881.617472 1819060.518693 1621857678.847014
988883.74556 1819062.149064 1621857678.996927
988908.254616 1819079.882326 1621857680.699047
988903.155066 1819076.345673 1621857680.347015
988927.257446 1819092.677278 1621857681.996834
988941.752904 1819102.292975 1621857682.996975
988951.833868 1819108.935451 1621857683.699053
988975.450409 1819124.596739 1621857685.347016
988970.448813 1819121.261537 1621857684.9969
988989.770472 1819134.105166 1621857686.347007
989018.437587 1819153.134637 1621857688.346743
989040.418202 1819167.677677 1621857689.89726
989054.20237 1819176.887492 1621857690.897258
989058.977421 1819180.109273 1621857691.247303
989063.832053 1819183.341787 1621857691.597326
989091.052761 1819201.717045 1621857693.596941
989100.464751 1819208.002251 1621857694.297172
989113.596294 1819216.796992 1621857695.296806
989127.115257 1819225.851372 1621857696.345798
989124.569282 1819224.149367 1621857696.146917
989156.518731 1819245.540643 1621857698.698636
989152.173481 1819242.650262 1621857698.3467
989183.773204 1819263.640637 1621857700.946635
989191.359848 1819268.666491 1621857701.596006
989206.718445 1819278.862053 1621857702.946383
989213.929654 1819283.648669 1621857703.597016
989224.781731 1819290.868393 1621857704.597028
989231.685528 1819295.47557 1621857705.247034
989245.649654 1819304.858086 1621857706.596721
989242.083284 1819302.44942 1621857706.246875
989268.735238 1819320.418098 1621857708.946764
989271.574244 1819322.332076 1621857709.24701
989296.272095 1819338.714453 1621857711.946489
989298.891087 1819340.417104 1621857712.247053
989306.175585 1819345.095164 1621857713.097431
989323.077936 1819356.191963 1621857715.247013
989332.56732 1819362.341675 1621857716.946145
989330.94205 1819361.302636 1621857716.596797
989339.943531 1819366.866704 1621857719.94641
989340.079681 1819366.958955 1621857720.746156
989340.068177 1819366.961995 1621857721.246857
989340.043998 1819366.973728 1621857722.646827
989340.026133 1819366.977469 1621857723.29715
989339.994378 1819366.981181 1621857724.698759
989339.983455 1819366.982649 1621857725.346203
989339.979211 1819366.982949 1621857725.69835
989339.965797 1819366.984292 1621857727.047136
989339.973165 1819366.97768 1621857727.396696
989340.003706 1819366.956971 1621857728.046811
989340.005038 1819366.95206 1621857729.897258
989340.00265 1819366.950472 1621857731.246536
989340.004163 1819366.94812 1621857733.396807
989340.006683 1819366.946672 1621857735.596797
989340.005522 1819366.946722 1621857735.796839
989340.004301 1819366.944429 1621857737.996898
989340.002175 1819366.942219 1621857738.646428
989340.00008 1819366.939882 1621857739.297
989339.994663 1819366.937818 1621857739.996952
989339.992948 1819366.937106 1621857740.346411
989339.988249 1819366.93521 1621857742.546322
989339.989003 1819366.934841 1621857743.396911
989339.984009 1819366.933151 1621857744.396807
989339.983811 1819366.933256 1621857744.698308
989339.982801 1819366.933271 1621857745.397058
989339.98177 1819366.933063 1621857746.046932
989339.977978 1819366.936302 1621857748.946657
989339.977749 1819366.93741 1621857749.646535
989339.977493 1819366.937584 1621857750.94679
989339.979581 1819366.937821 1621857751.9462
989339.979006 1819366.938229 1621857752.646897
989339.977691 1819366.937702 1621857753.646614
989339.977864 1819366.937884 1621857754.646718
989339.978505 1819366.936499 1621857754.297088
989339.970441 1819366.93843 1621857757.996746
989339.970841 1819366.938319 1621857758.346877
989339.970157 1819366.939484 1621857758.846638
989339.974647 1819366.941896 1621857760.046708
989339.975441 1819366.942033 1621857760.205683
989339.971991 1819366.940672 1621857762.396734
989339.971887 1819366.940295 1621857762.746693
989339.971479 1819366.939895 1621857763.046881
989339.974505 1819366.940249 1621857764.745756
989339.976897 1819366.936354 1621857771.647188
989339.976163 1819366.936834 1621857772.996478
989339.976254 1819366.937165 1621857773.64702
989339.975468 1819366.937041 1621857773.297112
989339.979144 1819366.937868 1621857775.646421
989339.981221 1819366.938898 1621857776.297069
989339.978489 1819366.93837 1621857777.297146
989339.980238 1819366.939674 1621857778.698704
989339.979809 1819366.940802 1621857779.346829
989339.981524 1819366.940685 1621857779.996683
989339.980053 1819366.940195 1621857781.698422
989339.980667 1819366.939905 1621857782.046555
989339.98027 1819366.939955 1621857783.74668
989339.979624 1819366.939846 1621857783.59683
989339.979727 1819366.939958 1621857785.796936
989339.980206 1819366.94082 1621857786.596851
989339.979276 1819366.942824 1621857787.297103
989339.980482 1819366.941893 1621857788.646641
989339.980515 1819366.940479 1621857789.996148
989339.980737 1819366.942232 1621857789.297305
989339.981067 1819366.942763 1621857791.996051
989339.980242 1819366.94293 1621857792.99701
989339.981804 1819366.943234 1621857792.297161
989339.979372 1819366.942314 1621857794.646754
989339.98028 1819366.942301 1621857794.346692
989339.97501 1819366.938874 1621857796.995955
989339.977921 1819366.941267 1621857796.346678
989339.976486 1819366.940585 1621857798.646527
989339.977577 1819366.941503 1621857799.997055
989339.976011 1819366.940132 1621857800.698533
989339.97547 1819366.939805 1621857800.846728
989339.976597 1819366.939105 1621857802.345888
989339.973763 1819366.936908 1621857803.046724
989339.975173 1819366.937541 1621857803.746642
989339.975718 1819366.937302 1621857804.746654
989339.975899 1819366.93738 1621857805.745767
989339.976078 1819366.939047 1621857807.646527
989339.977055 1819366.937761 1621857808.996661
989339.976428 1819366.938175 1621857808.646778
989339.977658 1819366.938633 1621857810.345773
989339.977144 1819366.938543 1621857810.698505
989339.976501 1819366.939381 1621857812.046609
989339.976428 1819366.937464 1621857813.046929
989339.976749 1819366.9403 1621857814.346999
989339.97627 1819366.939277 1621857815.396836
989339.976122 1819366.939205 1621857815.046811
989339.976759 1819366.940081 1621857816.046549
989339.977934 1819366.937378 1621857818.59698
989340.226728 1819367.091039 1621857819.89695
989340.798591 1819367.43946 1621857820.745852
989341.309575 1819367.750828 1621857821.247268
989345.106647 1819369.999337 1621857822.796787
989347.076502 1819371.147468 1621857823.297065
989352.961412 1819374.483126 1621857824.497301
989356.6909 1819376.376931 1621857825.145775
989366.721188 1819380.297564 1621857826.646762
989375.168212 1819382.386822 1621857827.699304
989380.826621 1819383.237031 1621857828.346563
989390.507578 1819383.749068 1621857829.396764
989393.369722 1819383.726891 1621857829.698372
989403.181485 1819383.281934 1621857830.698171
989424.401983 1819380.893461 1621857832.698531
989428.324884 1819380.271653 1621857833.046752
989443.873346 1819377.548236 1621857834.396565
989439.834248 1819378.279394 1621857834.046612
989467.243249 1819373.160415 1621857836.396665
989475.572196 1819371.512989 1621857837.097219
989479.159541 1819370.796532 1621857837.396796
989487.561463 1819369.118338 1621857838.096889
989520.288322 1819362.572993 1621857840.796864
989518.454932 1819362.931679 1621857840.646842
989543.586336 1819358.088339 1621857842.698044
989556.350279 1819355.601903 1621857843.746678
989564.149805 1819354.144356 1621857844.395907
989580.108873 1819351.175145 1621857845.746625
989591.948926 1819349.12871 1621857846.746551
989583.646258 1819350.55256 1621857846.046597
989617.627162 1819345.29543 1621857848.897
989635.740267 1819343.420637 1621857850.447064
989647.199155 1819342.580608 1621857851.447207
989661.83081 1819341.72643 1621857852.746651
989658.477668 1819341.887193 1621857852.447587
989665.72743 1819341.555415 1621857853.096844
989684.20045 1819340.952799 1621857854.796664
989687.862998 1819340.871722 1621857855.146829
989712.374829 1819340.416651 1621857857.646882
989715.414538 1819340.316696 1621857857.996878
989725.933015 1819340.014766 1621857859.34683
989734.47011 1819339.953051 1621857860.746751
989735.892143 1819339.939979 1621857861.046647
989741.365848 1819339.795603 1621857862.746829
989742.376782 1819339.749806 1621857863.396778
989743.163533 1819339.736831 1621857864.746871
989742.963088 1819339.743061 1621857864.096628
989743.304319 1819339.772375 1621857866.096606
989745.051226 1819339.90538 1621857867.745915
989747.152386 1819339.916243 1621857868.745931
989745.654041 1819339.913433 1621857868.097041
989761.883932 1819339.785888 1621857872.097043
989771.07904 1819339.675795 1621857873.446577
989773.760967 1819339.662818 1621857873.79668
989784.78286 1819339.67106 1621857875.09694
989801.078573 1819339.657944 1621857876.796704
989797.591966 1819339.666956 1621857876.446605
989814.767204 1819339.66039 1621857878.097035
989826.176631 1819339.618822 1621857879.097291
989832.747453 1819339.613362 1621857879.646579
989920.095559 1819338.756183 1621857886.297402
989990.867346 1819338.553286 1621857890.995923
989993.257812 1819338.571546 1621857891.145671
990045.581573 1819339.455302 1621857894.505515
990066.248167 1819339.585693 1621857895.846701
990081.563172 1819339.650325 1621857896.846911
990086.146093 1819339.668845 1621857897.145858
990109.574319 1819339.66119 1621857898.698354
990124.771275 1819339.501832 1621857899.698533
990140.999675 1819339.098291 1621857900.746603
990145.692776 1819338.935389 1621857901.046787
990167.820579 1819338.105019 1621857902.446658
990189.380439 1819337.611488 1621857903.796543
990206.33547 1819337.458822 1621857904.846495
990200.652266 1819337.487531 1621857904.497073
990225.956274 1819337.490253 1621857906.046628
990253.679815 1819337.940005 1621857907.74693
990258.558808 1819338.031077 1621857908.046829
990302.454372 1819338.881738 1621857910.746937
990319.511838 1819339.261671 1621857911.796653
990313.810553 1819339.135412 1621857911.446469
990340.897475 1819339.810477 1621857913.097004
990358.409939 1819340.354136 1621857914.145808
990386.498258 1819341.368551 1621857915.796765
990392.552555 1819341.603952 1621857916.145997
990416.006707 1819342.315628 1621857917.496962
990409.91136 1819342.147459 1621857917.146105
990427.357727 1819342.612243 1621857918.146812
990462.274862 1819343.566818 1621857920.14682
990485.448886 1819344.188117 1621857921.497115
990507.226615 1819344.747267 1621857922.796717
990512.989477 1819344.894677 1621857923.147253
990518.72813 1819345.053568 1621857923.496266
990540.481787 1819345.721882 1621857924.846577
990569.099758 1819346.99158 1621857926.698396
990578.970087 1819347.426795 1621857927.396053
990587.974873 1819347.864902 1621857928.096794
990605.850725 1819348.925361 1621857929.797135
990611.225759 1819349.163664 1621857930.446528
990620.052461 1819348.317152 1621857931.79617
990624.752094 1819345.585276 1621857932.796743
990626.973016 1819342.828361 1621857933.44655
990629.899257 1819335.044049 1621857934.799166
990630.499421 1819327.57023 1621857935.796745
990630.542981 1819323.21333 1621857936.296434
990630.07244 1819294.57893 1621857938.796908
990629.610694 1819283.155797 1621857939.646459
990629.01982 1819271.922601 1621857940.446424
990627.480698 1819231.292528 1621857943.146579
990627.360226 1819225.790936 1621857943.49654
990626.942629 1819198.528892 1621857945.202748
990626.899295 1819192.83499 1621857945.546702
990626.612817 1819160.039998 1621857947.546692
990626.563867 1819151.803323 1621857948.046627
990626.479998 1819123.584318 1621857949.746883
990626.457783 1819120.242932 1621857949.945616
990626.223185 1819094.876681 1621857951.446556
990626.166524 1819071.73858 1621857952.7957
990626.164408 1819077.757266 1621857952.446642
990626.141158 1819042.430588 1621857954.496274
990626.042898 1819022.56596 1621857955.646149
990625.919926 1819002.012117 1621857956.846081
990625.875809 1818996.081271 1621857957.199244
990625.829231 1818990.156537 1621857957.545187
990625.602063 1818958.684956 1621857959.396599
990625.388611 1818917.221213 1621857961.796932
990625.379906 1818911.936273 1621857962.097902
990625.157898 1818881.595155 1621857963.796593
990625.1754 1818884.287199 1621857963.648409
990624.763053 1818857.123124 1621857965.146644
990624.592979 1818850.723744 1621857965.496868
990624.086299 1818831.442914 1621857966.546828
990622.863984 1818793.246343 1621857968.596674
990622.497734 1818783.821974 1621857969.096534
990622.387879 1818780.991611 1621857969.246642
990620.882752 1818743.01576 1621857971.246506
990619.958817 1818720.072803 1621857972.44742
990619.423892 1818707.639081 1621857973.096717
990618.03768 1818675.037991 1621857974.796701
990617.735116 1818668.334333 1621857975.146421
990614.355606 1818597.405382 1621857978.846544
990614.623109 1818604.085821 1621857978.497426
990614.132833 1818590.753584 1621857979.207531
990613.391139 1818571.356468 1621857980.208501
990613.095092 1818552.33935 1621857981.207552
990613.869378 1818526.565044 1621857982.546925
990616.261699 1818494.172193 1621857984.246851
990617.165877 1818484.753647 1621857984.746143
990618.265927 1818474.494236 1621857985.296934
990628.721501 1818395.282842 1621857989.796802
990630.083969 1818384.899821 1621857990.446709
990631.546097 1818374.278115 1621857991.146953
990634.539972 1818352.294663 1621857992.796658
990633.973323 1818356.53219 1621857992.446754
990635.003696 1818348.293132 1621857993.146451
990634.05479 1818330.766144 1621857994.99662
990609.611621 1818311.249441 1621857998.846884
990611.427314 1818311.478223 1621857998.646828
990588.481374 1818310.579181 1621858000.846529
990576.717912 1818310.565768 1621858001.846638
990572.984857 1818310.457495 1621858002.146696
990563.899934 1818310.026186 1621858002.846692
990555.192491 1818309.445103 1621858003.49699
990505.571718 1818307.219002 1621858006.896635
990500.944753 1818307.033499 1621858007.208912
990490.020707 1818306.522881 1621858007.896738
990474.043838 1818305.696396 1621858008.896461
990456.98012 1818304.969117 1621858009.946887
990440.572089 1818304.51709 1621858010.946552
990421.676903 1818304.456302 1621858012.096655
990393.815554 1818304.62907 1621858013.796428
990376.789659 1818304.7916 1621858014.846629
990371.138669 1818304.822571 1621858015.20929
990349.47779 1818304.906159 1621858016.546719
990355.074387 1818304.849764 1621858016.209134
990338.303733 1818305.089857 1621858017.246619
990297.839771 1818305.719815 1621858019.796574
990286.704786 1818305.750503 1621858020.496866
990270.738761 1818305.696463 1621858021.496644
990249.092934 1818305.661302 1621858022.846629
990232.219371 1818305.725105 1621858023.896618
990221.74503 1818305.770478 1621858024.546769
990227.3876 1818305.747715 1621858024.209283
990199.923869 1818305.885635 1621858025.896802
990195.070004 1818305.909864 1621858026.203998
990162.311511 1818306.118269 1621858028.204889
990139.903099 1818306.231843 1621858029.546705
990117.28586 1818306.338688 1621858030.897341
990129.042518 1818306.289334 1621858030.203879
990083.237455 1818306.523223 1621858032.896898
990089.241332 1818306.481736 1621858032.546609
990054.84614 1818306.682341 1621858034.546417
990013.283257 1818306.832508 1621858036.945614
990008.024827 1818306.865742 1621858037.246363
989984.169055 1818307.046777 1621858038.596661
989966.286085 1818307.131058 1621858039.596622
989941.855315 1818307.296574 1621858040.946613
989954.576306 1818307.215019 1621858040.24662
989936.37461 1818307.334067 1621858041.246436
989895.72394 1818307.580763 1621858043.446377
989882.667169 1818307.660597 1621858044.146523
989856.401015 1818307.777446 1621858045.546669
989862.994442 1818307.743402 1621858045.20612
989811.855682 1818308.002024 1621858047.896504
989799.430592 1818308.071976 1621858048.546898
989780.232652 1818308.184623 1621858049.546572
989773.497346 1818308.225197 1621858049.89655
989766.746984 1818308.264187 1621858050.246728
989734.709711 1818308.351429 1621858051.896447
989718.108235 1818308.400463 1621858052.746875
989685.564097 1818308.47762 1621858054.396471
989661.501493 1818308.58118 1621858055.596655
989641.108194 1818308.661831 1621858056.596541
989626.612186 1818308.732911 1621858057.297013
989591.577445 1818308.964217 1621858058.94666
989605.550212 1818308.861375 1621858058.296707
989577.39327 1818309.084939 1621858059.596484
989561.903546 1818309.218004 1621858060.29694
989532.56742 1818309.421792 1621858061.596285
989485.195715 1818309.51694 1621858063.645895
989473.544701 1818309.544407 1621858064.145774
989453.688316 1818309.599877 1621858064.995117
989418.519141 1818309.691032 1621858066.496365
989386.997937 1818309.855445 1621858067.845807
989362.859291 1818310.016581 1621858068.895935
989340.361794 1818310.197679 1621858069.895958
989318.293726 1818310.360972 1621858070.895994
989310.695886 1818310.399308 1621858071.245842
989303.162395 1818310.443123 1621858071.596072
989289.37477 1818310.497372 1621858072.245065
989267.628662 1818310.56893 1621858073.296278
989247.642064 1818310.647314 1621858074.296065
989129.589993 1818311.445188 1621858080.64729
989093.200093 1818311.407058 1621858082.64689
989084.17142 1818311.411804 1621858083.146362
989068.780703 1818311.451821 1621858083.996538
989047.925386 1818311.502106 1621858085.146399
989016.888432 1818311.586839 1621858086.846889
988998.876205 1818311.650393 1621858087.846586
988993.503246 1818311.684245 1621858088.146547
988969.269402 1818312.214934 1621858089.497115
988957.727725 1818312.706057 1621858090.146393
988928.130299 1818314.13516 1621858091.847271
988916.185114 1818314.624912 1621858092.546782
988893.355947 1818315.362965 1621858093.896259
988882.389647 1818315.574209 1621858094.546803
988858.726561 1818315.813334 1621858095.946654
988870.559661 1818315.720894 1621858095.246365
988853.654218 1818315.831306 1621858096.246505
988835.939504 1818315.943396 1621858097.296849
988813.084416 1818316.056336 1621858098.646388
988792.922966 1818316.235761 1621858099.84729
988759.549915 1818316.758478 1621858101.846735
988742.960978 1818317.274459 1621858102.846014
988729.076338 1818317.626574 1621858103.697485
988716.140174 1818318.177544 1621858104.49677
988724.21497 1818317.82897 1621858103.995569
988679.136995 1818319.531552 1621858106.846832
988689.979506 1818319.215045 1621858106.146565
988654.308331 1818319.977251 1621858108.496738
988640.63421 1818320.260337 1621858109.496871
988636.23463 1818320.381739 1621858109.846523
988621.171863 1818320.996691 1621858111.200968
988614.980915 1818321.344533 1621858111.846359
988604.264954 1818322.287337 1621858113.204063
988602.346987 1818322.525026 1621858113.496413
988592.778757 1818323.892501 1621858118.20669
988592.786009 1818323.887028 1621858119.546733
988592.791926 1818323.899352 1621858121.54717
988592.81256 1818323.896685 1621858124.896817
988592.812518 1818323.896611 1621858126.206074
988592.814213 1818323.894337 1621858127.54641
988592.812057 1818323.895211 1621858128.206102
988592.814638 1818323.89246 1621858129.946534
988592.812612 1818323.890702 1621858130.946583
988592.811761 1818323.889561 1621858131.946552
988592.811833 1818323.889154 1621858132.596658
988592.810922 1818323.889499 1621858133.246836
988592.811414 1818323.888632 1621858133.596482
988592.811352 1818323.888248 1621858134.595512
988592.810224 1818323.884839 1621858135.646323
988592.807712 1818323.87707 1621858136.646406
988592.803347 1818323.864954 1621858138.648365
988592.802446 1818323.860074 1621858139.846576
988592.803727 1818323.857452 1621858140.84635
988592.804398 1818323.855121 1621858141.896487
988592.80332 1818323.854315 1621858142.246572
988592.80429 1818323.854104 1621858142.896256
988592.808264 1818323.848851 1621858144.596459
988592.813271 1818323.847478 1621858145.246503
988592.810723 1818323.846543 1621858145.947026
988592.812227 1818323.845581 1621858146.646553
988592.818901 1818323.840277 1621858148.346841
988592.818747 1818323.840133 1621858148.697452
988592.818556 1818323.839714 1621858148.996278
988592.817784 1818323.837519 1621858151.546799
988592.820474 1818323.837512 1621858152.206291
988592.815673 1818323.836764 1621858153.246359
988592.81591 1818323.836604 1621858153.596314
988592.81611 1818323.836037 1621858155.946807
988592.81614 1818323.836299 1621858155.296326
988592.813983 1818323.835213 1621858157.995277
988592.813955 1818323.834752 1621858158.296251
988592.818028 1818323.833868 1621858158.996424
988592.817688 1818323.830228 1621858159.996405
988592.817387 1818323.830302 1621858160.996473
988592.775558 1818323.835845 1621858162.69814
988592.415481 1818323.891614 1621858163.54714
988590.505071 1818324.204795 1621858164.94651
988589.788258 1818324.321752 1621858165.246596
988588.509817 1818324.541067 1621858165.746699
988580.618765 1818326.19679 1621858167.94667
988578.912734 1818326.610809 1621858168.296702
988574.360051 1818327.834595 1621858169.146535
988565.291521 1818330.770239 1621858170.646262
988563.043381 1818331.596213 1621858170.996632
988558.747766 1818333.212201 1621858171.646325
988553.843549 1818335.102757 1621858172.346624
988534.394993 1818343.499354 1621858174.896832
988530.369918 1818345.448494 1621858175.396555
988523.400073 1818349.063568 1621858176.246535
988509.355181 1818357.427743 1621858177.946388
988515.174527 1818353.801186 1621858177.246427
988492.597169 1818369.169432 1621858179.946674
988489.693106 1818371.576747 1621858180.29655
988486.793841 1818374.120231 1621858180.646217
988481.421049 1818379.152856 1621858181.296957
988472.739696 1818388.031682 1621858182.346494
988453.546011 1818409.522364 1621858184.69812
988450.721135 1818412.856632 1621858185.046193
988449.508228 1818414.29264 1621858185.206578
988391.732343 1818484.323987 1621858192.246317
988378.054009 1818500.958569 1621858193.946715
988369.783967 1818511.045408 1621858194.996392
988367.433723 1818513.897082 1621858195.29638
988359.25789 1818523.799971 1621858196.346904
988354.242238 1818529.88175 1621858196.996282
988351.551486 1818533.14889 1621858197.346895
988318.036335 1818580.830214 1621858203.046486
988317.749052 1818583.635267 1621858203.396658
988325.568379 1818602.651052 1621858205.896412
988326.857499 1818604.063889 1621858206.096597
988327.874439 1818605.111559 1621858206.246326
988366.825004 1818638.044792 1621858210.946563
988375.745953 1818645.307372 1621858211.947004
988384.721034 1818652.660471 1621858212.946645
988381.573557 1818650.077557 1621858212.59659
988402.717776 1818667.457898 1621858214.946549
988408.537512 1818672.267196 1621858215.595288
988417.897659 1818680.022039 1621858216.646343
988429.889136 1818689.858696 1621858217.996317
988435.551723 1818694.492768 1621858218.646401
988432.949013 1818692.357835 1621858218.346226
988441.640687 1818699.451948 1621858219.346528
988459.001385 1818713.524442 1621858221.346908
988462.0411 1818715.97773 1621858221.697661
988468.123291 1818720.889623 1621858222.396558
988476.791941 1818727.918404 1621858223.396661
988495.441127 1818743.218629 1621858225.596759
988502.279029 1818748.824854 1621858226.446766
988522.563643 1818765.551735 1621858229.146179
988549.556341 1818787.587827 1621858233.646168
988561.721548 1818797.605453 1621858235.946744
988559.886912 1818796.075703 1621858235.646466
988574.105217 1818807.934132 1621858237.646311
988582.602835 1818814.946687 1621858238.646529
988591.852978 1818822.518366 1621858239.646242
988601.615517 1818830.553254 1621858240.645911
988608.694939 1818836.377671 1621858241.346765
988615.425926 1818841.938591 1621858241.996454
988634.197831 1818857.306203 1621858243.698509
988637.677382 1818860.128672 1621858243.996429
988650.169314 1818870.385362 1621858245.046613
988666.776309 1818884.151228 1621858246.396798
988679.357051 1818894.652763 1621858247.39628
988692.096147 1818905.297071 1621858248.396301
988687.613848 1818901.556234 1621858248.046344
988700.532128 1818912.249539 1621858249.046667
988734.097738 1818939.616187 1621858251.54741
988745.800517 1818949.174142 1621858252.396533
988764.005608 1818963.995661 1621858253.698508
988775.98431 1818973.89745 1621858254.546987
988795.157414 1818989.886992 1621858255.896264
988818.863467 1819009.689875 1621858257.546744
988826.839667 1819016.301043 1621858258.0962
988846.566432 1819032.444826 1621858259.446697
988866.438082 1819048.524791 1621858260.796573
988873.824121 1819054.430913 1621858261.296726
988885.819819 1819063.658236 1621858262.096539
988904.316237 1819076.903111 1621858263.296272
988925.506619 1819091.19396 1621858264.646097
988945.929603 1819104.788574 1621858265.947212
988962.290351 1819115.742974 1621858266.996444
988977.837884 1819126.114716 1621858267.996646
988967.73357 1819119.373176 1621858267.346414
988998.809388 1819140.043537 1621858269.346764
989018.723937 1819153.393201 1621858270.646628
989031.844367 1819162.139605 1621858271.496317
989050.220521 1819174.442296 1621858272.698619
989060.14316 1819181.099159 1621858273.346865
989070.931529 1819188.257127 1621858274.046227
989090.667012 1819201.428072 1621858275.347104
989111.696337 1819215.495357 1621858276.746451
989121.36887 1819221.957278 1621858277.39628
989116.166112 1819218.478039 1621858277.046136
989146.463618 1819238.777666 1621858279.096276
989166.216329 1819251.974632 1621858280.446293
989185.774767 1819264.998979 1621858281.796332
989190.815005 1819268.352943 1621858282.147183
989212.137246 1819282.542823 1621858283.646556
989221.868658 1819289.019189 1621858284.347389
989239.545222 1819300.85873 1621858285.646608
989253.573029 1819310.019856 1621858286.698269
989262.23537 1819315.334068 1621858287.34682
989271.57632 1819320.807312 1621858288.046579
989280.766875 1819326.14632 1621858288.746813
989285.271613 1819328.846991 1621858289.096796
989302.359056 1819339.433892 1621858290.446403
989310.37836 1819344.370518 1621858291.096283
989340.018667 1819361.983775 1621858293.698402
989346.224205 1819365.437409 1621858294.396372
989353.643188 1819368.76874 1621858295.396424
989351.165389 1819367.787168 1621858295.04637
989374.159469 1819195.558619 1621858312.746686
989374.102271 1819190.348625 1621858313.096746
989374.047161 1819185.138402 1621858313.446569
989373.795564 1819165.050901 1621858314.796566
989373.551843 1819145.356099 1621858316.146757
989373.525645 1819143.204907 1621858316.296283
989372.726104 1819083.217185 1621858320.646709
989372.337699 1819067.18025 1621858321.846164
989372.461025 1819071.809035 1621858321.496511
989371.836467 1819047.919492 1621858323.346666
989371.800389 1819046.112001 1621858323.496465
989371.421588 1819026.535803 1621858325.346464
989371.268308 1819018.235396 1621858326.395185
989371.16237 1819014.129492 1621858327.046267
989370.22576 1819007.661643 1621858328.247215
989336.171012 1818993.432049 1621858333.746841
989326.05084 1818990.910685 1621858334.746255
989322.346655 1818989.900113 1621858335.096298
989318.539141 1818988.819976 1621858335.446317
989311.283292 1818986.626371 1621858336.096512
989294.901815 1818981.268237 1621858337.496076
989286.802232 1818978.564561 1621858338.14624
989250.841361 1818966.57517 1621858340.846142
989243.850846 1818964.28635 1621858341.346277
989224.503021 1818957.969611 1621858342.697498
989215.008297 1818954.822502 1621858343.346697
989200.222446 1818949.825784 1621858344.346444
989195.002255 1818948.049599 1621858344.69824
989164.814785 1818937.52114 1621858346.697712
989151.95804 1818932.607878 1621858347.546656
989139.208078 1818927.187118 1621858348.395433
989119.780163 1818918.133151 1621858349.698147
989114.512067 1818915.599741 1621858350.046227
989099.326817 1818908.20492 1621858351.046088
989084.113053 1818900.559197 1621858352.04618
989059.188271 1818887.553313 1621858353.698107
989053.931819 1818884.717517 1621858354.045927
989048.734817 1818881.846128 1621858354.395231
989014.66443 1818861.631126 1621858356.746446
989000.561686 1818852.742575 1621858357.746696
988990.788716 1818846.494213 1621858358.448351
988972.858132 1818834.931084 1621858359.746421
988959.074195 1818826.00345 1621858360.746172
988949.497107 1818819.659619 1621858361.446074
988940.674432 1818813.682446 1621858362.096537
988919.084113 1818798.225806 1621858363.746364
988906.65273 1818788.63895 1621858364.746465
988898.240743 1818781.840803 1621858365.446228
988883.237335 1818769.120483 1621858366.746359
988886.628504 1818772.071971 1621858366.446213
988865.515809 1818752.820242 1621858368.445289
988854.301432 1818741.635852 1621858369.746635
988851.561038 1818738.860653 1621858370.096203
988842.25443 1818729.29558 1621858371.446177
988835.175168 1818721.815338 1621858372.746426
988830.663744 1818717.043503 1621858373.79622
988827.299851 1818713.513066 1621858374.796103
988825.978356 1818712.125496 1621858375.296123
988823.585226 1818709.592311 1621858376.846088
988823.352899 1818709.343432 1621858377.145667
988823.15287 1818709.159236 1621858377.496107
988822.950664 1818708.949999 1621858379.045298
988822.973882 1818708.918165 1621858380.746572
988822.958992 1818708.902884 1621858381.395245
988822.929649 1818708.888927 1621858382.39613
988822.92033 1818708.888343 1621858382.946496
988822.91994 1818708.896107 1621858384.096087
988822.905816 1818708.873626 1621858384.797954
988822.895812 1818708.857533 1621858385.496374
988822.896862 1818708.859457 1621858386.146755
988821.13328 1818707.002095 1621858389.996075
988820.732398 1818706.563279 1621858390.496269
988820.235575 1818706.012456 1621858391.200868
988818.797993 1818704.506428 1621858392.49931
988818.159054 1818703.809935 1621858392.846376
988816.611431 1818702.164639 1621858393.496015
988809.156809 1818694.174201 1621858395.746686
988806.294958 1818691.113804 1621858396.396037
988799.555485 1818684.036535 1621858397.746403
988801.385961 1818685.972075 1621858397.39602
988791.887623 1818675.984569 1621858399.096216
988783.065641 1818666.713134 1621858400.496564
988774.292708 1818657.40938 1621858401.796336
988776.363937 1818659.606302 1621858401.496552
988771.854729 1818654.807165 1621858402.146398
988759.498085 1818641.444232 1621858403.846292
988755.672422 1818637.307141 1621858404.346609
988742.069237 1818622.661716 1621858406.046199
988732.389707 1818612.259918 1621858407.207347
988727.562317 1818607.105819 1621858407.746148
988709.426408 1818587.323544 1621858409.746504
988699.377522 1818576.460285 1621858410.796247
988689.528482 1818565.935851 1621858411.796393
988686.012881 1818562.222999 1621858412.146547
988679.401154 1818555.29893 1621858412.795434
988665.63756 1818540.603612 1621858414.14661
988652.50123 1818526.482564 1621858415.446178
988642.532136 1818515.965083 1621858416.446568
988639.069081 1818512.336581 1621858416.796326
988619.552938 1818492.250529 1621858418.79648
988609.993383 1818482.751321 1621858419.796136
988606.667351 1818479.516562 1621858420.146778
988603.818194 1818476.890302 1621858420.446064
988558.256374 1818434.717999 1621858424.847443
988555.191292 1818431.820429 1621858425.146508
988545.204345 1818422.166639 1621858426.146408
988538.423961 1818415.486012 1621858426.846122
988529.014881 1818406.251635 1621858427.846023
988517.627451 1818395.280113 1621858429.207679
988505.418534 1818385.629061 1621858430.896096
988507.880963 1818387.170709 1621858430.546468
988493.279384 1818381.880396 1621858432.546705
988488.151407 1818381.859027 1621858433.205468
988485.292323 1818382.312808 1621858433.546432
988390.223085 1818486.089673 1621858445.746297
988394.39688 1818480.870355 1621858445.246142
988378.689587 1818500.036709 1621858447.096206
988346.472302 1818538.861877 1621858450.946622
988345.25323 1818540.359388 1621858451.095983
988329.494211 1818559.738675 1621858453.146554
988323.506795 1818567.754623 1621858454.146526
988318.141028 1818579.022947 1621858455.795777
988318.402839 1818578.021004 1621858455.645978
988318.624372 1818589.805871 1621858457.44617
988319.542973 1818591.934436 1621858457.796376
988329.608265 1818603.292293 1621858459.796254
988334.031326 1818607.141071 1621858460.446007
988339.248087 1818611.608269 1621858461.146491
988344.481251 1818616.090647 1621858461.796046
988361.697828 1818630.860988 1621858463.796379
988356.054205 1818626.077291 1621858463.146327
988378.553757 1818644.94736 1621858465.795194
988381.366298 1818647.378414 1621858466.14564
988392.402892 1818657.270497 1621858467.496234
988404.178952 1818667.878525 1621858468.846239
988409.9653 1818672.973547 1621858469.49608
988421.825 1818683.11984 1621858470.846329
988427.863585 1818688.174219 1621858471.546564
988433.47998 1818692.891918 1621858472.202143
