353583.023626 4025971.844296 1621857632.246951
353592.025602 4025978.919496 1621857633.246895
353607.941398 4025991.449803 1621857634.897124
353614.320655 4025996.482083 1621857635.54687
353611.377128 4025994.162384 1621857635.247009
353627.734666 4026007.071616 1621857636.89725
353641.51905 4026018.083933 1621857638.247043
353656.121392 4026029.75692 1621857639.646892
353669.526877 4026040.521729 1621857640.94689
353673.056907 4026043.380118 1621857641.297313
353689.525822 4026056.655957 1621857642.946791
353686.555576 4026054.302299 1621857642.646878
353702.905534 4026067.089574 1621857644.297248
353709.353959 4026072.095022 1621857644.946085
353712.813086 4026074.790081 1621857645.297322
353745.793034 4026100.630905 1621857648.699231
353749.085605 4026103.248706 1621857649.046896
353752.365438 4026105.871159 1621857649.396976
353771.688396 4026121.389035 1621857651.497801
353784.692981 4026131.54713 1621857652.846749
353794.953962 4026139.286771 1621857653.84769
353798.674681 4026142.042445 1621857654.200773
353818.340435 4026156.427084 1621857655.847111
353827.004333 4026162.71233 1621857656.497694
353836.488944 4026169.652207 1621857657.20034
353849.952459 4026179.940705 1621857658.203631
353872.646857 4026197.889231 1621857659.897293
353868.665268 4026194.6998 1621857659.598272
353882.6054 4026205.85616 1621857660.646705
353895.843062 4026216.489099 1621857661.647175
353914.341104 4026231.308968 1621857663.047284
353932.215253 4026245.34699 1621857664.396799
353927.571575 4026241.723655 1621857664.04754
353990.622343 4026291.68338 1621857668.797236
354000.125219 4026299.215023 1621857669.497447
354014.436578 4026310.579089 1621857670.546846
354019.236216 4026314.388299 1621857670.897091
354046.755691 4026336.359772 1621857672.897298
354051.603497 4026340.227288 1621857673.247195
354071.034431 4026355.795669 1621857674.646917
354084.917306 4026366.990262 1621857675.646757
354094.680133 4026374.864452 1621857676.346879
354113.660143 4026389.961505 1621857677.69964
354127.908075 4026400.847574 1621857678.699294
354132.929964 4026404.582163 1621857679.047142
354157.73739 4026421.898091 1621857680.746361
354152.580386 4026418.445821 1621857680.396762
354177.67008 4026434.853972 1621857682.09709
354192.311128 4026444.235486 1621857683.097114
354201.761353 4026450.246024 1621857683.746982
354225.623325 4026465.545654 1621857685.396878
354221.286261 4026462.755942 1621857685.09705
354240.093069 4026474.834976 1621857686.397007
354269.054281 4026493.421926 1621857688.397001
354289.122212 4026506.259669 1621857689.796863
354304.474917 4026516.156143 1621857690.897258
354308.607417 4026518.851425 1621857691.209226
354313.50647 4026522.01227 1621857691.546952
354341.716201 4026540.416081 1621857693.596941
354350.555628 4026546.120388 1621857694.248088
354365.155976 4026555.573872 1621857695.34663
354378.158675 4026563.992944 1621857696.345798
354374.293809 4026561.489957 1621857696.046845
354408.4977 4026583.630313 1621857698.745854
354404.108948 4026580.808451 1621857698.396999
354434.218123 4026600.143317 1621857700.846988
354442.491382 4026605.440165 1621857701.546832
354457.465382 4026615.044927 1621857702.846886
354465.326621 4026620.091542 1621857703.546821
354476.307217 4026627.151668 1621857704.546038
354483.29285 4026631.656796 1621857705.206682
354497.423266 4026640.831441 1621857706.547335
354494.332736 4026638.813702 1621857706.246875
354520.784687 4026656.057264 1621857708.897203
354524.136697 4026658.240479 1621857709.24701
354548.649751 4026673.961669 1621857711.897345
354551.738305 4026675.903189 1621857712.247053
354560.374811 4026681.256427 1621857713.247129
354576.17359 4026691.304086 1621857715.247013
354585.535759 4026697.168688 1621857716.896559
354583.871179 4026696.139789 1621857716.54574
354593.174697 4026701.699195 1621857719.897117
354593.342288 4026701.808878 1621857720.896289
354593.333509 4026701.811383 1621857721.246857
354593.310752 4026701.8232 1621857722.596828
354593.2917 4026701.827513 1621857723.29715
354593.259998 4026701.831719 1621857724.698759
354593.249097 4026701.833357 1621857725.346203
354593.244857 4026701.833723 1621857725.69835
354593.230869 4026701.835376 1621857727.097074
354593.238728 4026701.828547 1621857727.396696
354593.271167 4026701.805834 1621857728.097136
354593.270405 4026701.802481 1621857729.846645
354593.267851 4026701.800965 1621857731.206174
354593.269846 4026701.798118 1621857733.547037
354593.271985 4026701.797004 1621857735.546716
354593.269918 4026701.797235 1621857735.946768
354593.269568 4026701.794905 1621857737.946676
354593.26719 4026701.79263 1621857738.646428
354593.265059 4026701.790326 1621857739.297
354593.259609 4026701.788346 1621857739.996952
354593.257864 4026701.787572 1621857740.397339
354593.252621 4026701.78584 1621857742.397139
354593.253583 4026701.785329 1621857743.446564
354593.248935 4026701.783894 1621857744.446609
354593.248738 4026701.78398 1621857744.745727
354593.247683 4026701.783984 1621857745.446615
354593.246394 4026701.78374 1621857746.146945
354593.242959 4026701.78691 1621857748.896728
354593.242743 4026701.788192 1621857749.596985
354593.242409 4026701.78841 1621857750.897492
354593.244463 4026701.788597 1621857751.897054
354593.2441 4026701.788959 1621857752.596713
354593.242591 4026701.788613 1621857753.596792
354593.242917 4026701.788471 1621857754.59692
354593.24344 4026701.787073 1621857754.246586
354593.235393 4026701.789334 1621857757.996746
354593.235792 4026701.789217 1621857758.346877
354593.235485 4026701.789968 1621857758.646804
354593.239654 4026701.792735 1621857760.046708
354593.239449 4026701.792879 1621857760.396881
354593.237007 4026701.791547 1621857762.446749
354593.236924 4026701.791181 1621857762.796596
354593.236243 4026701.790608 1621857763.147054
354593.239611 4026701.790807 1621857764.846717
354593.241505 4026701.787176 1621857771.546643
354593.241369 4026701.787654 1621857772.945861
354593.241049 4026701.787971 1621857773.59672
354593.240239 4026701.787861 1621857773.247302
354593.243916 4026701.788556 1621857775.596859
354593.246182 4026701.789635 1621857776.297069
354593.243441 4026701.789149 1621857777.297146
354593.245391 4026701.790318 1621857778.646646
354593.244799 4026701.791561 1621857779.346829
354593.246513 4026701.791417 1621857779.996683
354593.245125 4026701.790904 1621857781.746712
354593.245644 4026701.790651 1621857782.046555
354593.245386 4026701.790712 1621857783.796724
354593.244146 4026701.790688 1621857783.446605
354593.244781 4026701.790707 1621857785.846726
354593.245292 4026701.791468 1621857786.546735
354593.244381 4026701.793771 1621857787.246183
354593.24555 4026701.792634 1621857788.596969
354593.245389 4026701.791281 1621857789.946697
354593.24575 4026701.792977 1621857789.297305
354593.245782 4026701.793388 1621857791.946673
354593.245475 4026701.793697 1621857792.946724
354593.246833 4026701.793962 1621857792.297161
354593.244386 4026701.79308 1621857794.646754
354593.245595 4026701.793146 1621857794.297456
354593.240231 4026701.78983 1621857796.94665
354593.243172 4026701.792334 1621857796.29751
354593.241473 4026701.791396 1621857798.646527
354593.242384 4026701.792241 1621857799.946743
354593.241189 4026701.791056 1621857800.646637
354593.239694 4026701.790374 1621857800.996736
354593.241561 4026701.789914 1621857802.345888
354593.238692 4026701.787761 1621857803.046724
354593.240112 4026701.788372 1621857803.746642
354593.240653 4026701.788124 1621857804.746654
354593.24096 4026701.788319 1621857805.796942
354593.240989 4026701.789899 1621857807.596963
354593.241952 4026701.788658 1621857808.94672
354593.241377 4026701.788986 1621857808.646778
354593.242614 4026701.789425 1621857810.345773
354593.242099 4026701.789343 1621857810.698505
354593.241534 4026701.790198 1621857811.99696
354593.241326 4026701.788375 1621857812.997005
354593.241672 4026701.79103 1621857814.396595
354593.241236 4026701.790091 1621857815.396836
354593.241056 4026701.790009 1621857815.09726
354593.241764 4026701.791012 1621857816.097095
354593.242105 4026701.78756 1621857818.446663
354593.450345 4026701.912086 1621857819.796814
354594.116015 4026702.30435 1621857820.795978
354594.413132 4026702.479546 1621857821.096908
354598.606353 4026704.875714 1621857822.846647
354599.990278 4026705.653665 1621857823.206704
354606.62423 4026709.27531 1621857824.546877
354610.405491 4026711.104031 1621857825.205825
354619.822242 4026714.624911 1621857826.595909
354628.25384 4026716.618376 1621857827.646788
354633.907243 4026717.412846 1621857828.296788
354643.57032 4026717.821326 1621857829.346638
354646.902703 4026717.749789 1621857829.698372
354656.708836 4026717.152228 1621857830.698171
354677.894984 4026714.433521 1621857832.698531
354681.808732 4026713.750641 1621857833.046752
354696.741958 4026710.8988 1621857834.3467
354693.288631 4026711.579182 1621857834.046612
354721.212483 4026705.907799 1621857836.446504
354728.926064 4026704.256265 1621857837.097219
354733.100416 4026703.355102 1621857837.446767
354742.074182 4026701.418058 1621857838.205814
354774.728449 4026694.361402 1621857840.896924
354770.462492 4026695.266736 1621857840.546595
354796.129259 4026689.900901 1621857842.646706
354808.865307 4026687.212039 1621857843.69843
354817.24523 4026685.50823 1621857844.395907
354832.573482 4026682.405512 1621857845.698686
354844.970004 4026680.059732 1621857846.746551
354836.688389 4026681.612851 1621857846.046597
354868.817857 4026676.079268 1621857848.746503
354888.678318 4026673.670086 1621857850.447064
354900.125641 4026672.651795 1621857851.447207
354914.745924 4026671.570026 1621857852.746651
354911.394844 4026671.782942 1621857852.447587
354919.194462 4026671.307435 1621857853.146551
354937.633051 4026670.428747 1621857854.846976
354941.287581 4026670.291406 1621857855.209884
354964.831601 4026669.495648 1621857857.596589
354967.888093 4026669.34857 1621857857.946803
354978.829868 4026668.861537 1621857859.34683
354987.11606 4026668.672162 1621857860.699261
354988.78913 4026668.631905 1621857861.046647
354994.261303 4026668.402411 1621857862.746829
354995.271656 4026668.34089 1621857863.396778
354996.058308 4026668.315682 1621857864.746871
354995.831437 4026668.3255 1621857864.046943
354996.180075 4026668.34702 1621857866.046252
354997.948867 4026668.454905 1621857867.745915
355000.050469 4026668.433103 1621857868.745931
354998.457138 4026668.453442 1621857868.04667
355014.781905 4026668.073698 1621857872.097043
355023.976497 4026667.820634 1621857873.446577
355026.658571 4026667.765959 1621857873.79668
355038.133479 4026667.594599 1621857875.146865
355053.979651 4026667.336376 1621857876.796704
355050.492731 4026667.399596 1621857876.446605
355068.223846 4026667.116378 1621857878.146743
355079.671175 4026666.898338 1621857879.145701
355083.84332 4026666.832421 1621857879.496953
355171.615091 4026664.6086 1621857886.206069
355241.388266 4026663.303932 1621857890.846474
355246.96407 4026663.256766 1621857891.206044
355299.275842 4026663.327316 1621857894.545872
355319.948874 4026663.133736 1621857895.897177
355335.265912 4026662.959671 1621857896.896556
355339.845488 4026662.906137 1621857897.20739
355361.007637 4026662.571089 1621857898.59663
355376.945973 4026662.173466 1621857899.646434
355393.156571 4026661.528759 1621857900.698159
355398.627196 4026661.255997 1621857901.046787
355419.950439 4026660.119917 1621857902.396716
355443.102035 4026659.229677 1621857903.846464
355460.068905 4026658.819627 1621857904.89701
355454.381638 4026658.935292 1621857904.546715
355477.239446 4026658.574168 1621857905.945634
355505.799716 4026658.579267 1621857907.698207
355511.493682 4026658.59684 1621857908.046829
355555.408105 4026658.765166 1621857910.746937
355571.657396 4026658.873672 1621857911.746736
355565.957111 4026658.836642 1621857911.395717
355593.870575 4026659.096349 1621857913.097004
355611.393735 4026659.367811 1621857914.145808
355639.501421 4026659.945667 1621857915.796765
355645.560152 4026660.086972 1621857916.145997
355669.028369 4026660.434097 1621857917.496962
355662.929628 4026660.360671 1621857917.146105
355680.385452 4026660.554276 1621857918.146812
355715.32189 4026660.966116 1621857920.14682
355738.508532 4026661.227208 1621857921.497115
355761.125865 4026661.455156 1621857922.846608
355766.886089 4026661.516616 1621857923.204108
355772.624527 4026661.583001 1621857923.547194
355794.366274 4026661.924984 1621857924.896546
355821.477947 4026662.711309 1621857926.646638
355831.411439 4026662.991917 1621857927.346681
355840.492947 4026663.28808 1621857928.046426
355858.554144 4026664.074494 1621857929.74685
355864.378789 4026664.247937 1621857930.446528
355872.913681 4026663.354618 1621857931.746766
355877.658994 4026660.649688 1621857932.746732
355880.029554 4026657.667006 1621857933.44655
355882.835145 4026649.83621 1621857934.799166
355883.31919 4026642.35211 1621857935.796745
355883.312483 4026639.359748 1621857936.145727
355882.379244 4026609.363255 1621857938.796908
355881.90891 4026600.681395 1621857939.446644
355880.974257 4026586.720411 1621857940.446424
355878.803277 4026546.1091 1621857943.146579
355878.597258 4026540.608682 1621857943.49654
355877.734842 4026512.53821 1621857945.24658
355877.608698 4026506.840105 1621857945.596741
355876.78716 4026473.216633 1621857947.646533
355876.663993 4026467.446963 1621857947.996677
355876.145682 4026439.236087 1621857949.698442
355875.99893 4026432.542714 1621857950.096487
355875.44176 4026410.549002 1621857951.39563
355875.008456 4026386.555297 1621857952.7957
355875.099906 4026392.574781 1621857952.446642
355874.510335 4026356.379386 1621857954.54527
355874.159638 4026339.101957 1621857955.546268
355873.661637 4026315.972939 1621857956.898926
355873.522523 4026310.043918 1621857957.246359
355873.381945 4026304.124673 1621857957.595265
355872.70618 4026274.352513 1621857959.346888
355871.862028 4026233.782142 1621857961.698324
355871.752415 4026227.62744 1621857962.046487
355871.043777 4026196.403371 1621857963.796593
355871.189818 4026202.687375 1621857963.447044
355870.231394 4026171.022161 1621857965.208427
355869.960294 4026164.622979 1621857965.546832
355869.156945 4026145.337725 1621857966.596712
355867.324808 4026107.138096 1621857968.647447
355866.967857 4026100.54561 1621857968.996753
355866.603279 4026093.940709 1621857969.346508
355864.512566 4026055.962103 1621857971.346372
355863.391302 4026035.895811 1621857972.396597
355862.604867 4026022.514306 1621857973.096717
355860.7117 4025989.930616 1621857974.796701
355860.304891 4025983.230809 1621857975.146421
355855.822387 4025912.345366 1621857978.846544
355856.142221 4025918.066408 1621857978.546346
355855.496187 4025905.696184 1621857979.207531
355854.452881 4025886.308129 1621857980.208501
355853.861187 4025867.293193 1621857981.207552
355854.269762 4025840.546186 1621857982.596622
355856.266288 4025807.174649 1621857984.346373
355856.803496 4025800.576111 1621857984.698434
355858.001805 4025787.497241 1621857985.39651
355866.94812 4025710.788087 1621857989.747079
355868.249534 4025699.568282 1621857990.446709
355869.457482 4025689.660649 1621857991.0968
355872.132859 4025667.481981 1621857992.746729
355871.698443 4025671.136587 1621857992.446754
355872.550138 4025663.438868 1621857993.097193
355870.95835 4025644.144802 1621857995.146548
355847.090168 4025626.270599 1621857998.796449
355850.229021 4025626.720622 1621857998.44665
355826.044163 4025625.861998 1621858000.796645
355813.721255 4025626.05427 1621858001.846638
355809.986041 4025626.004008 1621858002.146696
355800.893256 4025625.713856 1621858002.846692
355792.17567 4025625.268044 1621858003.49699
355742.513963 4025623.812942 1621858006.896635
355737.883524 4025623.699335 1621858007.208912
355726.950145 4025623.35845 1621858007.896738
355710.150339 4025622.751153 1621858008.946486
355693.062452 4025622.3034 1621858009.99646
355676.639456 4025622.121619 1621858010.996632
355659.387578 4025622.33736 1621858012.046547
355630.70325 4025622.959767 1621858013.796428
355613.6777 4025623.386961 1621858014.846629
355608.026467 4025623.505772 1621858015.20929
355586.364111 4025623.926058 1621858016.546719
355591.160804 4025623.80052 1621858016.246942
355574.397089 4025624.308355 1621858017.296895
355534.732113 4025625.542458 1621858019.796574
355523.596176 4025625.746227 1621858020.496866
355507.62726 4025625.940349 1621858021.496644
355485.978104 4025626.241638 1621858022.846629
355469.103363 4025626.567724 1621858023.896618
355458.62838 4025626.775912 1621858024.546769
355464.271322 4025626.66544 1621858024.209283
355436.806201 4025627.230263 1621858025.896802
355431.14095 4025627.352078 1621858026.246549
355398.365867 4025628.065691 1621858028.246481
355375.949389 4025628.525723 1621858029.596499
355353.323371 4025628.983919 1621858030.945858
355365.08408 4025628.753457 1621858030.246347
355320.114655 4025629.681659 1621858032.896898
355325.261294 4025629.565893 1621858032.596722
355290.860676 4025630.296228 1621858034.59652
355250.156225 4025631.078324 1621858036.945614
355244.021585 4025631.215423 1621858037.297116
355220.15029 4025631.763482 1621858038.646837
355202.260165 4025632.126855 1621858039.646487
355178.72625 4025632.652699 1621858040.946613
355190.54162 4025632.393895 1621858040.296445
355171.413329 4025632.812602 1621858041.346497
355133.524357 4025633.635227 1621858043.39646
355119.536087 4025633.936767 1621858044.146523
355093.26834 4025634.461903 1621858045.546669
355100.800731 4025634.305701 1621858045.14664
355048.72071 4025635.378906 1621858047.896504
355035.336895 4025635.666224 1621858048.597495
355016.135224 4025636.073429 1621858049.595413
355010.360853 4025636.198337 1621858049.89655
355003.610219 4025636.342257 1621858050.246728
354970.595072 4025636.943117 1621858051.946657
354957.904025 4025637.185714 1621858052.59553
354924.408761 4025637.780584 1621858054.296942
354897.344201 4025638.31558 1621858055.646481
354876.933299 4025638.711727 1621858056.6472
354863.464435 4025638.989248 1621858057.297013
354827.345199 4025639.791571 1621858058.996534
354841.332958 4025639.467368 1621858058.346613
354813.144422 4025640.133162 1621858059.646507
354797.640155 4025640.50605 1621858060.346709
354767.132382 4025641.189541 1621858061.698582
354720.87775 4025641.990772 1621858063.696406
354712.723735 4025642.137619 1621858064.045909
354689.359861 4025642.565458 1621858065.045708
354657.703179 4025643.140658 1621858066.395283
354624.996304 4025643.809397 1621858067.794876
354600.834836 4025644.347977 1621858068.846054
354577.199285 4025644.903593 1621858069.895958
354554.039549 4025645.433294 1621858070.946228
354547.532607 4025645.566366 1621858071.245842
354539.998805 4025645.727286 1621858071.596072
354525.15933 4025646.015361 1621858072.296093
354503.445442 4025646.424166 1621858073.3458
354483.49086 4025646.817691 1621858074.346081
354365.495264 4025649.434373 1621858080.698421
354328.21807 4025649.986235 1621858082.747978
354321.896029 4025650.086337 1621858083.09705
354304.694042 4025650.396968 1621858084.046534
354285.65248 4025650.736746 1621858085.096333
354255.520538 4025651.288164 1621858086.747091
354237.483016 4025651.628079 1621858087.747552
354231.212427 4025651.760913 1621858088.097051
354206.98054 4025652.642111 1621858089.446651
354195.435954 4025653.304262 1621858090.097217
354165.825227 4025655.200476 1621858091.796364
354153.88413 4025655.874964 1621858092.49661
354130.214583 4025657.017702 1621858093.896259
354119.250108 4025657.399432 1621858094.546803
354095.587588 4025658.006402 1621858095.946654
354106.573518 4025657.753905 1621858095.296454
354089.672108 4025658.123071 1621858096.296823
354071.950543 4025658.50593 1621858097.346549
354049.101962 4025658.977224 1621858098.697771
354031.451658 4025659.406164 1621858099.747059
353997.244814 4025660.460854 1621858101.796324
353980.655718 4025661.222253 1621858102.7966
353965.144465 4025661.887658 1621858103.746979
353953.820809 4025662.544264 1621858104.446529
353959.465539 4025662.210284 1621858104.096279
353916.798046 4025664.488152 1621858106.796466
353927.652313 4025663.994792 1621858106.096324
353891.92987 4025665.324857 1621858108.44641
353878.178939 4025665.817844 1621858109.446479
353873.752251 4025666.004723 1621858109.795963
353859.095612 4025666.818832 1621858111.096888
353852.347943 4025667.292731 1621858111.796604
353841.872981 4025668.347274 1621858113.096774
353839.584728 4025668.659254 1621858113.446685
353829.729424 4025670.221042 1621858118.146603
353829.736749 4025670.214267 1621858119.496448
353829.743251 4025670.227192 1621858121.496448
353829.763643 4025670.224072 1621858124.846501
353829.763654 4025670.224134 1621858126.146886
353829.765323 4025670.221773 1621858127.54641
353829.76318 4025670.222681 1621858128.206102
353829.765703 4025670.219914 1621858129.89647
353829.763665 4025670.218163 1621858130.946583
353829.762796 4025670.217035 1621858131.946552
353829.762862 4025670.216627 1621858132.596658
353829.761956 4025670.216986 1621858133.246836
353829.762435 4025670.216111 1621858133.596482
353829.762367 4025670.215728 1621858134.595512
353829.761185 4025670.212336 1621858135.646323
353829.758552 4025670.204605 1621858136.646406
353829.753883 4025670.192157 1621858138.746611
353829.753043 4025670.187891 1621858139.796546
353829.754228 4025670.185121 1621858140.795477
353829.754991 4025670.18283 1621858141.848419
353829.753812 4025670.182016 1621858142.206685
353829.754773 4025670.181689 1621858142.896256
353829.758666 4025670.176374 1621858144.596459
353829.763534 4025670.174877 1621858145.296235
353829.760789 4025670.173942 1621858145.996372
353829.762578 4025670.173042 1621858146.646553
353829.769098 4025670.167659 1621858148.395485
353829.769015 4025670.167492 1621858148.697452
353829.768768 4025670.166972 1621858149.04659
353829.767914 4025670.164908 1621858151.496718
353829.770401 4025670.16487 1621858152.146529
353829.766087 4025670.164155 1621858153.205756
353829.766071 4025670.164047 1621858153.496358
353829.766314 4025670.163436 1621858155.946807
353829.766278 4025670.163751 1621858155.246642
353829.764174 4025670.162645 1621858157.995277
353829.764434 4025670.162106 1621858158.346545
353829.768198 4025670.161237 1621858158.996424
353829.767644 4025670.157092 1621858160.096541
353829.767405 4025670.157864 1621858161.096594
353829.704869 4025670.167339 1621858162.795616
353829.399464 4025670.219628 1621858163.496357
353827.573772 4025670.547043 1621858164.896395
353826.867929 4025670.674464 1621858165.205226
353825.062324 4025671.016166 1621858165.896918
353817.604029 4025672.714099 1621858167.94667
353815.904204 4025673.154692 1621858168.296702
353812.480742 4025674.116562 1621858168.946619
353802.345818 4025677.526405 1621858170.646262
353800.110215 4025678.387435 1621858170.996632
353795.502006 4025680.205965 1621858171.697626
353790.605747 4025682.185829 1621858172.395547
353772.431859 4025690.351803 1621858174.796556
353767.244657 4025692.95855 1621858175.446502
353761.141376 4025696.243796 1621858176.206444
353747.23303 4025704.785693 1621858177.89637
353752.99109 4025701.083609 1621858177.205728
353730.238581 4025717.060707 1621858179.946674
353727.371547 4025719.513486 1621858180.29655
353724.924324 4025721.72497 1621858180.595597
353719.216141 4025727.219194 1621858181.296957
353710.671634 4025736.234156 1621858182.346494
353691.413239 4025758.506235 1621858184.747268
353688.637887 4025761.888912 1621858185.096708
353685.860129 4025765.295947 1621858185.446223
353631.952912 4025832.792756 1621858192.146544
353618.118263 4025850.156348 1621858193.896902
353609.99885 4025860.381855 1621858194.946603
353607.307973 4025863.753395 1621858195.29638
353599.284973 4025873.784708 1621858196.346904
353593.984916 4025880.418108 1621858197.046488
353591.722855 4025883.254679 1621858197.346895
353558.887457 4025931.867427 1621858203.096847
353558.694544 4025934.675221 1621858203.446636
353566.501792 4025952.817808 1621858205.846412
353568.468323 4025954.909015 1621858206.146399
353571.314725 4025957.637523 1621858206.546567
353608.178751 4025987.574602 1621858210.896279
353617.211444 4025994.693123 1621858211.896058
353626.298804 4026001.904327 1621858212.896485
353623.566598 4025999.732412 1621858212.59659
353644.529258 4026016.423584 1621858214.896313
353650.879122 4026021.505883 1621858215.595288
353659.910563 4026028.75442 1621858216.595507
353672.50708 4026038.767838 1621858217.996317
353678.242466 4026043.314508 1621858218.646401
353675.166715 4026040.870465 1621858218.296879
353683.969878 4026047.833001 1621858219.296576
353702.432099 4026062.327917 1621858221.395436
353705.069391 4026064.390577 1621858221.697661
353711.666041 4026069.553736 1621858222.446418
353720.446832 4026076.448979 1621858223.446447
353738.066719 4026090.457744 1621858225.496556
353746.620665 4026097.256978 1621858226.54668
353766.731145 4026113.316965 1621858229.20829
353793.253474 4026134.289553 1621858233.548432
353806.032148 4026144.479695 1621858235.946744
353803.872894 4026142.734911 1621858235.596379
353818.168168 4026154.287589 1621858237.596481
353827.185811 4026161.498644 1621858238.646529
353836.554899 4026168.92754 1621858239.646242
353846.443653 4026176.81174 1621858240.645911
353853.614566 4026182.526884 1621858241.346765
353860.432902 4026187.983911 1621858241.996454
353879.446219 4026203.06176 1621858243.698509
353882.970112 4026205.830515 1621858243.996429
353895.623163 4026215.894382 1621858245.046613
353912.446379 4026229.403921 1621858246.396798
353925.192056 4026239.711284 1621858247.39628
353938.098329 4026250.158975 1621858248.396301
353933.557277 4026246.487319 1621858248.046344
353947.305349 4026257.506677 1621858249.096374
353978.558038 4026282.186565 1621858251.396707
353992.491976 4026293.207025 1621858252.396533
354011.644016 4026308.313551 1621858253.746442
354020.931231 4026315.732697 1621858254.396489
354040.314144 4026331.40353 1621858255.746457
354065.041478 4026351.414694 1621858257.44644
354075.323895 4026359.671788 1621858258.146556
354096.057009 4026376.089373 1621858259.546646
354115.435162 4026391.278314 1621858260.846678
354120.666329 4026395.336505 1621858261.20927
354135.84392 4026406.637281 1621858262.209605
354151.435596 4026417.438976 1621858263.208834
354172.8376 4026431.428645 1621858264.546216
354194.276879 4026445.220778 1621858265.896673
354210.813813 4026455.924969 1621858266.946692
354226.526833 4026466.05994 1621858267.946732
354215.528549 4026458.962399 1621858267.247459
354247.730135 4026479.668786 1621858269.296317
354268.626528 4026493.210309 1621858270.646628
354284.211941 4026503.260081 1621858271.646214
354299.683554 4026513.273127 1621858272.646171
354310.48197 4026520.276008 1621858273.346865
354320.604531 4026526.769326 1621858273.996591
354341.325909 4026540.133067 1621858275.347104
354362.576715 4026553.875275 1621858276.746451
354372.350988 4026560.187673 1621858277.39628
354367.845334 4026557.273474 1621858277.096288
354398.45171 4026577.100484 1621858279.146554
354418.405252 4026589.985856 1621858280.496556
354438.888899 4026603.16773 1621858281.8969
354443.25515 4026605.977564 1621858282.209181
354463.363433 4026618.915326 1621858283.596377
354473.209329 4026625.244421 1621858284.296263
354491.769609 4026637.262262 1621858285.646608
354505.941692 4026646.206504 1621858286.698269
354514.687795 4026651.386742 1621858287.34682
354524.115068 4026656.715482 1621858288.046579
354533.389839 4026661.912307 1621858288.746813
354537.937157 4026664.543298 1621858289.096796
354555.817382 4026675.240358 1621858290.49665
354563.911154 4026680.042228 1621858291.146825
354592.721549 4026696.563473 1621858293.646392
354599.051539 4026699.981862 1621858294.346982
354606.938393 4026703.407312 1621858295.396424
354604.445008 4026702.464134 1621858295.04637
354624.764486 4026529.85548 1621858312.746686
354624.626283 4026524.645691 1621858313.096746
354624.490164 4026519.435641 1621858313.446569
354623.906398 4026498.610448 1621858314.846406
354623.376304 4026479.655815 1621858316.146757
354623.220085 4026473.935325 1621858316.546473
354621.634876 4026418.87562 1621858320.547157
354620.91792 4026400.827855 1621858321.89678
354621.117347 4026405.451968 1621858321.546754
354620.189343 4026383.452035 1621858323.246095
354620.038975 4026379.239395 1621858323.596239
354619.398557 4026360.853034 1621858325.346464
354619.116218 4026352.55392 1621858326.395185
354618.946436 4026348.449124 1621858327.046267
354617.547441 4026340.99531 1621858328.446101
354583.137666 4026328.184575 1621858333.796504
354572.940953 4026325.799 1621858334.796293
354569.206046 4026324.831329 1621858335.146819
354565.922827 4026323.954362 1621858335.446317
354558.058509 4026321.704077 1621858336.14659
354541.548052 4026316.57357 1621858337.546232
354533.389976 4026313.990527 1621858338.207007
354496.470098 4026302.317505 1621858340.946902
354491.551654 4026300.794974 1621858341.296273
354472.857024 4026295.01671 1621858342.595222
354462.588436 4026291.79593 1621858343.296541
354447.731807 4026287.034982 1621858344.296249
354443.24001 4026285.584713 1621858344.596456
354412.142224 4026275.304951 1621858346.646135
354396.926953 4026269.737954 1621858347.646088
354387.119924 4026265.736284 1621858348.296826
354366.796139 4026256.695813 1621858349.646615
354361.492059 4026254.248977 1621858349.996134
354346.202039 4026247.09925 1621858350.996265
354330.857639 4026239.70103 1621858351.995311
354304.963452 4026226.706155 1621858353.698107
354299.66222 4026223.951698 1621858354.045927
354295.169446 4026221.557231 1621858354.346589
354260.030735 4026201.472684 1621858356.746446
354245.787943 4026192.80219 1621858357.746696
354236.619125 4026187.138949 1621858358.396087
354217.803825 4026175.419003 1621858359.746421
354203.879274 4026166.704462 1621858360.746172
354194.202297 4026160.508669 1621858361.446074
354185.285532 4026154.667855 1621858362.096537
354163.452065 4026139.544792 1621858363.746364
354150.869998 4026130.149912 1621858364.746465
354142.351213 4026123.481629 1621858365.446228
354127.148069 4026110.99285 1621858366.746359
354130.585571 4026113.892014 1621858366.446213
354109.170793 4026094.965927 1621858368.445289
354097.78106 4026083.954378 1621858369.746635
354094.99716 4026081.22141 1621858370.096203
354085.540622 4026071.799737 1621858371.446177
354078.344136 4026064.428547 1621858372.746426
354073.565061 4026059.530313 1621858373.846062
354070.193671 4026056.099346 1621858374.845489
354069.240916 4026055.132887 1621858375.19944
354066.520098 4026052.339355 1621858376.896307
354066.292075 4026052.10337 1621858377.202849
354066.10041 4026051.938956 1621858377.546425
354065.918001 4026051.755346 1621858378.996256
354065.941604 4026051.72045 1621858380.697587
354065.92749 4026051.705309 1621858381.346726
354065.896043 4026051.690772 1621858382.39613
354065.884053 4026051.690189 1621858383.096128
354065.886445 4026051.698104 1621858384.096087
354065.871969 4026051.67584 1621858384.797954
354065.861714 4026051.6599 1621858385.496374
354065.862945 4026051.662042 1621858386.202155
354064.202422 4026049.969637 1621858389.846153
354063.625343 4026049.358696 1621858390.546678
354063.156896 4026048.855798 1621858391.200868
354061.610174 4026047.282355 1621858392.546761
354060.941637 4026046.575639 1621858392.896263
354059.200071 4026044.779837 1621858393.595882
354052.101399 4026037.406803 1621858395.697953
354049.219044 4026034.412717 1621858396.346529
354042.404588 4026027.474939 1621858397.697681
354043.993241 4026029.105765 1621858397.39602
354034.338381 4026019.26458 1621858399.096216
354025.371098 4026010.129046 1621858400.496564
354016.099514 4026000.597478 1621858401.846033
354018.558025 4026003.125444 1621858401.496552
354013.616385 4025998.025935 1621858402.208562
354001.022329 4025984.818096 1621858403.896619
353998.30065 4025981.964422 1621858404.24639
353984.523399 4025967.584389 1621858405.946696
353972.956194 4025955.541084 1621858407.296411
353969.833389 4025952.307378 1621858407.64606
353950.965647 4025932.378875 1621858409.698217
353940.268842 4025921.165067 1621858410.796247
353930.254887 4025910.792327 1621858411.796393
353927.193482 4025907.657022 1621858412.096285
353919.960858 4025900.311409 1621858412.795434
353906.48584 4025886.369446 1621858414.096453
353892.609398 4025871.909337 1621858415.446178
353882.475481 4025861.545413 1621858416.446568
353878.95556 4025857.970257 1621858416.796326
353859.124577 4025838.184884 1621858418.79648
353849.416083 4025828.833001 1621858419.796136
353846.039323 4025825.64951 1621858420.146778
353843.148961 4025823.067187 1621858420.446064
353796.925494 4025781.597457 1621858424.847443
353793.300908 4025778.272895 1621858425.207658
353783.181105 4025768.774631 1621858426.208792
353776.306644 4025762.205809 1621858426.896066
353766.772198 4025753.144325 1621858427.896657
353755.286548 4025742.434132 1621858429.246221
353742.962918 4025733.128804 1621858430.946586
353745.448183 4025734.599177 1621858430.596227
353730.731114 4025729.733647 1621858432.596026
353725.588042 4025729.871796 1621858433.246176
353722.728732 4025730.419787 1621858433.596263
353630.077714 4025835.058403 1621858445.697816
353632.944428 4025831.357017 1621858445.346504
353618.773226 4025849.1975 1621858447.045982
353588.730907 4025886.518648 1621858450.698308
353585.934269 4025890.058718 1621858451.046174
353570.745855 4025909.317804 1621858453.046254
353564.714886 4025917.546407 1621858454.045985
353559.095999 4025929.317222 1621858455.74641
353559.778728 4025926.971999 1621858455.395948
353559.672013 4025940.431139 1621858457.44617
353560.46869 4025942.247401 1621858457.746526
353570.537627 4025953.467873 1621858459.746617
353575.350517 4025957.529178 1621858460.446007
353580.246126 4025961.59206 1621858461.096249
353585.519459 4025965.963085 1621858461.747037
353603.389472 4025980.822221 1621858463.796379
353597.23144 4025975.760234 1621858463.09654
353620.056015 4025994.308092 1621858465.746526
353622.911289 4025996.693267 1621858466.096051
353634.509206 4026006.757978 1621858467.496234
353645.999599 4026016.796013 1621858468.796141
353652.318082 4026022.190134 1621858469.49608
353664.337103 4026032.153433 1621858470.846329
353670.455071 4026037.114622 1621858471.546564
353676.585552 4026042.103794 1621858472.246227
