988359.643276 1818630.68552 1621824615.86444
988361.665072 1818632.387011 1621824616.164627
988373.629599 1818642.233265 1621824617.864534
988371.102868 1818640.164108 1621824617.515787
988386.218816 1818652.487403 1621824619.51529
988383.473633 1818650.259869 1621824619.164528
988399.686821 1818663.453699 1621824621.164549
988411.37072 1818672.967799 1621824622.515822
988423.455323 1818682.846233 1621824623.866304
988426.194828 1818685.068201 1621824624.165394
988432.627668 1818690.337601 1621824624.864312
988435.868702 1818693.001085 1621824625.214676
988448.938875 1818703.723673 1621824626.614692
988479.28072 1818728.691395 1621824629.915027
988482.326806 1818731.198226 1621824630.264632
988491.663592 1818738.844825 1621824631.364429
988500.053388 1818745.723936 1621824632.364518
988511.377779 1818755.672203 1621824633.714943
988517.118433 1818760.809978 1621824634.36465
988513.997434 1818758.016121 1621824634.026204
988550.536565 1818790.361045 1621824637.764373
988557.487534 1818796.297725 1621824638.415553
988553.719582 1818793.082107 1621824638.064461
988577.003539 1818812.486838 1621824640.114893
988598.931614 1818830.767593 1621824641.864773
988603.529183 1818834.508748 1621824642.214599
988612.86244 1818842.123474 1621824642.913918
988632.872881 1818858.433317 1621824644.3637
988647.970273 1818870.628231 1621824645.41469
988653.097834 1818874.787539 1621824645.763467
988683.521866 1818900.005175 1621824647.815414
988698.53652 1818912.580775 1621824648.814633
988693.256918 1818908.179093 1621824648.464953
988709.177527 1818921.355809 1621824649.516561
988746.193603 1818951.719078 1621824651.915043
988757.098361 1818960.701433 1621824652.614367
988751.640729 1818956.207613 1621824652.264463
988784.510888 1818983.305542 1621824654.364319
988784.510888 1818983.305542 1621824654.364319
988837.408543 1819027.012976 1621824657.71571
988848.492121 1819036.11865 1621824658.413725
988865.227533 1819049.610283 1621824659.464659
988887.043845 1819066.442037 1621824660.814476
988903.572675 1819078.271151 1621824661.814346
988920.346351 1819089.696038 1621824662.814517
988932.080004 1819097.639704 1621824663.515698
988942.965466 1819104.955721 1621824664.164526
988987.955474 1819134.994447 1621824666.864568
989003.63547 1819145.44983 1621824667.814513
989020.051079 1819156.356793 1621824668.814398
989031.487824 1819163.942032 1621824669.515593
989036.363658 1819167.185495 1621824669.814503
989054.2111 1819178.993053 1621824670.914791
989080.722733 1819196.619464 1621824672.563476
989086.299248 1819200.358231 1621824672.914915
989118.382327 1819221.762888 1621824674.965255
989129.011491 1819228.875301 1621824675.664678
989139.508041 1819235.912661 1621824676.364441
989155.150968 1819246.399846 1621824677.41474
989164.744709 1819252.853912 1621824678.064425
989169.870949 1819256.292801 1621824678.414516
989189.306693 1819269.30218 1621824679.763333
989208.201522 1819281.811462 1621824681.114948
989230.435863 1819296.47732 1621824682.7647
989243.60544 1819305.127026 1621824683.814938
989239.317922 1819302.307281 1621824683.464528
989255.842432 1819313.1644 1621824684.864366
989276.278773 1819326.713677 1621824686.864658
989285.066664 1819332.521426 1621824687.864385
989292.654421 1819337.520417 1621824688.865572
989295.02412 1819339.087561 1621824689.214591
989300.972257 1819343.00977 1621824690.214454
989308.75009 1819348.202279 1621824691.914803
989305.864958 1819346.246706 1621824691.214399
989309.852418 1819348.963912 1621824692.214789
989314.384598 1819352.082775 1621824693.914566
989315.809445 1819353.069666 1621824695.264549
989315.952808 1819353.18607 1621824696.914871
989315.957171 1819353.181727 1621824696.264492
989315.955986 1819353.17648 1621824698.965455
989315.950436 1819353.181212 1621824699.314682
989315.922846 1819353.200352 1621824700.414392
989315.903609 1819353.210547 1621824701.464326
989315.882322 1819353.233029 1621824702.86443
989315.853623 1819353.266013 1621824703.515917
989315.82798 1819353.297492 1621824704.865336
989315.825777 1819353.299682 1621824705.564655
989315.817635 1819353.30206 1621824707.914648
989315.813999 1819353.305926 1621824708.564191
989315.80685 1819353.312845 1621824709.563755
989315.802472 1819353.323908 1621824710.914618
989315.80054 1819353.325521 1621824711.214579
989315.796564 1819353.326552 1621824711.614524
989315.769382 1819353.347391 1621824715.664297
989315.765799 1819353.349006 1621824716.314591
989315.763588 1819353.353769 1621824717.664375
989315.76414 1819353.352843 1621824717.315052
989315.76207 1819353.357863 1621824718.963182
989315.759596 1819353.360855 1621824720.664496
989315.759677 1819353.361393 1621824720.964555
989315.758197 1819353.360141 1621824722.314597
989315.758683 1819353.364868 1621824723.963466
989315.758272 1819353.364992 1621824724.31472
989315.758361 1819353.367048 1621824725.664341
989315.758375 1819353.368972 1621824726.313679
989315.757641 1819353.369883 1621824726.664257
989315.759233 1819353.373971 1621824728.763352
989315.760311 1819353.375152 1621824729.114664
989315.763689 1819353.378712 1621824730.164456
989315.76343 1819353.378193 1621824731.864446
989315.766072 1819353.378437 1621824732.515643
989315.767844 1819353.378511 1621824733.26427
989315.76769 1819353.378406 1621824733.614404
989315.765325 1819353.376789 1621824734.265344
989315.774734 1819353.379195 1621824736.664309
989315.774088 1819353.379313 1621824736.363544
989315.780885 1819353.379325 1621824739.763469
989315.781115 1819353.378931 1621824740.11464
989315.782466 1819353.379749 1621824740.414315
989343.321762 1819371.376591 1621824751.864633
989349.554493 1819375.068235 1621824752.864286
989353.983555 1819377.396333 1621824753.515103
989351.553561 1819376.150397 1621824753.164935
989358.806909 1819379.606078 1621824754.164237
989390.210149 1819387.113359 1621824757.564264
989397.19203 1819387.339672 1621824758.214688
989401.078254 1819387.278482 1621824758.563634
989421.554818 1819384.889651 1621824760.314959
989421.554818 1819384.889651 1621824760.314959
989518.750727 1819365.193917 1621824767.363502
989523.917543 1819364.152612 1621824767.714823
989553.905117 1819357.827566 1621824769.765241
989553.905117 1819357.827566 1621824769.765241
989583.870286 1819351.214761 1621824771.814611
989593.263557 1819349.208297 1621824772.464144
989608.267088 1819346.192513 1621824773.516366
989602.569059 1819347.274663 1621824773.114559
989654.960687 1819340.950303 1621824776.865206
989659.703223 1819340.706 1621824777.215148
989686.233523 1819339.816212 1621824779.21529
989699.757092 1819339.633405 1621824780.264349
989719.141482 1819339.393767 1621824781.963363
989722.551825 1819339.329276 1621824782.314673
989719.63799 1819339.391903 1621824782.026672
989740.244139 1819338.985412 1621824784.6642
989742.077524 1819338.957607 1621824785.025718
989744.925937 1819338.926361 1621824785.664282
989750.425082 1819338.879416 1621824787.714617
989751.175477 1819338.868891 1621824788.363502
989751.645241 1819338.860685 1621824789.364486
989751.639828 1819338.8504 1621824790.025885
989751.640345 1819338.836182 1621824791.025747
989751.63874 1819338.832503 1621824791.363296
989751.636027 1819338.81574 1621824793.114528
989751.73153 1819338.812724 1621824794.114623
989752.595784 1819338.803332 1621824795.414147
989753.856194 1819338.800957 1621824796.464531
989756.434544 1819338.797473 1621824797.46388
989759.260862 1819338.779389 1621824798.114774
989767.291396 1819338.717901 1621824799.46419
989775.214224 1819338.675688 1621824800.515979
989780.506847 1819338.69358 1621824801.164294
989780.090586 1819338.6927 1621824801.114548
989805.534421 1819338.638611 1621824803.864445
989809.135756 1819338.64374 1621824804.213619
989828.922679 1819338.493924 1621824805.963366
989837.078724 1819338.451457 1621824806.613933
989845.58681 1819338.383883 1621824807.264372
989850.24662 1819338.340259 1621824807.61447
989877.982758 1819338.141283 1621824809.614379
989887.24034 1819338.111879 1621824810.264326
989907.445868 1819338.042881 1621824811.664144
989916.975321 1819337.993288 1621824812.314587
989927.333636 1819337.903133 1621824813.026507
989932.53777 1819337.870989 1621824813.364354
989957.273835 1819337.673295 1621824815.026733
989982.53139 1819337.506434 1621824816.713569
989977.346449 1819337.521285 1621824816.363212
989993.759973 1819337.437921 1621824817.465178
990019.158342 1819337.200085 1621824819.118404
990029.273538 1819337.113942 1621824819.763366
990056.875941 1819336.972061 1621824821.516001
990072.828242 1819336.889557 1621824822.515183
990067.231255 1819336.91915 1621824822.163288
990208.399351 1819336.336274 1621824830.914627
990218.650752 1819336.393722 1621824831.564192
990239.583755 1819336.574003 1621824832.914712
990234.205783 1819336.518633 1621824832.563246
990259.992549 1819336.797419 1621824834.264314
990280.585505 1819337.101019 1621824835.664297
990290.039658 1819337.329412 1621824836.314374
990295.206012 1819337.470486 1621824836.664489
990305.741646 1819337.786877 1621824837.363632
990316.569388 1819338.098762 1621824838.065391
990374.80736 1819339.972865 1621824841.714887
990379.558521 1819340.134146 1621824842.024779
990456.486447 1819343.183852 1621824846.763247
990461.279522 1819343.462032 1621824847.064265
990462.076763 1819343.50869 1621824847.113385
990504.710987 1819345.700594 1621824849.864747
990509.223762 1819345.907586 1621824850.164447
990524.796502 1819346.417833 1621824851.214437
990529.179246 1819346.482693 1621824851.515052
990562.431231 1819345.88678 1621824853.963532
990566.532492 1819345.855031 1621824854.314673
990579.979902 1819346.161872 1621824855.61423
990583.128257 1819346.323473 1621824855.965206
990591.1476 1819346.772278 1621824857.024946
990597.085052 1819347.157959 1621824858.025438
990598.79833 1819347.283559 1621824858.363375
990604.389547 1819347.703661 1621824860.864007
990604.364479 1819347.702111 1621824860.814342
990604.579634 1819347.649528 1621824862.91462
990604.592728 1819347.631278 1621824863.614532
990604.58665 1819347.63934 1621824863.264183
990604.604323 1819347.622877 1621824865.315004
990604.612942 1819347.624065 1621824866.313871
990604.612942 1819347.624065 1621824866.313871
990605.351166 1819347.65761 1621824869.66489
990606.465911 1819347.742852 1621824870.714402
990606.837861 1819347.770861 1621824871.024515
990608.231761 1819347.872998 1621824872.363017
990607.967996 1819347.851665 1621824872.025254
990608.609718 1819347.906629 1621824873.364128
990608.785827 1819347.91602 1621824875.763982
990608.7939 1819347.914826 1621824876.515506
990608.783646 1819347.922135 1621824877.913574
990608.78228 1819347.919228 1621824878.264077
990608.784219 1819347.912683 1621824878.61393
990608.79268 1819347.879864 1621824880.964168
990608.796676 1819347.878698 1621824881.964262
990608.797446 1819347.877503 1621824882.313873
990608.811102 1819347.876598 1621824882.963473
990609.933879 1819347.956155 1621824884.714447
990611.170972 1819348.042478 1621824885.363034
990615.904003 1819348.272572 1621824886.714379
990618.837677 1819347.947038 1621824887.414334
990620.092713 1819347.586973 1621824887.714878
990621.715632 1819346.85941 1621824888.114591
990625.452971 1819343.357411 1621824889.114616
990628.167209 1819326.435837 1621824891.563215
990627.917387 1819317.05936 1621824892.563594
990627.777516 1819306.546582 1621824893.563264
990627.659864 1819295.033581 1621824894.563304
990627.643497 1819278.044599 1621824895.914626
990627.603193 1819264.956481 1621824896.914637
990627.574733 1819251.59413 1621824897.914486
990627.545866 1819238.152193 1621824898.914594
990627.559067 1819247.565944 1621824898.214066
990627.414668 1819215.90273 1621824900.56334
990627.332784 1819197.456392 1621824901.914486
990627.276836 1819182.944144 1621824902.963207
990627.252871 1819178.781339 1621824903.264223
990627.164876 1819169.064508 1621824903.96312
990626.984925 1819150.523896 1621824905.314603
990626.880334 1819132.461672 1621824906.664051
990626.817527 1819123.09392 1621824907.36381
990626.719545 1819109.607536 1621824908.364023
990626.531014 1819091.095038 1621824909.714574
990626.576186 1819095.926408 1621824909.364058
990626.459811 1819086.248957 1621824910.064832
990626.311644 1819066.65982 1621824911.463927
990626.241629 1819041.670688 1621824913.214121
990626.182986 1819021.959391 1621824914.563503
990626.051957 1819001.201826 1621824915.963164
990625.906636 1818986.218086 1621824916.964137
990625.825097 1818975.733146 1621824917.66437
990625.771969 1818965.332904 1621824918.364335
990625.789474 1818970.516733 1621824918.025507
990625.705809 1818950.612802 1621824919.363283
990625.576259 1818921.670271 1621824921.364409
990625.611358 1818926.681445 1621824921.025975
990625.510381 1818892.437707 1621824923.364348
990625.433649 1818881.951078 1621824924.064347
990625.089759 1818856.438745 1621824925.714561
990624.646024 1818835.627487 1621824927.024724
990624.083876 1818807.98593 1621824928.715905
990622.977693 1818774.196996 1621824930.76315
990622.338958 1818758.430735 1621824931.714246
990622.107214 1818752.637665 1621824932.064524
990621.672088 1818741.906095 1621824932.714301
990621.442058 1818736.130792 1621824933.06477
990619.8938 1818701.43812 1621824935.165312
990619.653288 1818696.447369 1621824935.463968
990618.811203 1818678.072383 1621824936.564049
990617.176029 1818642.741332 1621824938.664207
990616.473043 1818625.113188 1621824939.714282
990616.034035 1818613.452444 1621824940.414179
990615.836183 1818607.619534 1621824940.763407
990615.655891 1818602.635181 1621824941.064012
990614.902953 1818585.265635 1621824942.114499
990614.204174 1818550.415833 1621824944.213972
990615.468147 1818510.725763 1621824946.565056
990615.893245 1818504.783658 1621824946.914088
990618.744071 1818475.125146 1621824948.664906
990618.643005 1818475.972175 1621824948.614022
990623.076298 1818440.775697 1621824950.715606
990625.174282 1818424.293483 1621824951.71448
990624.452229 1818430.024302 1621824951.363983
990628.15012 1818401.812864 1621824953.114382
990634.362853 1818327.865056 1621824959.814208
990630.382608 1818320.570667 1621824960.814499
990628.473958 1818318.411963 1621824961.163105
990616.822098 1818311.641114 1621824962.814494
990607.894784 1818309.672565 1621824963.914846
990601.410022 1818309.396392 1621824964.614202
990591.407279 1818309.262504 1621824965.614034
990576.538648 1818308.64411 1621824966.963028
990568.84896 1818308.025432 1621824967.614018
990560.868469 1818307.333302 1621824968.264156
990551.368885 1818306.628689 1621824969.024861
990547.493308 1818306.393422 1621824969.314326
990515.183736 1818305.012039 1621824971.714363
990511.050519 1818304.847934 1621824972.02544
990486.621735 1818303.997955 1621824973.814223
990472.833613 1818303.567725 1621824974.864168
990468.313998 1818303.467658 1621824975.214016
990463.831596 1818303.399845 1621824975.564357
990438.216403 1818303.450009 1621824977.614147
990429.767527 1818303.492855 1621824978.315324
990426.198633 1818303.500837 1621824978.61408
990396.256112 1818303.698968 1621824981.664177
990382.742057 1818303.785655 1621824984.663857
990381.35324 1818303.810032 1621824985.36399
990380.88747 1818303.817088 1621824985.714349
990380.321177 1818303.806929 1621824987.364114
990380.326015 1818303.79902 1621824988.363169
990380.277318 1818303.798343 1621824988.71447
990378.816357 1818303.803279 1621824989.763198
990371.628218 1818303.843174 1621824991.413735
990373.226302 1818303.838813 1621824991.114367
990354.821635 1818303.894034 1621824993.813835
990346.055854 1818303.921187 1621824994.814236
990339.849937 1818303.94941 1621824995.464042
990329.819737 1818303.972392 1621824996.464005
990323.054347 1818303.986532 1621824997.113483
990319.323937 1818303.999662 1621824997.464047
990300.452954 1818303.95217 1621824999.163192
990285.162491 1818303.828964 1621825000.463944
990288.761755 1818303.843356 1621825000.163139
990276.579117 1818303.775106 1621825001.16306
990258.639052 1818303.724858 1621825002.564146
990230.550444 1818304.136415 1621825004.614284
990215.20278 1818304.262242 1621825005.663978
990220.395088 1818304.231907 1621825005.314697
990188.853229 1818304.235727 1621825007.363976
990176.690247 1818304.320427 1621825008.114296
990160.115177 1818304.43805 1621825009.114664
990154.213765 1818304.473191 1621825009.464016
990124.742881 1818304.61909 1621825011.164015
990101.279061 1818304.64942 1621825012.463922
990088.302266 1818304.677032 1621825013.166905
990081.724448 1818304.691465 1621825013.517513
990054.856928 1818304.785313 1621825014.914312
990020.20023 1818304.843511 1621825016.6637
990028.211254 1818304.859447 1621825016.264286
989979.424979 1818303.872325 1621825018.664243
989957.67183 1818303.375776 1621825019.71456
989964.947624 1818303.51784 1621825019.363907
989914.539366 1818302.93683 1621825021.763241
989928.306658 1818302.993753 1621825021.11434
989907.097904 1818302.935847 1621825022.114422
989885.792903 1818302.86221 1621825023.114314
989828.085581 1818302.712455 1621825025.814166
989841.999915 1818302.712166 1621825025.165288
989820.59672 1818302.743495 1621825026.165364
989769.143433 1818302.997087 1621825028.563034
989776.676741 1818302.968683 1621825028.214172
989732.481127 1818303.014395 1621825030.263911
989702.286561 1818302.895613 1621825031.664239
989709.835433 1818302.905361 1621825031.314568
989673.161826 1818302.936802 1621825033.025514
989645.032376 1818303.008949 1621825034.314224
989572.167168 1818304.010814 1621825037.664939
989534.879879 1818304.164793 1621825039.363116
989519.461645 1818304.133881 1621825040.06488
989482.944187 1818304.071507 1621825041.71343
989490.714783 1818304.084553 1621825041.363472
989452.858792 1818304.113715 1621825043.063711
989422.383514 1818304.24567 1621825044.413512
989415.526897 1818304.284225 1621825044.71399
989375.224349 1818304.544322 1621825046.463446
989345.195878 1818304.70955 1621825047.763461
989352.118066 1818304.671226 1621825047.464439
989314.172298 1818304.958273 1621825049.114374
989298.22098 1818305.1168 1621825049.813688
989261.041435 1818305.454287 1621825051.463724
989246.5413 1818305.504649 1621825052.113485
989238.774857 1818305.54052 1621825052.46424
989185.983232 1818305.814933 1621825054.864073
989171.870466 1818305.889523 1621825055.514783
989156.762244 1818305.991616 1621825056.213807
989129.042337 1818306.056733 1621825057.514839
989099.485114 1818306.0444 1621825058.863991
989107.30903 1818306.064782 1621825058.515073
989091.929661 1818306.06848 1621825059.214694
989057.062791 1818306.364353 1621825060.914543
989028.779607 1818306.724291 1621825062.313843
989001.592523 1818307.731967 1621825063.663824
988994.575889 1818308.041199 1621825064.024768
988961.784729 1818309.293918 1621825065.664827
988954.885351 1818309.477697 1621825066.025593
988935.303092 1818309.91033 1621825067.025145
988928.517836 1818310.052626 1621825067.363108
988916.006474 1818310.294256 1621825068.024668
988845.177068 1818312.617429 1621825071.764147
988833.171121 1818313.043115 1621825072.413875
988839.629469 1818312.818549 1621825072.064844
988795.629943 1818314.00359 1621825074.464147
988801.100157 1818313.911269 1621825074.163188
988758.36759 1818314.234894 1621825076.515178
988733.567997 1818314.416304 1621825077.865691
988714.954048 1818314.563054 1621825078.864119
988727.079525 1818314.467994 1621825078.213889
988708.387518 1818314.647381 1621825079.213816
988669.400096 1818315.458582 1621825081.264233
988654.899531 1818316.001207 1621825082.024632
988635.557888 1818317.017019 1621825083.024583
988609.289526 1818319.238433 1621825084.413841
988597.20028 1818320.87424 1621825085.114218
988586.178299 1818322.896927 1621825085.813646
988581.078158 1818324.011884 1621825086.163901
988567.913948 1818327.507853 1621825087.166058
988548.091744 1818334.704897 1621825089.213907
988545.779095 1818335.739246 1621825089.563132
988540.701194 1818338.142024 1621825090.613837
988537.639687 1818339.692574 1621825092.36408
988537.530331 1818339.740912 1621825093.764251
988537.529586 1818339.744722 1621825094.763891
988537.537539 1818339.758466 1621825095.764073
988537.540488 1818339.763302 1621825096.11387
988537.539212 1818339.762196 1621825096.414119
988537.541245 1818339.76038 1621825098.463771
988537.51248 1818339.762342 1621825099.464711
988537.49205 1818339.757435 1621825100.213394
988537.492103 1818339.758981 1621825100.562823
988537.495938 1818339.759838 1621825101.263999
988537.491578 1818339.766056 1621825103.714237
988537.487949 1818339.76976 1621825104.762913
988537.485682 1818339.771525 1621825105.11424
988537.483005 1818339.771237 1621825105.864023
988537.490477 1818339.76923 1621825106.514823
988537.488993 1818339.771825 1621825108.21411
988537.489154 1818339.771197 1621825109.214147
988537.483331 1818339.775677 1621825110.213938
988537.484476 1818339.774637 1621825110.56296
988537.485005 1818339.775499 1621825112.263808
988537.491741 1818339.772894 1621825113.362956
988537.499822 1818339.77127 1621825114.026046
988537.491406 1818339.777405 1621825115.363037
988537.492785 1818339.777238 1621825116.713932
988537.489772 1818339.779815 1621825117.713809
988537.488405 1818339.780443 1621825118.413952
988537.491404 1818339.780453 1621825119.762935
988537.492657 1818339.780787 1621825120.114254
988537.503091 1818339.773855 1621825121.813736
988537.500971 1818339.775007 1621825121.514755
988537.502515 1818339.775466 1621825123.162991
988537.503638 1818339.774818 1621825123.515028
988537.502086 1818339.77566 1621825124.913674
988537.501588 1818339.775841 1621825125.213825
988537.501967 1818339.776092 1621825126.614078
988537.503469 1818339.776627 1621825127.313773
988537.507327 1818339.776168 1621825128.315227
988537.506667 1818339.776077 1621825130.665096
988537.50944 1818339.775758 1621825131.3141
988537.510753 1818339.777171 1621825132.663636
988537.499759 1818339.780018 1621825134.66488
988537.502058 1818339.778996 1621825134.363801
988537.504488 1818339.778039 1621825136.714237
988537.505001 1818339.778357 1621825137.0641
988537.50766 1818339.777248 1621825138.713886
988537.507737 1818339.778597 1621825139.064086
988537.500714 1818339.781234 1621825139.713773
988537.502149 1818339.77951 1621825142.763853
988537.501446 1818339.780194 1621825143.464713
988537.504484 1818339.779238 1621825144.863953
988537.505334 1818339.778996 1621825145.214437
988537.503908 1818339.779472 1621825146.214059
988537.505566 1818339.776195 1621825147.265046
988537.504997 1818339.776791 1621825147.563931
988537.5051 1818339.77722 1621825148.612711
988537.504379 1818339.776926 1621825150.7142
988537.504126 1818339.776073 1621825151.06414
988537.502253 1818339.779352 1621825152.414839
988537.501215 1818339.780621 1621825152.06397
988537.496653 1818339.781804 1621825156.812924
988537.498806 1818339.780767 1621825157.463995
988537.50266 1818339.779015 1621825157.813964
988537.502796 1818339.777891 1621825161.213944
988537.502324 1818339.778675 1621825162.214085
988537.501429 1818339.778301 1621825163.515029
988537.502734 1818339.777366 1621825163.214436
988537.499398 1818339.779858 1621825164.214075
988537.502265 1818339.776004 1621825168.612603
988537.501541 1818339.776463 1621825168.964066
988537.500647 1818339.776829 1621825173.663819
988537.503391 1818339.775438 1621825174.063973
988537.502785 1818339.775437 1621825176.714197
988537.503231 1818339.775315 1621825177.413821
988537.503625 1818339.774657 1621825177.063828
988537.500716 1818339.776021 1621825179.514652
988537.504114 1818339.774905 1621825180.163406
988537.502277 1818339.776879 1621825181.163527
988537.500364 1818339.777848 1621825181.51572
988537.489119 1818339.771333 1621825184.562958
988537.483758 1818339.767421 1621825184.864198
988537.481183 1818339.765037 1621825185.21373
988537.482983 1818339.766442 1621825187.313683
988537.483493 1818339.766535 1621825188.363737
988537.482716 1818339.766952 1621825188.714368
988537.482349 1818339.767338 1621825189.025261
988537.485512 1818339.767166 1621825191.114194
988537.48557 1818339.764787 1621825192.863938
988537.483081 1818339.766267 1621825192.464933
988537.485013 1818339.766022 1621825194.863736
988537.485572 1818339.764934 1621825195.563768
988537.472804 1818339.771472 1621825195.914239
988536.560857 1818340.252003 1621825197.314148
988534.507854 1818341.339537 1621825198.362849
988531.346066 1818343.045264 1621825199.363084
988532.599754 1818342.361322 1621825199.024915
988520.954877 1818348.796149 1621825201.463947
988511.637948 1818354.437147 1621825202.863985
988506.898439 1818357.464164 1621825203.515546
988509.465092 1818355.820852 1621825203.163728
988496.385215 1818364.597038 1621825204.914084
988491.239741 1818368.55277 1621825205.613824
988478.985495 1818379.926517 1621825207.364151
988472.091663 1818387.260414 1621825208.364092
988465.049185 1818394.964503 1621825209.363705
988460.055824 1818400.560957 1621825210.063655
988447.629936 1818414.847709 1621825211.763202
988442.306468 1818421.122055 1621825212.463781
988431.33124 1818434.301269 1621825213.863752
988426.153885 1818440.63447 1621825214.514812
988428.942902 1818437.213354 1621825214.164706
988409.937655 1818460.782127 1621825216.51497
988404.015012 1818467.917154 1621825217.212585
988395.411394 1818478.236145 1621825218.213844
988375.57787 1818501.97355 1621825220.515438
988367.225295 1818512.047969 1621825221.515152
988359.006663 1818521.985876 1621825222.514846
988353.327715 1818528.873348 1621825223.213929
988342.559061 1818542.009457 1621825224.563917
988337.651568 1818548.06665 1621825225.214299
988332.808268 1818554.117122 1621825225.914103
988330.551423 1818556.960125 1621825226.264026
988324.931715 1818564.516418 1621825227.264035
988318.519724 1818578.884308 1621825229.313646
988318.509554 1818585.669642 1621825230.313754
988319.056719 1818588.02697 1621825230.663904
988328.444732 1818602.422616 1621825232.763744
988333.412723 1818607.422375 1621825233.463634
988344.529768 1818617.265492 1621825234.813949
988354.242255 1818625.215566 1621825235.863833
988357.092803 1818627.600112 1621825236.166041
988374.126094 1818642.053646 1621825237.913991
988384.072474 1818650.550771 1621825238.913998
988387.58424 1818653.553356 1621825239.263862
988397.720951 1818662.159422 1621825240.263893
988414.673871 1818676.45025 1621825241.914212
988418.353921 1818679.415941 1621825242.263969
988422.065606 1818682.363932 1621825242.614034
988447.022953 1818701.89923 1621825244.962837
988454.361886 1818707.786426 1621825245.663924
988467.684173 1818718.925319 1621825246.963141
988461.066664 1818713.340848 1621825246.314425
988484.472806 1818733.041125 1621825248.664191
988493.969331 1818740.950492 1621825249.664094
988500.009844 1818745.926135 1621825250.314065
988515.195335 1818758.362434 1621825252.026175
988512.13693 1818755.874283 1621825251.663817
988525.866591 1818767.116693 1621825253.314582
988528.833298 1818769.548437 1621825253.71378
988537.6327 1818776.729231 1621825255.064033
988544.501253 1818782.462608 1621825256.414733
988546.008387 1818783.714989 1621825256.762897
988552.189395 1818788.545345 1621825258.76377
988553.975309 1818790.049309 1621825260.812729
988553.974723 1818790.048674 1621825261.164012
988553.990715 1818790.053358 1621825262.165169
988554.122573 1818789.931075 1621825263.514822
988554.205231 1818789.861135 1621825264.563027
988554.182228 1818789.881348 1621825264.213769
988554.273211 1818789.802945 1621825267.913814
988554.379218 1818789.70945 1621825268.963815
988554.393085 1818789.690237 1621825269.613725
988554.404172 1818789.680808 1621825270.264757
988554.412042 1818789.676371 1621825270.613742
988554.424805 1818789.662249 1621825271.613085
988554.427514 1818789.654341 1621825273.363952
988554.547654 1818789.753972 1621825274.764615
988555.501459 1818790.521158 1621825275.763848
988555.030961 1818790.143192 1621825275.413597
988580.365379 1818810.891091 1621825280.812951
988585.964599 1818815.500951 1621825281.516673
988594.590554 1818822.606727 1621825282.514793
988591.469678 1818820.049146 1621825282.165064
988617.211723 1818841.255468 1621825284.81371
988620.877008 1818844.328498 1621825285.164274
988631.669556 1818853.364148 1621825286.165432
988650.529514 1818868.957224 1621825287.81393
988663.026891 1818879.176742 1621825288.864166
988658.831244 1818875.752532 1621825288.515548
988678.700731 1818892.125563 1621825290.163747
988699.478916 1818909.205305 1621825291.863635
988711.703817 1818919.395146 1621825292.863535
988715.375843 1818922.453791 1621825293.163711
988731.95362 1818936.211519 1621825294.514884
988748.582111 1818950.01685 1621825295.863752
988757.21368 1818957.146516 1621825296.563811
988765.774138 1818964.225048 1621825297.263763
988769.399939 1818967.230528 1621825297.564808
988786.052782 1818981.063356 1621825298.963954
988798.331574 1818991.242426 1621825300.025038
988818.543696 1819008.024432 1621825301.764302
988826.465875 1819014.572295 1621825302.463943
988838.176421 1819024.124994 1621825303.514827
988852.874083 1819035.888788 1621825304.863751
988856.084246 1819038.438406 1621825305.165785
988870.23758 1819049.612375 1621825306.51482
988880.658265 1819057.863794 1621825307.514884
988884.35691 1819060.759042 1621825307.863003
988899.016959 1819071.849636 1621825309.213628
988902.399708 1819074.288025 1621825309.514783
988936.004611 1819097.19447 1621825312.263669
988950.055405 1819106.447596 1621825313.314579
988954.83551 1819109.600468 1621825313.664045
988969.394097 1819119.200106 1621825314.713584
988979.15708 1819125.711341 1621825315.413758
988998.341572 1819138.400421 1621825316.764414
989029.070675 1819158.595094 1621825318.863898
989033.513361 1819161.527232 1621825319.163115
989038.7103 1819164.94996 1621825319.515237
989074.588492 1819188.898687 1621825321.913973
989090.339094 1819199.493771 1621825322.964091
989095.600547 1819203.025127 1621825323.313721
989116.614338 1819217.173082 1621825324.714194
989121.109288 1819220.190374 1621825325.025371
989127.081952 1819224.210334 1621825325.413908
989152.439079 1819241.075043 1621825327.115392
989176.806699 1819257.289199 1621825328.764024
989186.957489 1819264.088312 1621825329.46408
989201.359985 1819273.75759 1621825330.463645
989210.655143 1819280.012945 1621825331.11397
989224.781049 1819289.527321 1621825332.114855
989248.238692 1819305.107357 1621825333.813968
989239.32165 1819299.260126 1621825333.163833
989267.030043 1819316.689142 1621825335.163704
989290.604497 1819330.553956 1621825336.863839
989299.306237 1819335.838936 1621825337.515728
989326.435852 1819352.252293 1621825339.613794
989322.076775 1819349.664839 1621825339.263635
989344.483813 1819362.439409 1621825341.313528
989352.676907 1819366.303837 1621825342.313566
989363.551787 1819368.465383 1621825343.964093
989361.845748 1819368.464966 1621825343.663083
989370.404128 1819366.522812 1621825345.663724
989369.402627 1819367.097666 1621825345.313496
989374.010765 1819362.629167 1621825347.663402
989374.605107 1819361.483511 1621825348.024745
989376.111127 1819356.475074 1621825349.06378
989376.423019 1819352.055903 1621825349.713512
989376.444304 1819349.302482 1621825350.062645
989376.0144 1819321.358642 1621825352.813478
989376.107392 1819325.370175 1621825352.46394
989375.933065 1819317.845419 1621825353.113493
989375.649 1819284.371945 1621825355.763895
989375.59231 1819292.891929 1621825355.1136
989375.55515 1819265.448254 1621825357.163955
989375.491472 1819261.276401 1621825357.463721
989375.081755 1819237.001241 1621825359.163672
989374.703091 1819216.29835 1621825360.563763
989374.620208 1819211.785303 1621825360.863722
989374.225266 1819179.887789 1621825362.963823
989374.269973 1819185.21875 1621825362.613594
989374.007346 1819153.789705 1621825364.663869
989374.047328 1819158.415498 1621825364.364201
989373.911661 1819142.195313 1621825365.413466
989373.822174 1819132.119334 1621825366.063647
989373.215018 1819094.978739 1621825368.463621
989373.140741 1819089.668535 1621825368.813619
989364.860633 1818999.452882 1621825378.563893
989363.229806 1818998.741763 1621825378.913876
989341.5167 1818993.289628 1621825381.963753
989338.460316 1818992.560127 1621825382.313592
989329.243583 1818990.170288 1621825383.313744
989316.442033 1818986.419969 1621825384.612535
989302.065937 1818981.832418 1621825385.962876
989294.631834 1818979.441617 1621825386.613576
989298.104844 1818980.561837 1621825386.314732
989256.355545 1818966.450763 1621825389.663514
989251.697622 1818964.837941 1621825390.025599
989247.005253 1818963.227679 1621825390.363808
989222.600227 1818955.244018 1621825392.113514
989197.360938 1818947.004578 1621825393.813399
989181.20417 1818941.51566 1621825394.864181
989171.1241 1818937.943254 1621825395.514487
989176.557019 1818939.879903 1621825395.163832
989133.640354 1818922.863168 1621825397.913744
989117.770585 1818915.461691 1621825398.914637
989112.110813 1818912.781225 1621825399.263659
989084.916912 1818899.366226 1621825400.914044
989095.705626 1818904.807933 1621825400.263562
989061.470894 1818886.987057 1621825402.313596
988992.718434 1818845.751261 1621825406.364081
988986.756148 1818841.923886 1621825406.713546
988974.893633 1818834.209185 1621825407.412867
988963.082282 1818826.498098 1621825408.114379
988945.617832 1818814.890018 1621825409.163644
988903.124572 1818783.417639 1621825411.913549
988893.207216 1818775.208987 1621825412.613578
988879.174923 1818763.014961 1621825413.663438
988871.10392 1818755.638474 1621825414.313644
988846.251914 1818731.067939 1621825416.713727
988848.988803 1818733.85783 1621825416.413704
988843.206263 1818727.957377 1621825417.063545
988830.520195 1818714.663823 1621825418.812312
988820.443629 1818703.941 1621825420.863256
988817.201987 1818700.515685 1621825421.863732
988819.173418 1818702.60259 1621825421.213277
988816.365654 1818699.615706 1621825422.212483
988814.728043 1818697.885844 1621825423.212734
988813.964963 1818697.014902 1621825425.913419
988813.460969 1818696.542943 1621825426.962764
988812.959931 1818695.994252 1621825427.313427
988809.262216 1818691.993553 1621825428.663579
988806.66795 1818689.245661 1621825429.314673
988803.35082 1818685.744503 1621825430.024513
988801.415421 1818683.696049 1621825430.363273
988796.721375 1818678.725689 1621825431.114326
988777.823704 1818658.622351 1621825433.562907
988780.761416 1818661.786438 1621825433.212463
988765.013374 1818644.901391 1621825435.024858
988748.892799 1818627.706995 1621825436.713395
988745.466549 1818624.025172 1621825437.063722
988735.485582 1818613.246895 1621825438.063758
988721.672301 1818598.455657 1621825439.413456
988725.280058 1818602.326316 1621825439.063702
988696.732062 1818571.562913 1621825441.813443
988686.106937 1818560.238193 1621825442.813966
988674.115985 1818547.575981 1621825443.912774
988670.812582 1818544.084674 1621825444.213881
988655.256035 1818527.622062 1621825445.613813
988647.962689 1818519.913095 1621825446.263691
988629.166321 1818500.334055 1621825447.913622
988621.14922 1818492.014784 1621825448.613337
988625.155442 1818496.178108 1621825448.264537
988593.758768 1818464.894027 1621825450.963951
988585.504136 1818457.292118 1621825451.663704
988577.327506 1818449.867528 1621825452.363571
988565.898253 1818439.462659 1621825453.36401
988557.60092 1818431.719633 1621825454.113671
988539.81668 1818414.2373 1621825455.812304
988546.973404 1818421.402137 1621825455.113467
988520.611161 1818395.415358 1621825457.914495
988526.517774 1818401.051279 1621825457.213482
988509.942033 1818386.469667 1621825459.364141
988505.398473 1818383.645022 1621825460.02546
988502.919953 1818382.441017 1621825460.363605
988497.811473 1818380.791003 1621825461.063581
988490.071393 1818380.190177 1621825462.063614
988482.121297 1818381.990809 1621825463.063701
988472.026466 1818388.536931 1621825464.412455
988457.490955 1818403.682366 1621825466.412505
988449.225883 1818413.383928 1621825467.463495
988443.409056 1818420.326487 1621825468.163936
988431.366914 1818434.937672 1621825469.563715
988422.368251 1818445.896192 1621825470.566409
988410.32199 1818460.608268 1621825471.863833
988403.720959 1818468.665739 1621825472.562854
988394.196103 1818480.270662 1621825473.563176
988384.116743 1818492.488502 1621825474.613497
988380.776863 1818496.524724 1621825474.963628
988374.643973 1818503.969174 1621825475.613437
988361.787893 1818519.65315 1621825477.024199
988352.173089 1818531.424335 1621825478.113476
988349.187726 1818535.047203 1621825478.463446
988333.227114 1818554.385802 1621825480.514762
988328.913451 1818559.786371 1621825481.163685
988326.805702 1818562.565033 1621825481.514893
988323.364925 1818567.549019 1621825482.165141
988318.729523 1818582.893031 1621825484.213406
988322.056142 1818592.806138 1621825485.612406
988325.725547 1818597.289175 1621825486.313621
988332.265771 1818603.502396 1621825487.313429
988342.213199 1818612.028595 1621825488.71369
988344.412158 1818613.891131 1621825489.024923
988349.603433 1818618.268517 1621825489.713402
988365.084672 1818632.082251 1621825491.763766
988367.865285 1818634.626113 1621825492.113734
988373.205097 1818639.476742 1621825492.763146
988376.188505 1818642.155894 1621825493.113441
988412.665894 1818673.548117 1621825496.913407
988405.504077 1818667.526319 1621825496.21454
988426.883812 1818685.147103 1621825498.263518
988433.887229 1818690.786497 1621825498.914207
988448.568988 1818702.816625 1621825500.266437
988466.893817 1818717.725986 1621825501.913371
988478.172933 1818726.810744 1621825502.913662
988482.120871 1818729.995858 1621825503.2637
988497.323039 1818742.471198 1621825504.612504
