353361.494861 4026158.987254 1621823227.867728
353361.495422 4026158.987706 1621823228.029729
353361.48916 4026158.984536 1621823229.366574
353361.488676 4026158.983578 1621823230.067858
353361.487115 4026158.983213 1621823230.367611
353361.57155 4026159.036803 1621823231.417607
353362.08294 4026159.368956 1621823232.417332
353371.700436 4026165.734144 1621823236.766556
353374.560946 4026167.592638 1621823237.468152
353375.876189 4026168.433596 1621823237.767297
353379.051934 4026170.442327 1621823238.467792
353389.831999 4026177.257468 1621823240.667685
353393.41861 4026179.671634 1621823241.367249
353400.577885 4026184.643309 1621823242.717538
353406.077031 4026188.69873 1621823243.717458
353411.826034 4026193.277124 1621823244.767696
353417.006027 4026197.716264 1621823245.766743
353420.193076 4026200.619625 1621823246.417375
353426.655319 4026206.576825 1621823247.817452
353427.902428 4026207.689447 1621823248.117293
353430.638975 4026209.954154 1621823248.817201
353435.826011 4026212.782498 1621823250.16741
353441.459461 4026212.085621 1621823251.717406
353443.831601 4026209.550609 1621823252.716253
353445.23645 4026207.199563 1621823253.366621
353446.061216 4026205.757054 1621823253.717273
353446.818908 4026204.488945 1621823254.029006
353454.576166 4026191.79939 1621823256.417166
353453.276657 4026193.902597 1621823256.067723
353468.777972 4026169.489941 1621823259.617329
353477.789372 4026155.564746 1621823261.416827
353484.647912 4026144.809292 1621823262.766325
353489.696779 4026136.747661 1621823263.767467
353486.400922 4026142.005056 1621823263.117236
353496.436727 4026125.910176 1621823265.117512
353500.491066 4026119.273514 1621823265.967077
353505.060071 4026111.835693 1621823266.967104
353512.30952 4026100.207669 1621823268.667551
353517.221538 4026092.608715 1621823269.817062
353518.716803 4026090.270111 1621823270.168085
353520.212935 4026087.959259 1621823270.51845
353528.70065 4026072.667035 1621823272.717315
353530.673897 4026067.90355 1621823273.367888
353529.801511 4026070.138881 1621823273.06679
353532.575285 4026062.560507 1621823274.067464
353535.182594 4026051.566346 1621823275.417097
353535.92927 4026045.578486 1621823276.118118
353534.801378 4026020.857191 1621823278.867501
353535.655526 4026027.25452 1621823278.167214
353533.474771 4026014.87634 1621823279.518045
353531.07333 4026007.123508 1621823280.368523
353522.397944 4025989.550007 1621823282.367361
353514.078698 4025978.734567 1621823283.717124
353506.864139 4025971.569188 1621823284.716267
353509.498839 4025973.978794 1621823284.36742
353496.345015 4025963.331383 1621823286.068849
353490.522407 4025959.563448 1621823286.767139
353487.598072 4025957.709548 1621823287.117237
353474.07874 4025949.182767 1621823288.766282
353460.449607 4025940.594819 1621823290.51763
353455.454743 4025937.465794 1621823291.166911
353447.355445 4025932.429161 1621823292.21647
353442.461202 4025929.332981 1621823292.866668
353439.873005 4025927.696849 1621823293.2163
353425.724237 4025918.738749 1621823295.2168
353417.113669 4025913.290788 1621823296.51802
353409.712812 4025908.565552 1621823297.715864
353407.666258 4025907.26004 1621823298.067444
353402.022871 4025903.692995 1621823299.067424
353393.200817 4025898.125826 1621823300.766412
353389.038955 4025895.470587 1621823301.617705
353383.087957 4025891.742373 1621823302.81688
353381.634638 4025890.820926 1621823303.116894
353372.938439 4025885.321456 1621823304.967842
353364.002304 4025879.641415 1621823306.816969
353359.109883 4025876.497613 1621823307.817
353357.372411 4025875.389499 1621823308.166679
353349.374958 4025870.261481 1621823309.816914
353350.837961 4025871.194432 1621823309.517835
353342.58962 4025865.948012 1621823311.167325
353335.687885 4025861.608333 1621823312.517607
353332.522075 4025859.602856 1621823313.166638
353329.267026 4025857.540726 1621823313.867112
353321.691328 4025852.777395 1621823315.567019
353318.707732 4025850.900574 1621823316.215996
353317.057221 4025849.860471 1621823316.566702
353306.663484 4025843.602174 1621823318.567554
353308.333168 4025844.568546 1621823318.266991
353299.797342 4025839.904268 1621823319.766904
353288.179022 4025835.183447 1621823321.766816
353285.343151 4025834.363435 1621823322.266117
353286.188628 4025834.592244 1621823322.117027
353275.168136 4025832.484456 1621823324.166644
353261.929552 4025831.423387 1621823326.867293
353260.395831 4025831.35652 1621823327.165876
353252.866158 4025831.083789 1621823328.566092
353247.139959 4025830.834773 1621823329.566363
353242.986128 4025830.579653 1621823330.267261
353241.170114 4025830.437215 1621823330.56688
353233.08638 4025829.560138 1621823331.916699
353223.886308 4025827.813235 1621823333.616714
353218.376462 4025826.303052 1621823334.767021
353221.417387 4025827.184141 1621823334.11691
353216.832406 4025825.818054 1621823335.116955
353209.868363 4025823.310458 1621823337.116476
353205.811693 4025821.595006 1621823339.816713
353204.728237 4025821.12166 1621823340.815913
353203.507855 4025820.552971 1621823341.81585
353204.329058 4025820.942452 1621823341.166508
353199.222173 4025818.672103 1621823343.517954
353200.405075 4025819.163806 1621823343.167352
353190.551977 4025817.138666 1621823345.517595
353184.202722 4025819.899924 1621823346.866512
353185.77565 4025818.802994 1621823346.517729
353182.715209 4025821.307505 1621823347.216678
353168.49671 4025843.324489 1621823350.568227
353166.815766 4025846.007417 1621823350.917819
353160.389468 4025856.130835 1621823352.216664
353158.631472 4025858.879393 1621823352.566549
353155.365041 4025863.977127 1621823353.216629
353150.192453 4025872.039607 1621823354.268514
353143.636645 4025882.275237 1621823355.61656
353140.490564 4025887.20966 1621823356.267107
353128.74572 4025905.873459 1621823358.816763
353124.383007 4025913.029009 1621823359.817982
353122.877879 4025915.534896 1621823360.166683
353115.67209 4025927.691876 1621823361.816924
353112.84644 4025932.742511 1621823362.467037
353106.982999 4025943.926412 1621823363.816184
353108.489273 4025940.962285 1621823363.467079
353099.813199 4025958.643907 1621823365.517487
353097.141743 4025964.266641 1621823366.166073
353093.145928 4025972.69758 1621823367.166461
353086.690901 4025986.3721 1621823368.867113
353083.074145 4025994.012059 1621823369.866399
353080.775201 4025998.808721 1621823370.517364
353077.431596 4026005.834149 1621823371.517567
353075.401287 4026010.116401 1621823372.165746
353070.299133 4026021.047717 1621823373.866111
353071.218986 4026019.072582 1621823373.566427
353063.725826 4026035.005938 1621823375.86714
353062.519914 4026037.551734 1621823376.216554
353057.668618 4026047.811183 1621823377.566602
353053.863366 4026055.822301 1621823378.566841
353052.688959 4026058.291164 1621823378.866889
353047.112496 4026069.728163 1621823380.266942
353044.537291 4026074.920409 1621823380.915766
353036.930141 4026090.448503 1621823382.965909
353033.185407 4026097.915035 1621823383.965878
353030.617369 4026102.898839 1621823384.616554
353027.715242 4026108.368879 1621823385.315624
353023.353728 4026116.253435 1621823386.316761
353022.015559 4026118.626788 1621823386.616676
353015.906692 4026129.167493 1621823387.966004
353012.617367 4026134.645851 1621823388.666987
353010.25149 4026138.551326 1621823389.166831
352998.765487 4026157.154925 1621823391.51692
352992.733956 4026166.670635 1621823392.715853
352988.78788 4026172.934753 1621823393.517372
352981.655621 4026183.785016 1621823394.9166
352980.096823 4026186.085596 1621823395.216573
352972.810799 4026196.651442 1621823396.615704
352966.119515 4026206.030461 1621823397.915019
352964.298198 4026208.497418 1621823398.266819
352962.497288 4026210.946625 1621823398.616397
352957.250245 4026217.978559 1621823399.616383
352948.182269 4026229.403194 1621823401.267148
352942.490081 4026236.188207 1621823402.266215
352938.762207 4026240.585079 1621823402.916241
352930.054218 4026250.573506 1621823404.415692
352916.990296 4026264.702888 1621823406.616515
352913.869947 4026267.922627 1621823407.116432
352908.424719 4026273.381129 1621823407.965776
352900.464636 4026281.056364 1621823409.166527
352892.313938 4026288.659962 1621823410.366991
352887.931021 4026292.615594 1621823411.027813
352881.530703 4026298.329041 1621823412.027025
352870.951078 4026307.757735 1621823413.86694
352873.540346 4026305.392816 1621823413.36643
352870.226726 4026308.438872 1621823414.027929
352863.894497 4026319.04757 1621823416.366642
352864.85467 4026322.345267 1621823417.166251
352906.394008 4026350.408545 1621823423.867023
352911.932623 4026353.916056 1621823424.566123
352922.239426 4026360.383484 1621823425.915272
352924.757147 4026361.967553 1621823426.26631
352941.806854 4026372.699039 1621823428.966733
352947.834548 4026376.562408 1621823429.966328
352949.881682 4026377.868015 1621823430.316221
352955.31106 4026381.279439 1621823431.316275
352956.894637 4026382.267249 1621823431.617118
352966.543073 4026388.232002 1621823433.666864
352964.983398 4026387.297021 1621823433.316318
352974.17437 4026392.980867 1621823435.715483
352976.922278 4026394.668487 1621823436.866746
352975.525281 4026393.811065 1621823436.216783
352978.973614 4026395.928967 1621823437.86673
352985.676993 4026399.168801 1621823439.866783
352988.563125 4026399.896366 1621823440.518342
352990.085641 4026400.172897 1621823440.865832
352998.796683 4026400.239564 1621823442.915319
353001.874693 4026399.700576 1621823443.566419
353006.897203 4026398.12327 1621823444.566039
353010.211146 4026396.436614 1621823445.266602
353016.285095 4026391.724589 1621823446.616429
353016.979627 4026391.124649 1621823446.766254
353034.941853 4026374.953791 1621823450.316139
353036.659848 4026373.393373 1621823450.616335
353051.650452 4026359.998201 1621823452.966226
353049.593364 4026361.770645 1621823452.665735
353061.377384 4026352.078548 1621823454.31525
353064.010919 4026350.078038 1621823454.66582
353069.331397 4026346.200067 1621823455.366084
353117.423504 4026320.68048 1621823461.36612
353135.182772 4026315.237596 1621823463.367079
353136.506788 4026314.901152 1621823463.516835
353155.344336 4026311.169164 1621823465.866721
353157.6314 4026310.839542 1621823466.166351
353202.202965 4026308.657793 1621823471.365346
353213.177117 4026309.442486 1621823472.516263
353221.173974 4026310.305313 1621823473.365959
353230.391706 4026311.626092 1621823474.366158
353242.028894 4026313.914134 1621823475.666534
353236.267572 4026312.678022 1621823475.026518
353251.020725 4026316.20515 1621823476.716129
353264.826982 4026320.313107 1621823478.416403
353277.224602 4026325.401984 1621823480.066521
353284.405823 4026329.221006 1621823481.066302
353295.349105 4026336.067989 1621823482.565715
353302.953785 4026340.843425 1621823483.565696
353312.031602 4026346.078794 1621823484.715095
353320.279088 4026349.73668 1621823485.715517
353326.144614 4026351.60396 1621823486.416339
353334.567792 4026352.954023 1621823487.41598
353337.053434 4026353.007675 1621823487.715031
353351.072346 4026349.170007 1621823489.566043
353355.193339 4026346.080627 1621823490.266461
353358.406746 4026342.521143 1621823490.914588
353364.794328 4026333.643389 1621823492.266208
353371.513705 4026323.480934 1621823493.615978
353369.72669 4026326.193153 1621823493.266472
353383.47312 4026305.123042 1621823495.915963
353387.112846 4026299.317926 1621823496.616081
353390.505829 4026293.836643 1621823497.267967
353397.571258 4026282.570652 1621823498.615914
353404.527372 4026271.534845 1621823499.965146
353408.085389 4026265.861289 1621823500.665595
353413.02571 4026257.952422 1621823501.666239
353416.28654 4026252.730924 1621823502.366028
353419.572947 4026247.401933 1621823503.165142
353425.296375 4026238.067795 1621823504.666411
353429.180718 4026231.751104 1621823505.6663
353432.788561 4026226.041555 1621823506.517262
353442.174339 4026211.290888 1621823508.666219
353447.042194 4026203.581049 1621823509.865324
353450.471906 4026198.199048 1621823510.714917
353453.169355 4026193.940065 1621823511.366084
353456.251176 4026189.048092 1621823512.068995
353457.640015 4026186.856521 1621823512.365949
353460.961265 4026181.561946 1621823513.065313
353475.747129 4026158.196146 1621823515.966002
353481.078887 4026149.818941 1621823516.965824
353479.477749 4026152.343203 1621823516.666299
353488.188259 4026138.614753 1621823518.315972
353495.121621 4026127.723043 1621823519.665642
353496.906405 4026124.889997 1621823520.027511
353498.676252 4026122.079524 1621823520.365815
353505.314291 4026111.602588 1621823521.714871
353508.409821 4026106.664117 1621823522.415952
353511.192934 4026102.263386 1621823523.065676
353523.238988 4026082.908152 1621823525.96617
353524.573357 4026080.586271 1621823526.316063
353529.031384 4026072.006771 1621823527.616163
353531.100481 4026067.102349 1621823528.316152
353534.829098 4026054.363211 1621823529.965715
353536.062167 4026045.906479 1621823530.965822
353536.306535 4026042.862677 1621823531.315745
353536.345931 4026031.300087 1621823532.615842
353534.827381 4026019.07844 1621823533.965804
353533.396003 4026013.257943 1621823534.61574
353530.395217 4026004.40039 1621823535.616008
353527.679352 4025998.262168 1621823536.316054
353506.547944 4025970.180703 1621823539.815097
353502.564989 4025966.820602 1621823540.31513
353490.602941 4025958.310702 1621823541.715342
353484.764442 4025954.644891 1621823542.365926
353472.58563 4025947.271259 1621823543.714918
353478.884361 4025951.066261 1621823543.028512
353469.935099 4025945.661875 1621823544.028329
353427.558871 4025919.167022 1621823549.065658
353422.156256 4025915.745462 1621823549.765911
353419.88337 4025914.30638 1621823550.066485
353399.224188 4025901.209793 1621823552.965901
353403.97918 4025904.238971 1621823552.266213
353397.915937 4025900.376245 1621823553.165866
353385.101726 4025892.655171 1621823555.365293
353381.47934 4025891.086295 1621823556.027516
353372.271961 4025890.487297 1621823557.715038
353373.05575 4025890.302587 1621823557.565831
353363.499107 4025897.97443 1621823559.765948
353362.409277 4025899.611908 1621823560.06616
353361.166969 4025901.560555 1621823560.416229
353354.486731 4025912.311262 1621823562.266419
353344.992014 4025928.112021 1621823564.666359
353339.405545 4025937.418799 1621823565.965366
353337.805092 4025939.963475 1621823566.315289
353333.00481 4025947.413005 1621823567.315969
353332.273869 4025948.554135 1621823567.46629
353321.748674 4025965.05963 1621823569.665478
353320.13402 4025967.607302 1621823570.02844
353315.393968 4025975.04801 1621823571.066455
353312.456912 4025979.664121 1621823571.715502
353304.97809 4025991.709503 1621823573.415742
353302.130327 4025996.34339 1621823574.06629
353294.963504 4026007.934376 1621823575.715701
353296.252731 4026005.822673 1621823575.41575
353287.8132 4026019.553508 1621823577.416094
353285.16642 4026023.807023 1621823578.065634
353283.728208 4026026.080836 1621823578.415662
353280.829644 4026030.523005 1621823579.115757
353272.402438 4026040.990679 1621823581.116011
353263.377758 4026053.438146 1621823583.815808
353264.261953 4026051.659954 1621823583.466665
353256.3008 4026071.162978 1621823586.965835
353255.916852 4026073.15436 1621823587.315793
353256.484811 4026080.162063 1621823588.616071
353256.069501 4026078.615316 1621823588.315707
353263.532065 4026088.905679 1621823590.666298
353268.66641 4026092.14294 1621823591.666484
353273.754483 4026095.268713 1621823592.666222
353277.081194 4026097.345701 1621823593.315495
353278.923272 4026098.506438 1621823593.666224
353290.18513 4026105.873332 1621823595.666286
353293.969026 4026108.844337 1621823596.365884
353300.224356 4026115.297037 1621823597.714866
353301.48611 4026116.891234 1621823598.026265
353309.23506 4026125.535592 1621823599.765801
353312.887211 4026128.461363 1621823600.466173
353314.541907 4026129.643306 1621823600.765005
353320.421491 4026133.53804 1621823601.765152
353334.275498 4026142.28585 1621823603.966629
353331.075884 4026140.288204 1621823603.466232
353340.896333 4026146.399266 1621823605.029145
353347.157379 4026150.33159 1621823606.027485
353355.667667 4026155.56352 1621823607.36589
353362.710771 4026159.911174 1621823608.516677
353371.215634 4026165.169612 1621823609.866403
353376.361521 4026168.360303 1621823610.666388
353381.803851 4026171.797127 1621823611.516763
353387.238498 4026175.31158 1621823612.365625
353393.748857 4026179.567913 1621823613.365767
353400.128268 4026183.940956 1621823614.365837
353404.379158 4026187.04973 1621823615.065435
353406.179981 4026188.411514 1621823615.365736
353414.067503 4026194.878197 1621823616.714797
353421.194491 4026201.675747 1621823618.066887
353427.233351 4026208.397912 1621823619.415752
353429.484894 4026211.334948 1621823620.115915
353431.01854 4026213.679889 1621823620.765152
353433.218389 4026218.745092 1621823622.115356
353433.519843 4026220.059679 1621823622.416723
353433.390659 4026227.725442 1621823623.766072
353432.846328 4026230.024874 1621823624.11578
353425.845054 4026244.152882 1621823626.266077
353421.298897 4026251.606859 1621823627.466219
353422.582124 4026249.532901 1621823627.114998
353412.775458 4026265.290652 1621823629.665482
353414.8675 4026261.987698 1621823629.165787
353403.215825 4026280.619659 1621823631.715817
353399.930169 4026285.856575 1621823632.365662
353392.868296 4026297.094254 1621823633.71627
353390.983737 4026300.092242 1621823634.066068
353390.169685 4026301.386947 1621823634.21577
353377.965648 4026320.903959 1621823636.415738
353376.058851 4026323.968371 1621823636.765959
353372.324445 4026330.010862 1621823637.465563
353368.947458 4026335.494206 1621823638.114791
353353.686812 4026352.774743 1621823640.817393
353348.467522 4026355.462613 1621823641.665183
353341.892013 4026357.21442 1621823642.667152
353332.862418 4026357.26311 1621823643.866237
353328.849421 4026356.556323 1621823644.365609
353323.504009 4026355.039515 1621823645.027492
353307.958413 4026348.102543 1621823646.866181
353312.109327 4026350.34906 1621823646.365767
353294.329513 4026339.811707 1621823648.516753
353290.164652 4026337.29158 1621823649.026639
353288.91956 4026336.534947 1621823649.165701
353243.662173 4026317.547568 1621823654.36468
353230.921448 4026315.05977 1621823655.715333
353224.70236 4026314.103989 1621823656.365385
353217.984128 4026313.23156 1621823657.065728
353216.5346 4026313.070056 1621823657.216101
353192.321909 4026312.167688 1621823659.766011
353189.811046 4026312.253173 1621823660.066248
353169.841552 4026309.518082 1621823663.966194
353169.153896 4026309.025179 1621823664.117148
353163.413911 4026301.221671 1621823665.815478
353164.244853 4026303.017195 1621823665.466232
353161.924651 4026294.526903 1621823667.114953
353161.986764 4026290.641528 1621823667.816028
353162.563041 4026282.090955 1621823669.165797
353163.179982 4026271.958502 1621823670.717133
353163.300163 4026271.00413 1621823670.866245
353180.789744 4026238.110709 1621823675.714776
353182.445325 4026235.504105 1621823676.066024
353185.498467 4026230.701426 1621823676.71567
353199.515671 4026208.650366 1621823679.766741
353202.682329 4026203.686045 1621823680.416214
353204.4441 4026200.948876 1621823680.766352
353211.331913 4026190.198846 1621823682.11469
353216.435002 4026182.337705 1621823683.11606
353222.94735 4026172.003639 1621823684.466146
353224.572702 4026169.35934 1621823684.815799
353227.786742 4026164.159032 1621823685.516863
353243.771584 4026143.871412 1621823688.86625
353248.937719 4026140.966978 1621823689.714906
353253.527282 4026139.054227 1621823690.364929
353261.33425 4026136.581624 1621823691.365649
353264.55171 4026135.703859 1621823691.765728
353286.405134 4026129.739798 1621823694.765702
353292.013963 4026128.269459 1621823695.76584
353297.205155 4026127.272549 1621823696.765734
353298.809337 4026127.079619 1621823697.070485
353304.94365 4026127.150707 1621823698.115022
353309.439997 4026128.110514 1621823698.815322
353318.28043 4026132.184518 1621823700.165789
353320.219895 4026133.32179 1621823700.46636
353324.76684 4026136.081509 1621823701.166325
353333.719548 4026141.462177 1621823702.517463
353346.687978 4026149.516025 1621823704.565733
353351.716247 4026152.595096 1621823705.415739
353357.241892 4026155.974408 1621823706.41576
353363.017387 4026159.49778 1621823707.764831
353365.67569 4026161.128974 1621823708.765152
353366.951735 4026161.914899 1621823709.764006
353367.214669 4026162.073584 1621823710.465438
353367.145286 4026162.033348 1621823710.11492
353367.206209 4026162.062891 1621823711.114829
