353361.494942 4026158.987364 1621823227.917517
353361.495422 4026158.987706 1621823228.029729
353361.489082 4026158.984507 1621823229.417439
353361.488676 4026158.983578 1621823230.067858
353361.486874 4026158.983127 1621823230.417602
353361.559813 4026159.029466 1621823231.367326
353362.044713 4026159.344075 1621823232.366721
353371.700436 4026165.734144 1621823236.766556
353374.560946 4026167.592638 1621823237.468152
353375.876189 4026168.433596 1621823237.767297
353379.051934 4026170.442327 1621823238.467792
353389.831999 4026177.257468 1621823240.667685
353393.41861 4026179.671634 1621823241.367249
353400.577885 4026184.643309 1621823242.717538
353406.354981 4026188.911517 1621823243.768165
353411.55746 4026193.056911 1621823244.717174
353416.755841 4026197.492774 1621823245.71723
353420.193076 4026200.619625 1621823246.417375
353426.439978 4026206.381472 1621823247.767716
353427.902428 4026207.689447 1621823248.117293
353430.448822 4026209.807966 1621823248.767417
353436.023398 4026212.834432 1621823250.216778
353441.31511 4026212.178863 1621823251.666162
353443.831601 4026209.550609 1621823252.716253
353445.23645 4026207.199563 1621823253.366621
353446.061216 4026205.757054 1621823253.717273
353446.818908 4026204.488945 1621823254.029006
353454.576166 4026191.79939 1621823256.417166
353453.459783 4026193.607071 1621823256.11761
353469.270473 4026168.732427 1621823259.716815
353478.042739 4026155.168501 1621823261.467602
353484.899234 4026144.404252 1621823262.816595
353489.950982 4026136.344992 1621823263.817333
353486.651006 4026141.603892 1621823263.166524
353496.678668 4026125.514391 1621823265.167111
353500.725683 4026118.888662 1621823266.027823
353504.392099 4026112.909119 1621823266.81753
353511.899182 4026100.859171 1621823268.566211
353517.221538 4026092.608715 1621823269.817062
353518.716803 4026090.270111 1621823270.168085
353520.212935 4026087.959259 1621823270.51845
353528.70065 4026072.667035 1621823272.717315
353530.673897 4026067.90355 1621823273.367888
353529.801511 4026070.138881 1621823273.06679
353532.575285 4026062.560507 1621823274.067464
353535.250092 4026051.144887 1621823275.467735
353535.9648 4026045.144332 1621823276.166334
353534.801378 4026020.857191 1621823278.867501
353535.704446 4026027.711674 1621823278.116881
353533.353062 4026014.416985 1621823279.567106
353531.234524 4026007.577189 1621823280.316947
353522.397944 4025989.550007 1621823282.367361
353514.078698 4025978.734567 1621823283.717124
353506.864139 4025971.569188 1621823284.716267
353509.498839 4025973.978794 1621823284.36742
353495.932761 4025963.05718 1621823286.116999
353490.522407 4025959.563448 1621823286.767139
353487.182197 4025957.44461 1621823287.167015
353474.07874 4025949.182767 1621823288.766282
353460.833232 4025940.836345 1621823290.466627
353455.839024 4025937.705933 1621823291.115969
353447.355445 4025932.429161 1621823292.21647
353442.461202 4025929.332981 1621823292.866668
353439.873005 4025927.696849 1621823293.2163
353425.724237 4025918.738749 1621823295.2168
353416.792393 4025913.086662 1621823296.566385
353409.712812 4025908.565552 1621823297.715864
353407.666258 4025907.26004 1621823298.067444
353402.022871 4025903.692995 1621823299.067424
353392.958345 4025897.976192 1621823300.815644
353388.555038 4025895.165901 1621823301.715074
353383.087957 4025891.742373 1621823302.81688
353381.634638 4025890.820926 1621823303.116894
353373.413947 4025885.61431 1621823304.866506
353364.002304 4025879.641415 1621823306.816969
353359.109883 4025876.497613 1621823307.817
353357.372411 4025875.389499 1621823308.166679
353349.374958 4025870.261481 1621823309.816914
353351.080876 4025871.349129 1621823309.466502
353342.58962 4025865.948012 1621823311.167325
353335.687885 4025861.608333 1621823312.517607
353332.522075 4025859.602856 1621823313.166638
353329.493654 4025857.683752 1621823313.81675
353321.691328 4025852.777395 1621823315.567019
353318.707732 4025850.900574 1621823316.215996
353317.057221 4025849.860471 1621823316.566702
353306.381458 4025843.441204 1621823318.617106
353308.057617 4025844.408006 1621823318.316639
353300.370622 4025840.190665 1621823319.666359
353288.75243 4025835.366056 1621823321.667427
353284.782944 4025834.217353 1621823322.366701
353286.754127 4025834.752904 1621823322.028517
353275.422584 4025832.515114 1621823324.117041
353262.183282 4025831.43517 1621823326.816892
353260.395831 4025831.35652 1621823327.165876
353252.866158 4025831.083789 1621823328.566092
353246.849361 4025830.820235 1621823329.616964
353242.685159 4025830.556459 1621823330.316773
353240.560626 4025830.386471 1621823330.666233
353232.796054 4025829.520126 1621823331.96621
353223.383534 4025827.690713 1621823333.716793
353218.603294 4025826.372433 1621823334.716686
353221.900509 4025827.313494 1621823334.029694
353217.265424 4025825.956 1621823335.027514
353209.98408 4025823.357837 1621823337.066348
353205.865477 4025821.617587 1621823339.766867
353204.728237 4025821.12166 1621823340.815913
353203.581343 4025820.588057 1621823341.766883
353204.387052 4025820.968981 1621823341.115791
353199.399495 4025818.743767 1621823343.467187
353200.561639 4025819.231464 1621823343.116003
353190.551977 4025817.138666 1621823345.517595
353184.202722 4025819.899924 1621823346.866512
353185.77565 4025818.802994 1621823346.517729
353182.715209 4025821.307505 1621823347.216678
353168.49671 4025843.324489 1621823350.568227
353166.815766 4025846.007417 1621823350.917819
353160.139165 4025856.521956 1621823352.267176
353158.380304 4025859.271961 1621823352.616874
353155.115125 4025864.368042 1621823353.267256
353149.94835 4025872.416546 1621823354.316776
353143.394364 4025882.656528 1621823355.666945
353140.247247 4025887.590382 1621823356.315971
353129.181766 4025905.16503 1621823358.71683
353124.825543 4025912.306671 1621823359.717584
353123.294501 4025914.821832 1621823360.067212
353115.891069 4025927.312992 1621823361.767446
353113.064449 4025932.34571 1621823362.416645
353107.195848 4025943.501574 1621823363.766713
353108.705767 4025940.538002 1621823363.417296
353100.019883 4025958.209797 1621823365.466997
353097.141743 4025964.266641 1621823366.166073
353093.145928 4025972.69758 1621823367.166461
353086.875261 4025985.981932 1621823368.816249
353083.253467 4025993.637077 1621823369.816806
353080.949863 4025998.444628 1621823370.466975
353077.598088 4026005.489192 1621823371.466932
353075.401287 4026010.116401 1621823372.165746
353070.299133 4026021.047717 1621823373.866111
353071.371085 4026018.748465 1621823373.516475
353063.725826 4026035.005938 1621823375.86714
353062.519914 4026037.551734 1621823376.216554
353057.668618 4026047.811183 1621823377.566602
353053.863366 4026055.822301 1621823378.566841
353052.688959 4026058.291164 1621823378.866889
353047.112496 4026069.728163 1621823380.266942
353044.343616 4026075.316168 1621823380.966819
353036.930141 4026090.448503 1621823382.965909
353032.993159 4026098.29339 1621823384.027892
353030.414612 4026103.286961 1621823384.666586
353027.715242 4026108.368879 1621823385.315624
353023.353728 4026116.253435 1621823386.316761
353021.79154 4026119.019356 1621823386.670027
353015.432144 4026129.962197 1621823388.067041
353012.146286 4026135.426337 1621823388.766609
353010.727805 4026137.767416 1621823389.067015
352999.267409 4026156.358037 1621823391.415733
352992.484357 4026167.067931 1621823392.766602
352988.78788 4026172.934753 1621823393.517372
352981.915482 4026183.400253 1621823394.867102
352980.096823 4026186.085596 1621823395.216573
352972.810799 4026196.651442 1621823396.615704
352965.856297 4026206.390153 1621823397.965938
352964.298198 4026208.497418 1621823398.266819
352962.497288 4026210.946625 1621823398.616397
352957.250245 4026217.978559 1621823399.616383
352948.182269 4026229.403194 1621823401.267148
352942.490081 4026236.188207 1621823402.266215
352938.477142 4026240.920539 1621823402.965996
352930.632398 4026249.924765 1621823404.316407
352916.68127 4026265.023914 1621823406.666152
352914.812268 4026266.953819 1621823406.965962
352908.098846 4026273.701741 1621823408.02693
352901.137774 4026280.419145 1621823409.066811
352891.975649 4026288.970704 1621823410.415752
352887.59879 4026292.912483 1621823411.066972
352881.209377 4026298.608249 1621823412.066818
352871.44928 4026307.298078 1621823413.766405
352873.270534 4026305.636074 1621823413.416619
352869.757855 4026308.89257 1621823414.115654
352863.917601 4026319.494064 1621823416.466374
352864.750861 4026322.157412 1621823417.116394
352905.998605 4026350.154905 1621823423.816661
352911.539621 4026353.670017 1621823424.517393
352921.875674 4026360.153294 1621823425.866674
352924.757147 4026361.967553 1621823426.26631
352941.806854 4026372.699039 1621823428.966733
352947.834548 4026376.562408 1621823429.966328
352949.881682 4026377.868015 1621823430.316221
352955.31106 4026381.279439 1621823431.316275
352957.139766 4026382.424504 1621823431.666048
352966.761951 4026388.364003 1621823433.716144
352965.208269 4026387.432797 1621823433.365274
352974.321793 4026393.071765 1621823435.767306
352976.718306 4026394.544483 1621823436.76642
352975.278191 4026393.659287 1621823436.115458
352978.760501 4026395.8003 1621823437.766327
352985.240471 4026399.025813 1621823439.766324
352988.342225 4026399.84999 1621823440.466721
352989.652385 4026400.108414 1621823440.766395
352998.57 4026400.267773 1621823442.865792
353001.630745 4026399.756051 1621823443.517171
353006.652069 4026398.225475 1621823444.517149
353009.980115 4026396.575361 1621823445.216741
353016.05545 4026391.92183 1621823446.566196
353017.918487 4026390.31637 1621823446.965948
353034.941853 4026374.953791 1621823450.316139
353036.951103 4026373.129318 1621823450.666512
353051.650452 4026359.998201 1621823452.966226
353049.593364 4026361.770645 1621823452.665735
353061.377384 4026352.078548 1621823454.31525
353064.010919 4026350.078038 1621823454.66582
353069.331397 4026346.200067 1621823455.366084
353117.423504 4026320.68048 1621823461.36612
353135.62448 4026315.125191 1621823463.416249
353138.261842 4026314.465965 1621823463.716112
353154.213377 4026311.321991 1621823465.714938
353156.888054 4026310.952913 1621823466.065049
353202.202965 4026308.657793 1621823471.365346
353211.748407 4026309.315053 1621823472.366014
353221.640322 4026310.361142 1621823473.417067
353230.845607 4026311.703022 1621823474.416538
353242.896711 4026314.120858 1621823475.766231
353236.713507 4026312.764208 1621823475.069125
353251.861298 4026316.4274 1621823476.816017
353265.215813 4026320.445916 1621823478.466523
353277.949564 4026325.755368 1621823480.166301
353284.766246 4026329.430787 1621823481.115258
353294.601751 4026335.595797 1621823482.466852
353302.182767 4026340.370113 1621823483.466679
353312.845055 4026346.491939 1621823484.81712
353321.117418 4026350.040639 1621823485.816941
353326.565143 4026351.711124 1621823486.465417
353334.986072 4026352.97317 1621823487.46548
353337.887015 4026352.978282 1621823487.815476
353350.409884 4026349.552314 1621823489.466515
353354.924461 4026346.326596 1621823490.215374
353358.171726 4026342.815123 1621823490.865402
353364.554365 4026334.002043 1621823492.216794
353371.257313 4026323.871768 1621823493.566812
353369.475127 4026326.577278 1621823493.21613
353383.214532 4026305.533999 1621823495.866028
353386.852333 4026299.735566 1621823496.565813
353390.244056 4026294.260877 1621823497.216219
353397.317681 4026282.976024 1621823498.567203
353404.527372 4026271.534845 1621823499.965146
353407.833458 4026266.264088 1621823500.61518
353413.269825 4026257.565708 1621823501.715628
353416.28654 4026252.730924 1621823502.366028
353419.18076 4026248.039209 1621823503.066485
353425.477458 4026237.763949 1621823504.715086
353429.388011 4026231.423404 1621823505.71587
353432.13906 4026227.066608 1621823506.365817
353442.385699 4026210.960029 1621823508.714974
353446.649944 4026204.188707 1621823509.765762
353450.676415 4026197.877773 1621823510.765972
353453.382796 4026193.60219 1621823511.415524
353456.251176 4026189.048092 1621823512.068995
353457.874221 4026186.48604 1621823512.416236
353461.20405 4026181.175169 1621823513.114912
353475.215942 4026159.033673 1621823515.866235
353481.078887 4026149.818941 1621823516.965824
353479.210138 4026152.763449 1621823516.61682
353488.188259 4026138.614753 1621823518.315972
353495.37683 4026127.317813 1621823519.715204
353496.906405 4026124.889997 1621823520.027511
353498.676252 4026122.079524 1621823520.365815
353505.545848 4026111.235315 1621823521.766183
353508.409821 4026106.664117 1621823522.415952
353511.40297 4026101.92771 1621823523.115732
353523.046042 4026083.240433 1621823525.914871
353524.379918 4026080.930655 1621823526.265613
353528.873664 4026072.345357 1621823527.565822
353530.962567 4026067.46374 1621823528.266122
353534.747504 4026054.773577 1621823529.918091
353536.018643 4026046.338379 1621823530.914721
353536.276907 4026043.299918 1621823531.266311
353536.371785 4026031.751145 1621823532.565866
353534.915483 4026019.532101 1621823533.914816
353533.521774 4026013.70327 1621823534.565671
353530.570831 4026004.841462 1621823535.565742
353527.886619 4025998.697083 1621823536.266246
353505.350845 4025969.153594 1621823539.965746
353502.564989 4025966.820602 1621823540.31513
353490.602941 4025958.310702 1621823541.715342
353484.764442 4025954.644891 1621823542.365926
353472.58563 4025947.271259 1621823543.714918
353478.431074 4025950.794113 1621823543.065376
353469.49813 4025945.394534 1621823544.066363
353427.167857 4025918.920278 1621823549.115827
353422.156256 4025915.745462 1621823549.765911
353419.506436 4025914.067778 1621823550.115034
353399.556487 4025901.421202 1621823552.914863
353404.325006 4025904.458898 1621823552.215274
353396.959329 4025899.765768 1621823553.3148
353385.380787 4025892.794366 1621823555.315721
353381.47934 4025891.086295 1621823556.027516
353372.011557 4025890.560282 1621823557.766482
353374.106663 4025890.114645 1621823557.365414
353363.499107 4025897.97443 1621823559.765948
353362.229404 4025899.904186 1621823560.115799
353360.98898 4025901.829557 1621823560.465883
353354.671094 4025912.008017 1621823562.215911
353345.200788 4025927.761171 1621823564.614932
353339.405545 4025937.418799 1621823565.965366
353338.036112 4025939.597279 1621823566.266299
353333.248877 4025947.035166 1621823567.265622
353331.537959 4025949.699698 1621823567.615723
353321.748674 4025965.05963 1621823569.665478
353320.13402 4025967.607302 1621823570.02844
353315.393968 4025975.04801 1621823571.066455
353312.233747 4025980.01949 1621823571.766217
353304.97809 4025991.709503 1621823573.415742
353302.130327 4025996.34339 1621823574.06629
353294.748557 4026008.286028 1621823575.766047
353296.252731 4026005.822673 1621823575.41575
353287.8132 4026019.553508 1621823577.416094
353284.961962 4026024.134619 1621823578.114748
353283.728208 4026026.080836 1621823578.415662
353280.62171 4026030.829925 1621823579.165809
353271.9868 4026041.43367 1621823581.215865
353263.260217 4026053.697667 1621823583.866098
353263.998644 4026052.160793 1621823583.565759
353256.37331 4026070.876377 1621823586.915759
353256.005625 4026072.58787 1621823587.215901
353256.403963 4026079.906897 1621823588.56479
353255.971333 4026078.086789 1621823588.21585
353263.289669 4026088.736058 1621823590.616126
353268.408578 4026091.982464 1621823591.615813
353273.754483 4026095.268713 1621823592.666222
353277.081194 4026097.345701 1621823593.315495
353278.923272 4026098.506438 1621823593.666224
353290.18513 4026105.873332 1621823595.666286
353293.714129 4026108.624828 1621823596.314707
353300.224356 4026115.297037 1621823597.714866
353301.48611 4026116.891234 1621823598.026265
353309.23506 4026125.535592 1621823599.765801
353312.887211 4026128.461363 1621823600.466173
353314.821981 4026129.83886 1621823600.815168
353320.727839 4026133.734596 1621823601.817417
353333.955115 4026142.088887 1621823603.915018
353331.716036 4026140.688319 1621823603.565616
353340.584642 4026146.203663 1621823604.965649
353346.838862 4026150.135796 1621823605.964914
353355.361764 4026155.373022 1621823607.31479
353363.6415 4026160.483666 1621823608.665157
353369.942629 4026164.37869 1621823609.66625
353376.361521 4026168.360303 1621823610.666388
353382.758603 4026172.407613 1621823611.666109
353386.916256 4026175.101839 1621823612.315906
353393.748857 4026179.567913 1621823613.365767
353400.128268 4026183.940956 1621823614.365837
353404.078 4026186.825967 1621823615.026314
353406.179981 4026188.411514 1621823615.365736
353414.067503 4026194.878197 1621823616.714797
353420.943543 4026201.421737 1621823618.0282
353427.233351 4026208.397912 1621823619.415752
353429.484894 4026211.334948 1621823620.115915
353431.01854 4026213.679889 1621823620.765152
353433.218389 4026218.745092 1621823622.115356
353433.519843 4026220.059679 1621823622.416723
353433.390659 4026227.725442 1621823623.766072
353432.846328 4026230.024874 1621823624.11578
353426.233219 4026243.507294 1621823626.165689
353421.114205 4026251.908287 1621823627.516299
353422.39038 4026249.841848 1621823627.166069
353412.989286 4026264.952544 1621823629.615842
353414.458592 4026262.63612 1621823629.26649
353403.465533 4026280.22133 1621823631.666109
353400.185607 4026285.453234 1621823632.314782
353392.868296 4026297.094254 1621823633.71627
353390.983737 4026300.092242 1621823634.066068
353389.080986 4026303.127747 1621823634.415817
353377.691255 4026321.342855 1621823636.466083
353376.058851 4026323.968371 1621823636.765959
353372.063069 4026330.438431 1621823637.517055
353368.691455 4026335.913105 1621823638.16667
353353.087963 4026353.147062 1621823640.914917
353348.78396 4026355.341971 1621823641.615805
353342.239174 4026357.160933 1621823642.61692
353332.472712 4026357.206541 1621823643.915136
353329.665095 4026356.729938 1621823644.2665
353324.333272 4026355.312163 1621823644.915756
353307.542997 4026347.866118 1621823646.915831
353312.953198 4026350.778004 1621823646.26605
353293.912217 4026339.55791 1621823648.56574
353290.995172 4026337.793541 1621823648.915033
353288.091798 4026336.033197 1621823649.266031
353243.662173 4026317.547568 1621823654.36468
353231.397907 4026315.141101 1621823655.665581
353224.70236 4026314.103989 1621823656.365385
353218.466208 4026313.286711 1621823657.026956
353215.085145 4026312.918384 1621823657.366055
353192.759078 4026312.156582 1621823659.715057
353189.811046 4026312.253173 1621823660.066248
353170.770623 4026310.13176 1621823663.766911
353168.92868 4026308.851837 1621823664.165927
353163.413911 4026301.221671 1621823665.815478
353164.244853 4026303.017195 1621823665.466232
353161.921851 4026294.265755 1621823667.166371
353162.006162 4026290.35228 1621823667.866449
353162.581457 4026281.761604 1621823669.215651
353163.082905 4026272.91896 1621823670.565305
353163.390838 4026270.363123 1621823670.964998
353180.550514 4026238.48514 1621823675.665324
353182.21003 4026235.874857 1621823676.028001
353185.498467 4026230.701426 1621823676.71567
353199.515671 4026208.650366 1621823679.766741
353202.682329 4026203.686045 1621823680.416214
353204.4441 4026200.948876 1621823680.766352
353211.331913 4026190.198846 1621823682.11469
353216.435002 4026182.337705 1621823683.11606
353222.94735 4026172.003639 1621823684.466146
353224.572702 4026169.35934 1621823684.815799
353228.013504 4026163.790503 1621823685.565738
353244.339052 4026143.50759 1621823688.965752
353248.612235 4026141.118725 1621823689.666702
353253.159219 4026139.191409 1621823690.31497
353260.934173 4026136.693213 1621823691.31582
353263.750019 4026135.91862 1621823691.666321
353285.77767 4026129.91278 1621823694.666653
353291.747537 4026128.332431 1621823695.715247
353296.941177 4026127.310278 1621823696.715831
353298.538946 4026127.107614 1621823697.027488
353304.94365 4026127.150707 1621823698.115022
353309.439997 4026128.110514 1621823698.815322
353318.28043 4026132.184518 1621823700.165789
353320.542962 4026133.515596 1621823700.518097
353324.76684 4026136.081509 1621823701.166325
353334.051187 4026141.660388 1621823702.565705
353347.289922 4026149.888618 1621823704.66612
353351.425988 4026152.41934 1621823705.365593
353356.982866 4026155.814531 1621823706.365938
353362.847685 4026159.393905 1621823707.715202
353365.578483 4026161.069356 1621823708.714877
353366.951735 4026161.914899 1621823709.764006
353367.214669 4026162.073584 1621823710.465438
353367.145286 4026162.033348 1621823710.11492
353367.206209 4026162.062891 1621823711.114829
