988341.479135 1818621.570018 1621857632.246951
988350.367797 1818628.782419 1621857633.246895
988366.082922 1818641.555295 1621857634.897124
988372.381592 1818646.684797 1621857635.54687
988369.475214 1818644.320237 1621857635.247009
988385.626027 1818657.47876 1621857636.89725
988399.234128 1818668.701104 1621857638.247043
988413.649614 1818680.59658 1621857639.646892
988426.882803 1818691.565624 1621857640.94689
988430.367095 1818694.477785 1621857641.297313
988446.623549 1818708.004513 1621857642.946791
988443.690989 1818705.605591 1621857642.646878
988459.836122 1818718.642092 1621857644.297248
988466.204352 1818723.745849 1621857644.946085
988469.620305 1818726.493641 1621857645.297322
988502.186361 1818752.837173 1621857648.699231
988505.437021 1818755.505149 1621857649.046896
988508.674876 1818758.177576 1621857649.396976
988527.749467 1818773.989851 1621857651.497801
988540.591336 1818784.346188 1621857652.846749
988550.728208 1818792.242352 1621857653.84769
988554.404713 1818795.054802 1621857654.200773
988573.83958 1818809.739596 1621857655.847111
988582.402567 1818816.157097 1621857656.497694
988591.775788 1818823.241737 1621857657.20034
988605.07439 1818833.735563 1621857658.203631
988627.48139 1818852.029969 1621857659.897293
988623.550852 1818848.779871 1621857659.598272
988637.312408 1818860.148641 1621857660.646705
988650.37989 1818870.983273 1621857661.647175
988668.640723 1818886.085 1621857663.047284
988686.290046 1818900.39548 1621857664.396799
988681.704409 1818896.701352 1621857664.04754
988743.955259 1818947.622018 1621857668.797236
988753.337545 1818955.298493 1621857669.497447
988767.466964 1818966.880669 1621857670.546846
988772.205615 1818970.763028 1621857670.897091
988799.373379 1818993.153867 1621857672.897298
988804.159275 1818997.09526 1621857673.247195
988823.341023 1819012.959728 1621857674.646917
988837.044752 1819024.365843 1621857675.646757
988846.68157 1819032.38878 1621857676.346879
988865.419888 1819047.775096 1621857677.69964
988879.493332 1819058.878477 1621857678.699294
988884.455311 1819062.6897 1621857679.047142
988908.984386 1819080.384612 1621857680.746361
988903.882956 1819076.853503 1621857680.396762
988928.708299 1819093.645366 1621857682.09709
988943.198092 1819103.250868 1621857683.097114
988952.551385 1819109.405999 1621857683.746982
988976.166693 1819125.070685 1621857685.396878
988971.8746 1819122.214625 1621857685.09705
988990.48668 1819134.581371 1621857686.397007
989019.148242 1819153.611386 1621857688.397001
989039.009185 1819166.756157 1621857689.796863
989054.20237 1819176.887492 1621857690.897258
989058.291444 1819179.64598 1621857691.209226
989063.139549 1819182.881769 1621857691.546952
989091.052761 1819201.717045 1621857693.596941
989099.800245 1819207.556575 1621857694.248088
989114.24824 1819217.233398 1621857695.34663
989127.115257 1819225.851372 1621857696.345798
989123.290729 1819223.289264 1621857696.046845
989157.137802 1819245.952841 1621857698.745854
989152.794538 1819243.063836 1621857698.396999
989182.592021 1819262.859347 1621857700.846988
989190.779882 1819268.282775 1621857701.546832
989205.599041 1819278.116632 1621857702.846886
989213.378925 1819283.283519 1621857703.546821
989224.245713 1819290.511638 1621857704.546038
989231.158732 1819295.123635 1621857705.206682
989245.141306 1819304.51443 1621857706.547335
989242.083284 1819302.44942 1621857706.246875
989268.25741 1819320.097588 1621857708.897203
989271.574244 1819322.332076 1621857709.24701
989295.833855 1819338.428314 1621857711.897345
989298.891087 1819340.417104 1621857712.247053
989307.441185 1819345.90255 1621857713.247129
989323.077936 1819356.191963 1621857715.247013
989332.345481 1819362.19986 1621857716.896559
989330.69751 1819361.145478 1621857716.54574
989339.911168 1819366.847381 1621857719.897117
989340.076992 1819366.959627 1621857720.896289
989340.068177 1819366.961995 1621857721.246857
989340.045245 1819366.973454 1621857722.596828
989340.026133 1819366.977469 1621857723.29715
989339.994378 1819366.981181 1621857724.698759
989339.983455 1819366.982649 1621857725.346203
989339.979211 1819366.982949 1621857725.69835
989339.965203 1819366.984384 1621857727.097074
989339.973165 1819366.97768 1621857727.396696
989340.005945 1819366.955479 1621857728.097136
989340.005235 1819366.952116 1621857729.846645
989340.002706 1819366.950561 1621857731.206174
989340.004744 1819366.947746 1621857733.547037
989340.0069 1819366.946665 1621857735.546716
989340.00483 1819366.946864 1621857735.946768
989340.004516 1819366.94453 1621857737.946676
989340.002175 1819366.942219 1621857738.646428
989340.00008 1819366.939882 1621857739.297
989339.994663 1819366.937818 1621857739.996952
989339.992931 1819366.937017 1621857740.397339
989339.987717 1819366.935205 1621857742.397139
989339.988686 1819366.934709 1621857743.446564
989339.984062 1819366.933202 1621857744.446609
989339.983864 1819366.933285 1621857744.745727
989339.982809 1819366.933273 1621857745.446615
989339.981524 1819366.933009 1621857746.146945
989339.978042 1819366.936124 1621857748.896728
989339.977806 1819366.937402 1621857749.596985
989339.977468 1819366.937615 1621857750.897492
989339.979519 1819366.937834 1621857751.897054
989339.97915 1819366.93819 1621857752.596713
989339.977647 1819366.937821 1621857753.596792
989339.977975 1819366.937684 1621857754.59692
989339.97852 1819366.936295 1621857754.246586
989339.970441 1819366.93843 1621857757.996746
989339.970841 1819366.938319 1621857758.346877
989339.970523 1819366.939065 1621857758.646804
989339.974647 1819366.941896 1621857760.046708
989339.97444 1819366.942036 1621857760.396881
989339.97202 1819366.940667 1621857762.446749
989339.971942 1819366.9403 1621857762.796596
989339.971271 1819366.939716 1621857763.147054
989339.974634 1819366.939968 1621857764.846717
989339.976584 1819366.936367 1621857771.546643
989339.976441 1819366.936843 1621857772.945861
989339.976116 1819366.937155 1621857773.59672
989339.975308 1819366.937032 1621857773.247302
989339.978973 1819366.937784 1621857775.596859
989339.981221 1819366.938898 1621857776.297069
989339.978489 1819366.93837 1621857777.297146
989339.98042 1819366.939569 1621857778.646646
989339.979809 1819366.940802 1621857779.346829
989339.981524 1819366.940685 1621857779.996683
989339.980145 1819366.94015 1621857781.746712
989339.980667 1819366.939905 1621857782.046555
989339.980409 1819366.939962 1621857783.796724
989339.979169 1819366.939919 1621857783.446605
989339.979804 1819366.939948 1621857785.846726
989339.980303 1819366.940717 1621857786.546735
989339.979356 1819366.943005 1621857787.246183
989339.980543 1819366.941886 1621857788.596969
989339.980403 1819366.940531 1621857789.946697
989339.980737 1819366.942232 1621857789.297305
989339.980763 1819366.942644 1621857791.946673
989339.980451 1819366.942948 1621857792.946724
989339.981804 1819366.943234 1621857792.297161
989339.979372 1819366.942314 1621857794.646754
989339.98058 1819366.942399 1621857794.297456
989339.975269 1819366.939001 1621857796.94665
989339.97817 1819366.941549 1621857796.29751
989339.976486 1819366.940585 1621857798.646527
989339.977384 1819366.941444 1621857799.946743
989339.976208 1819366.940241 1621857800.646637
989339.974724 1819366.939536 1621857800.996736
989339.976597 1819366.939105 1621857802.345888
989339.973763 1819366.936908 1621857803.046724
989339.975173 1819366.937541 1621857803.746642
989339.975718 1819366.937302 1621857804.746654
989339.976021 1819366.937502 1621857805.796942
989339.976026 1819366.939081 1621857807.596963
989339.977008 1819366.937856 1621857808.94672
989339.976428 1819366.938175 1621857808.646778
989339.977658 1819366.938633 1621857810.345773
989339.977144 1819366.938543 1621857810.698505
989339.976566 1819366.939389 1621857811.99696
989339.976386 1819366.937563 1621857812.997005
989339.976691 1819366.940223 1621857814.396595
989339.97627 1819366.939277 1621857815.396836
989339.976091 1819366.939192 1621857815.09726
989339.976783 1819366.940206 1621857816.097095
989339.977178 1819366.936761 1621857818.446663
989340.183405 1819367.064476 1621857819.796814
989340.842731 1819367.466938 1621857820.795978
989341.137015 1819367.646686 1621857821.096908
989345.291437 1819370.10712 1621857822.846647
989346.662757 1819370.906286 1621857823.206704
989353.237957 1819374.629668 1621857824.546877
989356.98939 1819376.516466 1621857825.205825
989366.347917 1819380.182364 1621857826.595909
989374.745394 1819382.306108 1621857827.646788
989380.384343 1819383.188132 1621857828.296788
989390.03747 1819383.746618 1621857829.346638
989393.369722 1819383.726891 1621857829.698372
989403.181485 1819383.281934 1621857830.698171
989424.401983 1819380.893461 1621857832.698531
989428.324884 1819380.271653 1621857833.046752
989443.296861 1819377.652928 1621857834.3467
989439.834248 1819378.279394 1621857834.046612
989467.835825 1819373.044043 1621857836.446504
989475.572196 1819371.512989 1621857837.097219
989479.758997 1819370.677028 1621857837.446767
989488.75952 1819368.880152 1621857838.205814
989521.511281 1819362.33355 1621857840.896924
989517.232845 1819363.172257 1621857840.546595
989542.973436 1819358.207264 1621857842.646706
989555.746525 1819355.717313 1621857843.69843
989564.149805 1819354.144356 1621857844.395907
989579.520565 1819351.280984 1621857845.698686
989591.948926 1819349.12871 1621857846.746551
989583.646258 1819350.55256 1621857846.046597
989615.849758 1819345.520306 1621857848.746503
989635.740267 1819343.420637 1621857850.447064
989647.199155 1819342.580608 1621857851.447207
989661.83081 1819341.72643 1621857852.746651
989658.477668 1819341.887193 1621857852.447587
989666.281774 1819341.533064 1621857853.146551
989684.72716 1819340.941225 1621857854.846976
989688.382466 1819340.860723 1621857855.209884
989711.930098 1819340.431118 1621857857.596589
989714.987739 1819340.33159 1621857857.946803
989725.933015 1819340.014766 1621857859.34683
989734.219069 1819339.954222 1621857860.699261
989735.892143 1819339.939979 1621857861.046647
989741.365848 1819339.795603 1621857862.746829
989742.376782 1819339.749806 1621857863.396778
989743.163533 1819339.736831 1621857864.746871
989742.936594 1819339.74312 1621857864.046943
989743.284768 1819339.770049 1621857866.046252
989745.051226 1819339.90538 1621857867.745915
989747.152386 1819339.916243 1621857868.745931
989745.559331 1819339.911816 1621857868.04667
989761.883932 1819339.785888 1621857872.097043
989771.07904 1819339.675795 1621857873.446577
989773.760967 1819339.662818 1621857873.79668
989785.234275 1819339.669833 1621857875.146865
989801.078573 1819339.657944 1621857876.796704
989797.591966 1819339.666956 1621857876.446605
989815.320896 1819339.659372 1621857878.146743
989826.767361 1819339.619296 1621857879.145701
989830.938981 1819339.618236 1621857879.496953
989918.712726 1819338.759149 1621857886.206069
989988.480292 1819338.539188 1621857890.846474
989994.054761 1819338.578683 1621857891.206044
990046.346043 1819339.462094 1621857894.545872
990067.014421 1819339.589829 1621857895.897177
990082.328489 1819339.653844 1621857896.896556
990086.9072 1819339.671493 1621857897.20739
990108.066715 1819339.665413 1621857898.59663
990124.005326 1819339.515608 1621857899.646434
990140.219938 1819339.12304 1621857900.698159
990145.692776 1819338.935389 1621857901.046787
990167.025777 1819338.131076 1621857902.396716
990190.182636 1819337.600925 1621857903.846464
990207.149597 1819337.454679 1621857904.89701
990201.462638 1819337.481925 1621857904.546715
990224.317598 1819337.476128 1621857905.945634
990252.867221 1819337.92503 1621857907.698207
990258.558808 1819338.031077 1621857908.046829
990302.454372 1819338.881738 1621857910.746937
990318.695969 1819339.242706 1621857911.746736
990312.998367 1819339.117111 1621857911.395717
990340.897475 1819339.810477 1621857913.097004
990358.409939 1819340.354136 1621857914.145808
990386.498258 1819341.368551 1621857915.796765
990392.552555 1819341.603952 1621857916.145997
990416.006707 1819342.315628 1621857917.496962
990409.91136 1819342.147459 1621857917.146105
990427.357727 1819342.612243 1621857918.146812
990462.274862 1819343.566818 1621857920.14682
990485.448886 1819344.188117 1621857921.497115
990508.054328 1819344.767437 1621857922.846608
990513.81147 1819344.918384 1621857923.204108
990519.546759 1819345.073916 1621857923.547194
990541.275168 1819345.753624 1621857924.896546
990568.364619 1819346.960955 1621857926.646638
990578.290086 1819347.395819 1621857927.346681
990587.363642 1819347.832992 1621857928.046426
990605.405957 1819348.899775 1621857929.74685
990611.225759 1819349.163664 1621857930.446528
990619.771385 1819348.403301 1621857931.746766
990624.556981 1819345.773107 1621857932.746732
990626.973016 1819342.828361 1621857933.44655
990629.899257 1819335.044049 1621857934.799166
990630.499421 1819327.57023 1621857935.796745
990630.539215 1819324.578867 1621857936.145727
990630.07244 1819294.57893 1621857938.796908
990629.737188 1819285.892962 1621857939.446644
990629.01982 1819271.922601 1621857940.446424
990627.480698 1819231.292528 1621857943.146579
990627.360226 1819225.790936 1621857943.49654
990626.93431 1819197.717412 1621857945.24658
990626.896754 1819192.019447 1621857945.596741
990626.597984 1819158.395605 1621857947.646533
990626.564516 1819152.626149 1621857947.996677
990626.484753 1819124.417619 1621857949.698442
990626.44206 1819117.724434 1621857950.096487
990626.226845 1819095.730173 1621857951.39563
990626.166524 1819071.73858 1621857952.7957
990626.164408 1819077.757266 1621857952.446642
990626.13747 1819041.566054 1621857954.54527
990626.055363 1819024.289546 1621857955.546268
990625.916928 1819001.161317 1621857956.898926
990625.869992 1818995.23232 1621857957.246359
990625.821439 1818989.313073 1621857957.595265
990625.608525 1818959.541389 1621857959.346888
990625.395063 1818918.972859 1621857961.698324
990625.381122 1818912.818723 1621857962.046487
990625.157898 1818881.595155 1621857963.796593
990625.206246 1818887.879111 1621857963.447044
990624.74018 1818856.21068 1621857965.208427
990624.568608 1818849.809645 1621857965.546832
990624.065202 1818830.519019 1621857966.596712
990622.827267 1818792.305007 1621857968.647447
990622.572878 1818785.709405 1621857968.996753
990622.311058 1818779.101275 1621857969.346508
990620.811202 1818741.104187 1621857971.346372
990620.002126 1818721.027872 1621857972.396597
990619.423892 1818707.639081 1621857973.096717
990618.03768 1818675.037991 1621857974.796701
990617.735116 1818668.334333 1621857975.146421
990614.355606 1818597.405382 1621857978.846544
990614.586435 1818603.129284 1621857978.546346
990614.132833 1818590.753584 1621857979.207531
990613.391139 1818571.356468 1621857980.208501
990613.095092 1818552.33935 1621857981.207552
990613.919074 1818525.608553 1621857982.596622
990616.433341 1818492.28034 1621857984.346373
990617.072868 1818485.692581 1621857984.698434
990618.473934 1818472.637151 1621857985.39651
990628.608723 1818396.095271 1621857989.747079
990630.083969 1818384.899821 1621857990.446709
990631.445398 1818375.014607 1621857991.0968
990634.464356 1818352.88568 1621857992.746729
990633.973323 1818356.53219 1621857992.446754
990634.944295 1818348.850541 1621857993.097193
990633.652845 1818329.538857 1621857995.146548
990610.071156 1818311.300431 1621857998.796449
990613.20186 1818311.799053 1621857998.44665
990589.039262 1818310.565014 1621858000.796645
990576.717912 1818310.565768 1621858001.846638
990572.984857 1818310.457495 1621858002.146696
990563.899934 1818310.026186 1621858002.846692
990555.192491 1818309.445103 1621858003.49699
990505.571718 1818307.219002 1621858006.896635
990500.944753 1818307.033499 1621858007.208912
990490.020707 1818306.522881 1621858007.896738
990473.236538 1818305.654809 1621858008.946486
990456.161918 1818304.941747 1621858009.99646
990439.747811 1818304.504888 1621858010.996632
990422.498954 1818304.452527 1621858012.046547
990393.815554 1818304.62907 1621858013.796428
990376.789659 1818304.7916 1621858014.846629
990371.138669 1818304.822571 1621858015.20929
990349.47779 1818304.906159 1621858016.546719
990354.27466 1818304.855188 1621858016.246942
990337.509253 1818305.102397 1621858017.296895
990297.839771 1818305.719815 1621858019.796574
990286.704786 1818305.750503 1621858020.496866
990270.738761 1818305.696463 1621858021.496644
990249.092934 1818305.661302 1621858022.846629
990232.219371 1818305.725105 1621858023.896618
990221.74503 1818305.770478 1621858024.546769
990227.3876 1818305.747715 1621858024.209283
990199.923869 1818305.885635 1621858025.896802
990194.258822 1818305.919391 1621858026.246549
990161.484787 1818306.123551 1621858028.246481
990139.069463 1818306.235154 1621858029.596499
990116.444707 1818306.341667 1621858030.945858
990128.20464 1818306.294002 1621858030.246347
990083.237455 1818306.523223 1621858032.896898
990088.383985 1818306.487457 1621858032.596722
990053.984769 1818306.683079 1621858034.59652
990013.283257 1818306.832508 1621858036.945614
990007.148761 1818306.874249 1621858037.297116
989983.277804 1818307.051244 1621858038.646837
989965.388669 1818307.136544 1621858039.646487
989941.855315 1818307.296574 1621858040.946613
989953.670322 1818307.221428 1621858040.296445
989934.542623 1818307.342805 1621858041.346497
989896.654931 1818307.576488 1621858043.39646
989882.667169 1818307.660597 1621858044.146523
989856.401015 1818307.777446 1621858045.546669
989863.933036 1818307.738324 1621858045.14664
989811.855682 1818308.002024 1621858047.896504
989798.472375 1818308.081306 1621858048.597495
989779.271512 1818308.190046 1621858049.595413
989773.497346 1818308.225197 1621858049.89655
989766.746984 1818308.264187 1621858050.246728
989733.734772 1818308.351906 1621858051.946657
989721.044674 1818308.397246 1621858052.59553
989687.552621 1818308.471518 1621858054.296942
989660.489815 1818308.585844 1621858055.646481
989640.080351 1818308.664743 1621858056.6472
989626.612186 1818308.732911 1621858057.297013
989590.493926 1818308.973792 1621858058.996534
989604.481516 1818308.867021 1621858058.346613
989576.293127 1818309.094635 1621858059.646507
989560.788839 1818309.226512 1621858060.346709
989530.281806 1818309.435784 1621858061.698582
989484.031954 1818309.518112 1621858063.696406
989475.878695 1818309.538224 1621858064.045909
989452.516879 1818309.602926 1621858065.045708
989420.863059 1818309.686098 1621858066.395283
989388.157987 1818309.846459 1621858067.794876
989363.997162 1818310.009469 1621858068.846054
989340.361794 1818310.197679 1621858069.895958
989317.202468 1818310.367376 1621858070.946228
989310.695886 1818310.399308 1621858071.245842
989303.162395 1818310.443123 1621858071.596072
989288.323982 1818310.500547 1621858072.296093
989266.611847 1818310.571855 1621858073.3458
989246.6586 1818310.655222 1621858074.346081
989128.666424 1818311.437763 1621858080.698421
989091.394589 1818311.410286 1621858082.747978
989085.073356 1818311.412132 1621858083.09705
989067.872975 1818311.455399 1621858084.046534
989048.833255 1818311.499223 1621858085.096333
989018.704016 1818311.582309 1621858086.747091
989000.667961 1818311.641868 1621858087.747552
988994.397654 1818311.677233 1621858088.097051
988970.161144 1818312.181638 1621858089.446651
988958.610592 1818312.664186 1621858090.097217
988928.981489 1818314.099662 1621858091.796364
988917.034384 1818314.588382 1621858092.49661
988893.355947 1818315.362965 1621858093.896259
988882.389647 1818315.574209 1621858094.546803
988858.726561 1818315.813334 1621858095.946654
988869.712298 1818315.731608 1621858095.296454
988852.811484 1818315.838057 1621858096.296823
988835.090611 1818315.945452 1621858097.346549
988812.243269 1818316.061597 1621858098.697771
988794.592916 1818316.216163 1621858099.747059
988760.38251 1818316.739024 1621858101.796324
988743.787805 1818317.242411 1621858102.7966
988728.272031 1818317.666586 1621858103.746979
988716.942421 1818318.147022 1621858104.446529
988722.590223 1818317.900864 1621858104.096279
988679.903347 1818319.515 1621858106.796466
988690.761206 1818319.190455 1621858106.096324
988655.031503 1818319.965041 1621858108.44641
988641.278074 1818320.24421 1621858109.446479
988636.850144 1818320.362246 1621858109.795963
988622.186359 1818320.948346 1621858111.096888
988615.43386 1818321.317236 1621858111.796604
988604.946447 1818322.208645 1621858113.096774
988602.654207 1818322.484958 1621858113.446685
988592.778339 1818323.893048 1621858118.146603
988592.785767 1818323.88639 1621858119.496448
988592.792066 1818323.899411 1621858121.496448
988592.812498 1818323.896609 1621858124.846501
988592.812508 1818323.896671 1621858126.146886
988592.814213 1818323.894337 1621858127.54641
988592.812057 1818323.895211 1621858128.206102
988592.814622 1818323.892484 1621858129.89647
988592.812612 1818323.890702 1621858130.946583
988592.811761 1818323.889561 1621858131.946552
988592.811833 1818323.889154 1621858132.596658
988592.810922 1818323.889499 1621858133.246836
988592.811414 1818323.888632 1621858133.596482
988592.811352 1818323.888248 1621858134.595512
988592.810224 1818323.884839 1621858135.646323
988592.807712 1818323.87707 1621858136.646406
988592.803238 1818323.864554 1621858138.746611
988592.802464 1818323.860277 1621858139.796546
988592.803692 1818323.857526 1621858140.795477
988592.80449 1818323.855248 1621858141.848419
988592.803324 1818323.854416 1621858142.206685
988592.80429 1818323.854104 1621858142.896256
988592.808264 1818323.848851 1621858144.596459
988592.813154 1818323.847431 1621858145.296235
988592.810424 1818323.846453 1621858145.996372
988592.812227 1818323.845581 1621858146.646553
988592.818828 1818323.840302 1621858148.395485
988592.818747 1818323.840133 1621858148.697452
988592.818509 1818323.83961 1621858149.04659
988592.817687 1818323.837533 1621858151.496718
988592.820174 1818323.837534 1621858152.146529
988592.815872 1818323.836752 1621858153.205756
988592.815858 1818323.836644 1621858153.496358
988592.81611 1818323.836037 1621858155.946807
988592.816069 1818323.836351 1621858155.246642
988592.813983 1818323.835213 1621858157.995277
988592.814252 1818323.834678 1621858158.346545
988592.818028 1818323.833868 1621858158.996424
988592.817538 1818323.829716 1621858160.096541
988592.817288 1818323.830484 1621858161.096594
988592.754628 1818323.838984 1621858162.795616
988592.448525 1818323.886509 1621858163.496357
988590.618432 1818324.185437 1621858164.896395
988589.910874 1818324.301844 1621858165.205226
988588.100639 1818324.615366 1621858165.896918
988580.618765 1818326.19679 1621858167.94667
988578.912734 1818326.610809 1621858168.296702
988575.475614 1818327.519132 1621858168.946619
988565.291521 1818330.770239 1621858170.646262
988563.043381 1818331.596213 1621858170.996632
988558.40865 1818333.342467 1621858171.697626
988553.483471 1818335.24552 1621858172.395547
988535.189544 1818343.126078 1621858174.796556
988529.963792 1818345.651257 1621858175.446502
988523.811764 1818348.840449 1621858176.206444
988509.775937 1818357.163057 1621858177.89637
988515.589349 1818353.551821 1621858177.205728
988492.597169 1818369.169432 1621858179.946674
988489.693106 1818371.576747 1621858180.29655
988487.212445 1818373.74938 1621858180.595597
988481.421049 1818379.152856 1621858181.296957
988472.739696 1818388.031682 1621858182.346494
988453.142518 1818409.996188 1621858184.747268
988450.315655 1818413.334475 1621858185.096708
988447.486009 1818416.697074 1621858185.446223
988392.550411 1818483.330984 1621858192.146544
988378.451197 1818500.473104 1621858193.896902
988370.17597 1818510.568617 1621858194.946603
988367.433723 1818513.897082 1621858195.29638
988359.25789 1818523.799971 1621858196.346904
988353.856766 1818530.348531 1621858197.046488
988351.551486 1818533.14889 1621858197.346895
988317.973164 1818581.233193 1621858203.096847
988317.736699 1818584.036933 1621858203.446636
988325.259131 1818602.293992 1621858205.846412
988327.192431 1818604.414966 1621858206.146399
988329.995369 1818607.186671 1621858206.546567
988366.380394 1818637.68524 1621858210.896279
988375.299089 1818644.941424 1621858211.896058
988384.27099 1818652.291106 1621858212.896485
988381.573557 1818650.077557 1621858212.59659
988402.269 1818667.08815 1621858214.896313
988408.537512 1818672.267196 1621858215.595288
988417.452936 1818679.653329 1621858216.595507
988429.889136 1818689.858696 1621858217.996317
988435.551723 1818694.492768 1621858218.646401
988432.515102 1818692.001856 1621858218.296879
988441.206777 1818699.09855 1621858219.296576
988459.436847 1818713.874869 1621858221.395436
988462.0411 1818715.97773 1621858221.697661
988468.555049 1818721.241442 1621858222.446418
988477.225407 1818728.270523 1621858223.446447
988494.621013 1818742.547789 1621858225.496556
988503.066103 1818749.477373 1621858226.54668
988522.919497 1818765.84379 1621858229.20829
988549.106003 1818787.220589 1621858233.548432
988561.721548 1818797.605453 1621858235.946744
988559.590215 1818795.827775 1621858235.596379
988573.70062 1818807.598227 1621858237.596481
988582.602835 1818814.946687 1621858238.646529
988591.852978 1818822.518366 1621858239.646242
988601.615517 1818830.553254 1621858240.645911
988608.694939 1818836.377671 1621858241.346765
988615.425926 1818841.938591 1621858241.996454
988634.197831 1818857.306203 1621858243.698509
988637.677382 1818860.128672 1621858243.996429
988650.169314 1818870.385362 1621858245.046613
988666.776309 1818884.151228 1621858246.396798
988679.357051 1818894.652763 1621858247.39628
988692.096147 1818905.297071 1621858248.396301
988687.613848 1818901.556234 1621858248.046344
988701.185546 1818912.785074 1621858249.096374
988732.043039 1818937.941308 1621858251.396707
988745.800517 1818949.174142 1621858252.396533
988764.71065 1818964.572589 1621858253.746442
988773.879105 1818972.133259 1621858254.396489
988793.011257 1818988.099393 1621858255.746457
988817.418388 1819008.487275 1621858257.44644
988827.568652 1819016.901046 1621858258.146556
988848.038897 1819033.634637 1621858259.546646
988867.173781 1819049.118992 1621858260.846678
988872.339932 1819053.256947 1621858261.20927
988887.336243 1819064.789326 1621858262.209605
988902.754239 1819075.829246 1621858263.208834
988923.930853 1819090.146232 1621858264.546216
988945.147797 1819104.266336 1621858265.896673
988961.512215 1819115.223481 1621858266.946692
988977.061872 1819125.598817 1621858267.946732
988966.177989 1819118.333035 1621858267.247459
988998.045778 1819139.532042 1621858269.296317
989018.723937 1819153.393201 1621858270.646628
989034.14736 1819163.681391 1621858271.646214
989049.457598 1819173.931102 1621858272.646171
989060.14316 1819181.099159 1621858273.346865
989070.161038 1819187.747341 1621858273.996591
989090.667012 1819201.428072 1621858275.347104
989111.696337 1819215.495357 1621858276.746451
989121.36887 1819221.957278 1621858277.39628
989116.910183 1819218.974155 1621858277.096288
989147.197032 1819239.269347 1621858279.146554
989166.942894 1819252.459963 1621858280.496556
989187.214056 1819265.955209 1621858281.8969
989191.535014 1819268.831841 1621858282.209181
989211.434747 1819282.077236 1621858283.596377
989221.178618 1819288.556965 1621858284.296263
989239.545222 1819300.85873 1621858285.646608
989253.573029 1819310.019856 1621858286.698269
989262.23537 1819315.334068 1621858287.34682
989271.57632 1819320.807312 1621858288.046579
989280.766875 1819326.14632 1621858288.746813
989285.271613 1819328.846991 1621858289.096796
989302.978942 1819339.817906 1621858290.49665
989310.995076 1819344.743756 1621858291.146825
989339.537995 1819361.706533 1621858293.646392
989345.812504 1819365.222011 1621858294.346982
989353.643188 1819368.76874 1621858295.396424
989351.165389 1819367.787168 1621858295.04637
989374.159469 1819195.558619 1621858312.746686
989374.102271 1819190.348625 1621858313.096746
989374.047161 1819185.138402 1621858313.446569
989373.78721 1819164.311902 1621858314.846406
989373.551843 1819145.356099 1621858316.146757
989373.484571 1819139.635314 1621858316.546473
989372.755499 1819084.571505 1621858320.547157
989372.319244 1819066.519328 1621858321.89678
989372.446745 1819071.144816 1621858321.546754
989371.86093 1819049.138666 1621858323.246095
989371.776075 1819044.92526 1621858323.596239
989371.421588 1819026.535803 1621858325.346464
989371.268308 1819018.235396 1621858326.395185
989371.16237 1819014.129492 1621858327.046267
989369.879716 1819006.656719 1621858328.446101
989335.681829 1818993.316097 1621858333.796504
989325.525987 1818990.772974 1621858334.796293
989321.807509 1818989.747631 1621858335.146819
989318.539141 1818988.819976 1621858335.446317
989310.712722 1818986.448334 1621858336.14659
989294.288144 1818981.0632 1621858337.546232
989286.173248 1818978.35436 1621858338.207007
989249.448526 1818966.112031 1621858340.946902
989244.555575 1818964.513645 1621858341.296273
989225.957707 1818958.44706 1621858342.595222
989215.742998 1818955.06793 1621858343.296541
989200.965892 1818950.077917 1621858344.296249
989196.498307 1818948.558396 1621858344.596456
989165.571864 1818937.799277 1621858346.646135
989150.448777 1818931.997946 1621858347.646088
989140.707589 1818927.84539 1621858348.296826
989120.531869 1818918.492508 1621858349.646615
989115.26779 1818915.964172 1621858349.996134
989100.094576 1818908.579543 1621858350.996265
989084.870865 1818900.945669 1621858351.995311
989059.188271 1818887.553313 1621858353.698107
989053.931819 1818884.717517 1621858354.045927
989049.47793 1818882.254138 1621858354.346589
989014.66443 1818861.631126 1621858356.746446
989000.561686 1818852.742575 1621858357.746696
988991.484291 1818846.938991 1621858358.396087
988972.858132 1818834.931084 1621858359.746421
988959.074195 1818826.00345 1621858360.746172
988949.497107 1818819.659619 1621858361.446074
988940.674432 1818813.682446 1621858362.096537
988919.084113 1818798.225806 1621858363.746364
988906.65273 1818788.63895 1621858364.746465
988898.240743 1818781.840803 1621858365.446228
988883.237335 1818769.120483 1621858366.746359
988886.628504 1818772.071971 1621858366.446213
988865.515809 1818752.820242 1621858368.445289
988854.301432 1818741.635852 1621858369.746635
988851.561038 1818738.860653 1621858370.096203
988842.25443 1818729.29558 1621858371.446177
988835.175168 1818721.815338 1621858372.746426
988830.473988 1818716.844686 1621858373.846062
988827.157169 1818713.362622 1621858374.845489
988826.219787 1818712.381722 1621858375.19944
988823.543393 1818709.546963 1621858376.896307
988823.319122 1818709.307523 1621858377.202849
988823.130083 1818709.140193 1621858377.546425
988822.950595 1818708.953818 1621858378.996256
988822.974731 1818708.919301 1621858380.697587
988822.960858 1818708.903947 1621858381.346726
988822.929649 1818708.888927 1621858382.39613
988822.917672 1818708.888157 1621858383.096128
988822.91994 1818708.896107 1621858384.096087
988822.905816 1818708.873626 1621858384.797954
988822.895812 1818708.857533 1621858385.496374
988822.897009 1818708.859693 1621858386.202155
988821.263404 1818707.142122 1621858389.846153
988820.696033 1818706.522444 1621858390.546678
988820.235575 1818706.012456 1621858391.200868
988818.71388 1818704.415571 1621858392.546761
988818.056574 1818703.698733 1621858392.896263
988816.343562 1818701.876544 1621858393.595882
988809.362106 1818694.39598 1621858395.697953
988806.527351 1818691.358232 1621858396.346529
988799.823242 1818684.317177 1621858397.697681
988801.385961 1818685.972075 1621858397.39602
988791.887623 1818675.984569 1621858399.096216
988783.065641 1818666.713134 1621858400.496564
988773.945625 1818657.041085 1621858401.846033
988776.363937 1818659.606302 1621858401.496552
988771.503381 1818654.431926 1621858402.208562
988759.119256 1818641.033364 1621858403.896619
988756.442935 1818638.138473 1621858404.24639
988742.894272 1818623.549775 1621858405.946696
988731.51852 1818611.331267 1621858407.296411
988728.447128 1818608.050255 1621858407.64606
988709.896088 1818587.836081 1621858409.698217
988699.377522 1818576.460285 1621858410.796247
988689.528482 1818565.935851 1621858411.796393
988686.516938 1818562.754158 1621858412.096285
988679.401154 1818555.29893 1621858412.795434
988666.147803 1818541.15284 1621858414.096453
988652.50123 1818526.482564 1621858415.446178
988642.532136 1818515.965083 1621858416.446568
988639.069081 1818512.336581 1621858416.796326
988619.552938 1818492.250529 1621858418.79648
988609.993383 1818482.751321 1621858419.796136
988606.667351 1818479.516562 1621858420.146778
988603.818194 1818476.890302 1621858420.446064
988558.256374 1818434.717999 1621858424.847443
988554.6848 1818431.338372 1621858425.207658
988544.716366 1818421.686452 1621858426.208792
988537.946542 1818415.013294 1621858426.896066
988528.556459 1818405.807084 1621858427.896657
988517.24152 1818394.922472 1621858429.246221
988505.067089 1818385.429178 1621858430.946586
988507.528576 1818386.93761 1621858430.596227
988492.892629 1818381.845262 1621858432.596026
988487.749344 1818381.903456 1621858433.246176
988484.882595 1818382.406819 1621858433.596263
988390.640718 1818485.566645 1621858445.697816
988393.56386 1818481.911189 1621858445.346504
988379.120811 1818499.524792 1621858447.045982
988348.509953 1818536.365146 1621858450.698308
988345.659366 1818539.860434 1621858451.046174
988330.177446 1818558.876296 1621858453.046254
988324.020902 1818567.008101 1621858454.045985
988318.221249 1818578.687187 1621858455.74641
988318.940158 1818576.353454 1621858455.395948
988318.624372 1818589.805871 1621858457.44617
988319.39253 1818591.633828 1621858457.746526
988329.283347 1818603.006517 1621858459.746617
988334.031326 1818607.141071 1621858460.446007
988338.861968 1818611.278486 1621858461.096249
988344.065405 1818615.729798 1621858461.747037
988361.697828 1818630.860988 1621858463.796379
988355.620761 1818625.705229 1621858463.09654
988378.148572 1818644.600734 1621858465.746526
988380.965713 1818647.029374 1621858466.096051
988392.402892 1818657.270497 1621858467.496234
988403.733002 1818667.483283 1621858468.796141
988409.9653 1818672.973547 1621858469.49608
988421.825 1818683.11984 1621858470.846329
988427.863585 1818688.174219 1621858471.546564
988433.914243 1818693.256766 1621858472.246227
