353575.190056 4025966.731051 1621852665.900728
353577.883087 4025968.807377 1621852666.209247
353601.508573 4025987.49534 1621852668.750084
353609.731539 4025994.062791 1621852669.600441
353619.579565 4026001.999881 1621852670.600396
353616.115009 4025999.20814 1621852670.250796
353631.120359 4026011.327571 1621852671.750243
353647.201961 4026024.142064 1621852673.300854
353650.964558 4026027.092121 1621852673.650457
353658.134354 4026032.63026 1621852674.30113
353673.753767 4026044.689915 1621852675.650022
353690.125068 4026056.955052 1621852676.94919
353699.598426 4026063.810986 1621852677.65003
353718.654983 4026077.411256 1621852679.000445
353723.659499 4026081.074544 1621852679.350002
353747.252388 4026099.05961 1621852681.000206
353761.453923 4026110.276282 1621852681.99997
353785.864872 4026129.449307 1621852683.701535
353795.225801 4026136.872964 1621852684.34995
353805.347115 4026144.916531 1621852685.050367
353829.446886 4026163.984912 1621852686.701705
353844.227063 4026175.692058 1621852687.702547
353860.018681 4026188.147921 1621852688.750195
353869.912427 4026195.896974 1621852689.400267
353890.605928 4026212.170628 1621852690.750044
353879.849663 4026203.684705 1621852690.050468
353924.702629 4026239.116 1621852692.949805
353929.345929 4026242.799712 1621852693.250218
353940.201004 4026251.351704 1621852693.950162
353942.528466 4026253.179842 1621852694.100818
353968.617682 4026274.296247 1621852695.800505
353986.933811 4026289.073796 1621852697.000295
354006.708097 4026305.356251 1621852698.300664
354038.041956 4026330.413115 1621852700.350086
354043.398612 4026334.64387 1621852700.703369
354053.339364 4026342.53598 1621852701.350093
354084.454947 4026367.601869 1621852703.399535
354104.150422 4026383.257092 1621852704.702681
354109.47113 4026387.408072 1621852705.050137
354129.847229 4026403.068934 1621852706.399488
354149.9511 4026417.213054 1621852707.702229
354155.487848 4026420.871725 1621852708.050131
354176.996447 4026434.791489 1621852709.39998
354171.403601 4026431.223057 1621852709.05051
354216.575019 4026460.383625 1621852711.900876
354224.458437 4026465.458873 1621852712.400432
354240.243559 4026475.503831 1621852713.400387
354251.271078 4026482.472742 1621852714.100833
354271.699511 4026495.374617 1621852715.400163
354287.338957 4026505.291273 1621852716.400311
354311.402935 4026520.56282 1621852717.950355
354322.090516 4026527.380398 1621852718.650194
354316.754099 4026523.965885 1621852718.300687
354337.297674 4026537.13003 1621852719.650013
354358.832806 4026551.408618 1621852721.050232
354385.221195 4026568.472355 1621852722.750345
354400.58821 4026578.539251 1621852723.750447
354415.677406 4026588.377385 1621852724.750448
354430.515866 4026598.015993 1621852725.750178
354445.243579 4026607.574925 1621852726.750309
354435.701318 4026601.382608 1621852726.100993
354476.625541 4026627.98645 1621852728.94905
354486.332712 4026634.22832 1621852729.650065
354481.492952 4026631.120712 1621852729.300678
354495.237471 4026639.923441 1621852730.300642
354526.520687 4026659.652407 1621852732.650774
354539.291109 4026667.756015 1621852733.65206
354543.024402 4026670.119926 1621852733.950112
354554.845912 4026677.718929 1621852734.951507
354574.761739 4026690.352292 1621852736.950177
354568.838499 4026686.703259 1621852736.300527
354584.892362 4026696.536021 1621852738.300586
354592.030764 4026700.771973 1621852739.650046
354593.218288 4026701.457277 1621852739.950262
354596.77309 4026703.497316 1621852741.300557
354598.392766 4026704.376962 1621852742.650149
354597.864573 4026704.096725 1621852742.000719
354598.544153 4026704.280136 1621852744.702211
354598.56269 4026704.341852 1621852745.702741
354598.554652 4026704.315136 1621852744.999996
354598.561292 4026704.344079 1621852746.702182
354598.560264 4026704.344833 1621852746.999934
354598.560806 4026704.34414 1621852748.400166
354598.563909 4026704.348707 1621852749.050141
354598.641112 4026704.049556 1621852751.750042
354598.64845 4026704.056668 1621852752.450003
354598.645383 4026704.05092 1621852753.79997
354598.68436 4026704.011012 1621852754.800137
354598.66027 4026704.033921 1621852754.450016
354598.707984 4026703.988735 1621852755.150033
354598.744007 4026703.8184 1621852757.349997
354598.737067 4026703.804223 1621852758.000275
354598.737076 4026703.799394 1621852758.349989
354598.750799 4026703.800207 1621852759.000579
354598.762274 4026703.810282 1621852761.900489
354598.76282 4026703.804795 1621852762.400666
354598.764208 4026703.803312 1621852762.703339
354598.745211 4026703.805702 1621852764.750154
354598.741887 4026703.82342 1621852765.450334
354598.755118 4026703.849558 1621852766.450492
354598.748267 4026703.854737 1621852767.800294
354598.749704 4026703.855739 1621852768.150242
354598.752344 4026703.842287 1621852769.800374
354598.750568 4026703.843545 1621852769.150191
354598.743556 4026703.864639 1621852771.300874
354598.741958 4026703.851867 1621852773.650009
354598.740642 4026703.851871 1621852773.500815
354598.766555 4026703.857336 1621852775.850203
354598.772919 4026703.85155 1621852776.350208
354598.768435 4026703.855332 1621852776.050215
354598.788833 4026703.833185 1621852778.050184
354598.781261 4026703.832364 1621852779.750037
354598.780604 4026703.833029 1621852780.100581
354598.780364 4026703.83318 1621852780.250778
354598.772174 4026703.823223 1621852782.450519
354598.757495 4026703.844783 1621852783.800207
354598.758998 4026703.845589 1621852784.150375
354598.758487 4026703.845541 1621852785.150073
354598.757882 4026703.845797 1621852785.450399
354598.748353 4026703.858911 1621852787.150168
354598.741531 4026703.863661 1621852788.150407
354598.745677 4026703.886949 1621852789.349488
354598.742914 4026703.891967 1621852790.702685
354598.73912 4026703.896583 1621852791.399393
354598.73901 4026703.896152 1621852791.703051
354598.73862 4026703.896312 1621852792.750311
354598.738681 4026703.896816 1621852793.39988
354598.739476 4026703.895583 1621852794.10042
354598.747896 4026703.901572 1621852796.45028
354598.748185 4026703.901086 1621852797.450224
354598.748291 4026703.901243 1621852797.100373
354598.747801 4026703.901769 1621852800.800352
354598.747934 4026703.901596 1621852801.500564
354598.748303 4026703.901391 1621852802.850167
354598.7484 4026703.90144 1621852803.00007
354598.748951 4026703.901783 1621852803.212527
354598.743412 4026703.89931 1621852805.39991
354598.747584 4026703.902365 1621852805.702408
354598.752668 4026703.906292 1621852806.049904
354598.753126 4026703.908075 1621852807.750153
354598.759183 4026703.923822 1621852809.800119
354598.760453 4026703.929187 1621852810.800621
354598.760237 4026703.928049 1621852810.100685
354598.759434 4026703.926104 1621852812.150173
354598.76004 4026703.925944 1621852812.300787
354598.764763 4026703.928151 1621852814.850077
354598.764679 4026703.928076 1621852814.702008
354598.791627 4026703.943501 1621852820.212523
354598.791935 4026703.943679 1621852820.350232
354598.800989 4026703.94068 1621852822.40017
354598.805881 4026703.949005 1621852823.401381
354598.805189 4026703.944384 1621852823.050131
354598.815185 4026703.969642 1621852825.050089
354598.81717 4026703.973417 1621852825.400244
354598.818808 4026703.988552 1621852827.100603
354598.816508 4026703.991936 1621852827.449955
354598.825212 4026704.029686 1621852830.800461
354598.826905 4026704.035762 1621852831.450213
354598.830101 4026704.042433 1621852832.850409
354598.831411 4026704.044585 1621852833.150276
354598.825529 4026704.049312 1621852834.702622
354598.822364 4026704.053355 1621852835.049981
354598.822169 4026704.091344 1621852836.750346
354598.824169 4026704.110044 1621852837.400537
354598.827182 4026704.121845 1621852838.4002
354598.836945 4026704.127486 1621852839.100384
354598.828889 4026704.12169 1621852840.100843
354598.82632 4026704.128476 1621852841.750287
354598.82547 4026704.131249 1621852842.400468
354598.821751 4026704.122109 1621852843.800822
354598.817522 4026704.117628 1621852844.800304
354598.811626 4026704.117491 1621852845.450039
354598.808753 4026704.118639 1621852845.600102
354598.799909 4026704.120088 1621852847.101122
354598.797663 4026704.117833 1621852847.800067
354598.789673 4026704.11501 1621852849.449916
354598.793312 4026704.113489 1621852849.10075
354598.777441 4026704.120603 1621852851.100751
354598.785464 4026704.136102 1621852852.500518
354598.784058 4026704.142192 1621852853.150057
354598.782653 4026704.142727 1621852853.800429
354598.789488 4026704.170214 1621852855.15018
354598.787104 4026704.203946 1621852856.149904
354598.779837 4026704.21355 1621852857.800035
354598.781256 4026704.220046 1621852858.150411
354598.775342 4026704.23868 1621852859.150272
354598.780473 4026704.265271 1621852860.500533
354598.78183 4026704.26252 1621852860.150192
354598.774911 4026704.292263 1621852862.150272
354598.771563 4026704.302696 1621852862.650366
354598.757716 4026704.360735 1621852865.14991
354598.758891 4026704.406517 1621852866.850002
354598.759866 4026704.414511 1621852867.350296
354598.774866 4026704.449261 1621852869.000312
354599.067865 4026704.630729 1621852869.850039
354599.580837 4026704.927846 1621852870.550266
354600.914404 4026705.694289 1621852871.549982
354604.942044 4026707.94479 1621852872.750257
354608.091691 4026709.587104 1621852873.40032
354611.762131 4026711.288392 1621852874.050236
354619.061967 4026714.09219 1621852875.100437
354631.701168 4026717.342864 1621852876.599891
354642.918304 4026718.69432 1621852877.750312
354657.332954 4026718.582113 1621852879.100323
354667.128118 4026717.590668 1621852879.950255
354690.018076 4026713.349177 1621852881.800227
354681.772247 4026715.037743 1621852881.150049
354694.547958 4026712.41516 1621852882.150057
354712.53107 4026708.55321 1621852883.500876
354783.607957 4026693.020669 1621852888.3504
354881.420189 4026674.835435 1621852894.701946
354953.579385 4026670.015171 1621852899.900637
354951.198012 4026670.100745 1621852899.702031
354994.979244 4026669.839546 1621852904.900276
355001.55012 4026669.819688 1621852906.600351
355003.96695 4026669.859464 1621852907.75035
355002.801712 4026669.843786 1621852907.100623
355004.826877 4026669.658962 1621852909.449965
355004.755057 4026669.300955 1621852909.800455
355004.570375 4026668.628955 1621852911.149678
355004.42649 4026668.45798 1621852913.84995
355004.425278 4026668.473397 1621852914.500717
355004.397446 4026668.489452 1621852915.850351
355004.383726 4026668.488074 1621852916.15
355004.347153 4026668.514397 1621852917.850163
355004.337773 4026668.518218 1621852918.21074
355004.328843 4026668.53059 1621852918.550257
355004.251941 4026668.695013 1621852922.900659
355004.249634 4026668.707256 1621852923.550176
355004.250982 4026668.72623 1621852924.250285
355004.249968 4026668.736994 1621852924.900648
355004.247284 4026668.778997 1621852926.549942
355004.247835 4026668.769019 1621852926.25009
355004.277666 4026668.851256 1621852928.450299
355004.477674 4026668.858217 1621852929.100462
355005.347211 4026668.865626 1621852930.100452
355007.943311 4026668.860432 1621852931.450319
355010.533763 4026668.862417 1621852932.10035
355018.680773 4026668.74897 1621852933.500783
355023.450697 4026668.625752 1621852934.1502
355027.956028 4026668.496421 1621852934.701924
355048.888913 4026668.150173 1621852936.849812
355060.284555 4026668.014036 1621852937.850183
355064.486729 4026667.975099 1621852938.210903
355081.242358 4026667.613313 1621852939.500211
355100.316857 4026667.196857 1621852940.850581
355105.49881 4026667.061152 1621852941.211156
355110.005471 4026666.944316 1621852941.500566
355136.208985 4026666.304094 1621852943.211327
355151.957871 4026665.895511 1621852944.211256
355178.326577 4026665.404916 1621852945.849965
355183.980982 4026665.289511 1621852946.211999
355210.870227 4026664.654656 1621852947.850523
355200.225856 4026664.852713 1621852947.211388
355232.987715 4026664.258247 1621852949.211647
355244.28638 4026663.996474 1621852949.90056
355246.689272 4026663.925979 1621852950.050444
355285.671571 4026662.954314 1621852952.550163
355295.504755 4026662.782276 1621852953.212485
355316.29414 4026662.617871 1621852954.600038
355331.02101 4026662.528516 1621852955.599802
355340.557174 4026662.41432 1621852956.250273
355360.417795 4026661.868402 1621852957.600588
355380.386549 4026661.304602 1621852958.949941
355384.849234 4026661.179909 1621852959.25033
355405.208736 4026660.723136 1621852960.600025
355426.378168 4026660.144343 1621852961.949965
355431.220663 4026660.029477 1621852962.249908
355459.477291 4026659.932941 1621852963.951735
355453.550047 4026659.961207 1621852963.600019
355481.734195 4026659.80844 1621852965.251381
355505.171038 4026659.778164 1621852966.599762
355528.865155 4026659.991119 1621852967.94981
355534.133659 4026660.063193 1621852968.250088
355546.40222 4026660.210199 1621852968.950416
355572.737608 4026660.592028 1621852970.450325
355567.460865 4026660.540929 1621852970.150031
355591.220212 4026660.816495 1621852971.500443
355602.611922 4026661.058198 1621852972.152699
355623.557304 4026661.528029 1621852973.351817
355668.075356 4026662.609334 1621852975.899793
355685.302343 4026662.851288 1621852976.900507
355691.263903 4026662.919352 1621852977.250296
355713.869392 4026663.130411 1621852978.600008
355708.891419 4026663.068825 1621852978.300512
355742.026379 4026663.555353 1621852980.300588
355761.804545 4026663.969043 1621852981.50037
355783.626539 4026664.371938 1621852982.850311
355788.398719 4026664.445168 1621852983.150292
355793.913779 4026664.589117 1621852983.500233
355823.607387 4026665.675838 1621852985.550073
355828.076379 4026665.855446 1621852985.900423
355849.674715 4026667.089417 1621852987.900476
355855.378619 4026667.444849 1621852988.550354
355858.273853 4026667.625856 1621852988.900083
355860.639226 4026667.746742 1621852989.211022
355875.118541 4026665.705564 1621852991.549803
355873.445509 4026666.58105 1621852991.211216
355879.698008 4026660.153543 1621852992.901525
355881.096515 4026646.618139 1621852994.90025
355881.033993 4026641.091562 1621852995.550516
355880.953161 4026635.079604 1621852996.21184
355880.545299 4026617.107287 1621852997.900584
355880.673431 4026621.033645 1621852997.550201
355879.890012 4026597.391309 1621852999.550009
355880.009032 4026601.650843 1621852999.211662
355879.745777 4026591.14043 1621853000.05
355876.727538 4026459.243594 1621853009.400091
355876.451889 4026446.442444 1621853010.25029
355876.378314 4026443.400971 1621853010.450634
355875.672274 4026405.013471 1621853012.949791
355875.576731 4026399.5625 1621853013.300256
355875.191111 4026380.880169 1621853014.500497
355874.79655 4026365.398948 1621853015.500273
355874.921467 4026370.787961 1621853015.149822
355874.455374 4026349.327271 1621853016.549568
355873.895066 4026324.000626 1621853018.206874
355873.783907 4026318.651612 1621853018.549525
355873.318659 4026298.99359 1621853019.850233
355873.206507 4026293.759749 1621853020.208834
355872.881256 4026278.892753 1621853021.208928
355872.300077 4026249.253275 1621853023.210157
355871.941741 4026228.844706 1621853024.550831
355871.820471 4026223.511689 1621853024.900069
355871.37269 4026203.830295 1621853026.21129
355871.08077 4026193.19068 1621853026.900234
355870.959561 4026188.606211 1621853027.209698
355866.62803 4026088.607144 1621853033.249462
355865.779527 4026070.910485 1621853034.250535
355864.009444 4026041.561817 1621853035.900342
355863.209906 4026029.08923 1621853036.599756
355862.470591 4026017.505712 1621853037.249906
355860.663734 4025987.816118 1621853038.902061
355859.886785 4025975.142737 1621853039.599944
355858.740872 4025957.133684 1621853040.599849
355857.351507 4025934.134287 1621853041.900362
355857.019938 4025928.033014 1621853042.250079
355855.797713 4025904.910122 1621853043.599735
355856.081139 4025910.847109 1621853043.249945
355854.6691 4025877.34588 1621853045.250714
355854.478082 4025854.785235 1621853046.600012
355854.751263 4025832.21028 1621853047.949951
355855.127179 4025820.575371 1621853048.649828
355855.684084 4025809.831093 1621853049.30051
355857.662685 4025787.833471 1621853050.649805
355859.461669 4025771.602687 1621853051.650578
355861.584072 4025752.502327 1621853052.850273
355862.202317 4025747.010275 1621853053.210259
355862.822294 4025741.560129 1621853053.549525
355864.662689 4025726.249838 1621853054.549721
355866.037557 4025715.834277 1621853055.250142
355869.2321 4025696.495329 1621853056.600082
355870.688992 4025682.744187 1621853057.599798
355873.102553 4025659.081067 1621853059.649771
355873.191558 4025656.134297 1621853059.949728
355870.363157 4025641.880702 1621853061.65017
355866.064008 4025635.227854 1621853062.650419
355864.069224 4025633.212085 1621853062.999908
355856.923531 4025628.630379 1621853063.999503
355853.968234 4025627.542016 1621853064.350257
355840.980312 4025625.850864 1621853065.701219
355815.939925 4025625.738073 1621853067.849818
355811.381197 4025625.497821 1621853068.21015
355797.165879 4025624.719287 1621853069.249891
355782.906006 4025624.025757 1621853070.250357
355767.315341 4025623.310143 1621853071.300152
355757.452874 4025623.152972 1621853071.950061
355725.197635 4025622.435743 1621853073.99963
355714.673756 4025622.274687 1621853074.649814
355692.471145 4025622.151217 1621853075.999692
355681.618511 4025622.21001 1621853076.650293
355669.816591 4025622.353058 1621853077.349627
355663.877778 4025622.433582 1621853077.7014
355626.962381 4025622.954295 1621853079.849589
355609.61893 4025623.207773 1621853080.849935
355603.51684 4025623.307721 1621853081.210712
355594.777196 4025623.477748 1621853081.702518
355556.79989 4025624.137353 1621853083.849608
355538.014244 4025624.28526 1621853084.899986
355519.9919 4025624.469745 1621853085.900331
355532.621266 4025624.327528 1621853085.210472
355489.997186 4025624.930856 1621853087.549649
355465.231984 4025625.338292 1621853088.900278
355458.786856 4025625.424281 1621853089.249962
355452.334619 4025625.55362 1621853089.599314
355439.395385 4025625.822557 1621853090.300618
355415.292948 4025626.326648 1621853091.599758
355383.701178 4025626.997765 1621853093.300106
355370.604314 4025627.218942 1621853093.999702
355347.880263 4025627.612775 1621853095.211151
355314.457504 4025628.410327 1621853096.899885
355308.404038 4025628.643708 1621853097.211228
355272.41794 4025629.274541 1621853098.94966
355258.862454 4025629.508115 1621853099.599745
355266.172105 4025629.381024 1621853099.250445
355236.763212 4025629.86213 1621853100.650041
355209.12597 4025630.295787 1621853101.949704
355172.638447 4025630.963063 1621853103.649797
355179.092202 4025630.828217 1621853103.34982
355131.705741 4025631.814192 1621853105.549768
355136.013417 4025631.735122 1621853105.349904
355022.883367 4025633.60844 1621853110.549045
354996.648033 4025634.045086 1621853111.749744
354970.413045 4025634.408191 1621853112.949175
354963.855288 4025634.497382 1621853113.250004
354956.198883 4025634.596014 1621853113.599795
354941.93345 4025634.769888 1621853114.249993
354918.737738 4025635.107577 1621853115.299864
354861.406501 4025636.05635 1621853117.850061
354857.988318 4025636.111528 1621853117.999819
354814.090589 4025636.736375 1621853119.899716
354818.762726 4025636.645986 1621853119.701381
354778.713043 4025637.426488 1621853121.399619
354496.924463 4025642.669046 1621853132.899724
354473.535931 4025643.141072 1621853133.899538
354465.425824 4025643.28515 1621853134.249419
354427.787713 4025644.043018 1621853135.899757
354419.938957 4025644.215195 1621853136.250353
354390.081186 4025644.535469 1621853137.599924
354360.982657 4025644.472285 1621853138.949843
354353.669217 4025644.565982 1621853139.300208
354332.369072 4025644.757263 1621853140.349698
354326.415651 4025644.837195 1621853140.650383
354312.722577 4025645.051119 1621853141.349893
354266.401769 4025645.798296 1621853143.849711
354280.601314 4025645.590736 1621853143.049756
354238.456277 4025646.251272 1621853145.549635
354216.585709 4025646.634672 1621853146.949727
354206.634262 4025646.802538 1621853147.599458
354211.975729 4025646.717948 1621853147.250133
354186.392835 4025647.331174 1621853148.948988
354176.106578 4025647.820883 1621853149.650198
354147.62041 4025649.84839 1621853151.649769
354151.810324 4025649.556308 1621853151.349318
354140.724996 4025650.291117 1621853152.149659
354092.411226 4025653.752177 1621853155.849667
354081.003059 4025654.431164 1621853156.850148
354084.277596 4025654.277988 1621853156.549789
354062.829318 4025655.024817 1621853158.899943
354058.473686 4025655.09684 1621853159.549891
354051.060214 4025655.235772 1621853160.899913
354047.239751 4025655.252343 1621853161.899782
354044.784883 4025655.241465 1621853162.899715
354044.19489 4025655.23004 1621853163.249725
354042.960368 4025655.102384 1621853164.600024
354042.849859 4025655.055687 1621853164.899683
354042.760102 4025654.830361 1621853166.249924
354042.745884 4025654.781228 1621853166.59962
354042.720561 4025654.691868 1621853167.249472
354045.126558 4025662.94565 1621853169.799607
354043.815861 4025663.04374 1621853171.949811
354042.037477 4025663.228868 1621853172.600064
354042.974966 4025663.199026 1621853172.299769
354024.52295 4025663.739951 1621853175.599509
354015.477991 4025663.942044 1621853176.599726
354000.794721 4025664.09259 1621853177.949818
353996.777021 4025664.161477 1621853178.299672
353984.557924 4025664.373367 1621853179.299632
353973.748869 4025664.645631 1621853180.100423
353954.439429 4025665.071324 1621853181.449817
353941.648926 4025665.1611 1621853182.299766
353937.003024 4025665.191834 1621853182.598647
353904.250827 4025666.039359 1621853184.649546
353907.459282 4025665.915917 1621853184.449807
353874.335009 4025666.870234 1621853186.449832
353847.840591 4025668.381272 1621853187.999601
353830.998897 4025670.822201 1621853188.999926
353825.231014 4025671.991528 1621853189.349929
353812.320985 4025675.149437 1621853190.15032
353789.75337 4025683.189952 1621853191.649727
353784.660027 4025685.344171 1621853191.999834
353779.731905 4025687.773866 1621853192.349878
353752.958968 4025702.947051 1621853194.34998
353736.638223 4025713.968683 1621853195.649658
353732.155073 4025716.300521 1621853195.9999
353720.580096 4025725.106646 1621853196.999858
353710.347125 4025736.689631 1621853197.999845
353706.779168 4025740.69976 1621853198.350059
353690.278305 4025760.66321 1621853199.9999
353672.321914 4025777.772399 1621853201.64952
353667.731867 4025785.779494 1621853202.150182
353643.145017 4025817.23342 1621853204.650012
353638.194145 4025823.485782 1621853205.150076
353629.252364 4025834.715395 1621853206.050006
353626.269399 4025838.44136 1621853206.349997
353606.20808 4025863.611217 1621853208.399911
353601.430511 4025869.634317 1621853208.900124
353583.473054 4025892.892967 1621853210.900075
353586.420327 4025888.850674 1621853210.550035
353578.170914 4025899.836183 1621853211.550168
353559.242911 4025936.960911 1621853215.949846
353559.694759 4025939.548514 1621853216.300083
353564.363361 4025948.383683 1621853217.599695
353568.528554 4025952.81386 1621853218.299918
353575.477961 4025959.045701 1621853219.299896
353577.742677 4025960.976859 1621853219.599992
353591.452831 4025972.802113 1621853221.300135
353618.869717 4025996.339251 1621853224.299887
353631.801564 4026006.981238 1621853225.649775
353643.357498 4026016.196256 1621853226.849684
353648.105471 4026019.983799 1621853227.349616
353644.787508 4026017.336348 1621853226.999749
353664.295199 4026032.746451 1621853229.049734
353665.743025 4026033.873131 1621853229.210664
353691.793197 4026054.317177 1621853231.899639
353688.90807 4026052.045407 1621853231.599922
353711.253751 4026069.655897 1621853233.949896
353717.208882 4026074.376243 1621853234.599869
353723.47145 4026079.371371 1621853235.300247
353729.171247 4026083.918592 1621853235.9503
353740.836922 4026093.030171 1621853237.300125
353754.570289 4026103.953332 1621853238.949991
353762.493978 4026110.184006 1621853239.94981
353767.850819 4026114.42755 1621853240.649631
353765.196307 4026112.315594 1621853240.299779
353789.215726 4026131.249245 1621853243.999872
353790.771007 4026132.482237 1621853244.350104
353793.188965 4026134.396573 1621853244.999944
353796.54813 4026136.993747 1621853246.649836
353796.189769 4026136.836254 1621853246.349903
353797.064021 4026137.353173 1621853247.499699
353797.055294 4026137.849449 1621853249.34953
353797.043983 4026137.92431 1621853250.399661
353797.050972 4026137.925969 1621853251.04987
353797.058267 4026137.928359 1621853251.399596
353797.104229 4026137.951088 1621853253.252348
353797.133971 4026137.963352 1621853253.949789
353797.102793 4026137.801601 1621853255.649704
353797.10459 4026137.802632 1621853255.299924
353797.094433 4026137.786686 1621853257.649951
353797.095763 4026137.794353 1621853258.650031
353797.093549 4026137.794718 1621853258.349966
353797.098906 4026137.793492 1621853259.210063
353797.02588 4026137.526414 1621853261.399614
353797.01993 4026137.513666 1621853261.550501
353796.987283 4026137.445353 1621853263.399649
353796.986845 4026137.44656 1621853264.100007
353796.98632 4026137.444033 1621853264.399831
353796.986279 4026137.435095 1621853265.950633
353796.993837 4026137.438502 1621853267.999875
353796.986824 4026137.431612 1621853267.649914
353798.344217 4026138.538804 1621853269.702121
353799.869442 4026139.777529 1621853270.349831
353800.921499 4026140.630936 1621853270.70161
353806.105773 4026144.810089 1621853272.050113
353819.4544 4026155.469284 1621853274.399791
353821.830279 4026157.356548 1621853274.750078
353824.303217 4026159.318387 1621853275.100268
353841.735889 4026173.296512 1621853277.300041
353857.009412 4026185.547441 1621853278.999953
353859.861783 4026187.820628 1621853279.299668
353870.129055 4026195.95538 1621853280.349786
353877.167049 4026201.533922 1621853281.049701
353903.502148 4026222.55334 1621853283.550692
353912.311593 4026229.619895 1621853284.350357
353927.453585 4026241.862559 1621853285.701287
353938.815103 4026251.177242 1621853286.701324
353946.867248 4026257.798478 1621853287.399653
353954.502335 4026263.920618 1621853288.050222
353962.866236 4026270.534138 1621853288.749693
353979.257371 4026283.457395 1621853290.099797
353983.56649 4026286.832246 1621853290.449558
354008.432109 4026306.47513 1621853292.449583
354017.202374 4026313.442975 1621853293.150075
354029.626243 4026323.442925 1621853294.149637
354051.87889 4026341.312066 1621853295.949894
354060.510056 4026348.221632 1621853296.649833
354070.974522 4026356.581027 1621853297.49969
354085.112657 4026367.803562 1621853298.649969
354097.998088 4026378.066043 1621853299.701278
354105.942841 4026384.480953 1621853300.350035
354114.497451 4026391.260597 1621853301.051135
354131.312347 4026403.945143 1621853302.399666
354126.911363 4026400.715937 1621853302.04992
354152.478893 4026418.569147 1621853304.049823
354157.026941 4026421.602766 1621853304.39973
354184.16102 4026439.463795 1621853306.449855
354197.707971 4026448.141206 1621853307.449877
354206.513393 4026453.918527 1621853308.100726
354229.763059 4026469.082426 1621853309.799628
354233.877192 4026471.749598 1621853310.100373
354247.619514 4026480.773309 1621853311.099915
354252.441732 4026483.946282 1621853311.449553
354271.153056 4026496.165688 1621853312.800269
354289.451014 4026507.922428 1621853314.100246
354320.907448 4026527.694928 1621853316.300047
354333.102059 4026535.40646 1621853317.150007
354338.124855 4026538.614476 1621853317.499707
354366.77567 4026556.987301 1621853319.499766
354378.84702 4026564.828997 1621853320.350049
354397.889806 4026577.227495 1621853321.701258
354402.803326 4026580.430045 1621853322.049937
354425.895027 4026595.434727 1621853323.701446
354430.797114 4026598.536234 1621853324.050006
354435.695894 4026601.632231 1621853324.398823
354468.61074 4026622.742274 1621853326.79996
354472.648127 4026625.384028 1621853327.100256
354482.145414 4026631.484533 1621853327.799864
354486.238761 4026634.073509 1621853328.099598
354518.964146 4026654.11661 1621853330.500292
354535.088501 4026663.257712 1621853331.701814
354543.605032 4026668.186897 1621853332.350019
354556.363232 4026675.820187 1621853333.349825
354560.761957 4026678.440615 1621853333.701497
354577.38418 4026687.941517 1621853335.050097
354591.430719 4026695.706135 1621853336.350248
354603.629916 4026702.030927 1621853337.701562
354608.7066 4026703.970704 1621853338.351242
354619.128848 4026705.064378 1621853339.900276
354619.8824 4026704.917382 1621853340.049691
354623.78328 4026703.359274 1621853341.100052
354625.556042 4026701.896587 1621853341.799699
354626.848519 4026700.250668 1621853342.449999
354629.475834 4026689.903742 1621853344.34998
354629.474226 4026688.312309 1621853344.550133
354628.967582 4026667.359571 1621853346.750305
354628.866621 4026664.0796 1621853347.050042
354628.263545 4026644.036636 1621853348.74977
354626.88864 4026588.086287 1621853352.95012
354626.555738 4026573.207867 1621853353.999713
354626.504996 4026571.056811 1621853354.150153
354623.747327 4026476.466022 1621853360.500379
354623.425127 4026463.861132 1621853361.350256
354622.795304 4026441.451154 1621853362.899997
354622.73767 4026439.318734 1621853363.050124
354619.976028 4026349.662489 1621853370.749774
354619.388355 4026344.489615 1621853371.7502
354618.362608 4026341.447114 1621853372.399783
354618.924188 4026342.82139 1621853372.100351
354611.201161 4026334.869653 1621853374.399733
354607.344028 4026333.496875 1621853375.100161
354603.104406 4026332.43793 1621853375.750109
354589.514687 4026329.32917 1621853377.449529
354580.308463 4026327.198924 1621853378.449894
354567.440321 4026324.038387 1621853379.750032
354570.502134 4026324.807696 1621853379.449475
354563.84322 4026323.097273 1621853380.099944
354546.108803 4026317.759776 1621853381.750033
354534.536369 4026314.049183 1621853382.749527
354521.725453 4026309.935955 1621853383.79965
354513.519385 4026307.268466 1621853384.449656
354486.118667 4026298.414585 1621853386.50038
354466.871642 4026292.306561 1621853387.849964
354469.050077 4026292.994647 1621853387.701402
354437.132762 4026282.855458 1621853389.849771
354429.491532 4026280.317692 1621853390.349884
354421.772709 4026277.694649 1621853390.849792
354403.101223 4026271.012251 1621853392.049987
354387.470531 4026264.713982 1621853393.049718
354371.743264 4026257.727928 1621853394.049548
354344.69231 4026245.069832 1621853395.750228
354334.309058 4026240.007622 1621853396.399514
354318.214902 4026231.887044 1621853397.399545
354301.305012 4026223.188734 1621853398.449439
354306.942431 4026226.101204 1621853398.099774
354290.082866 4026217.255897 1621853399.149932
354258.680685 4026199.138834 1621853401.150124
354247.87356 4026192.577517 1621853401.849805
354232.682484 4026183.210147 1621853402.850176
354228.202586 4026180.416165 1621853403.150487
354212.680197 4026170.795639 1621853404.208756
354181.531397 4026150.587182 1621853406.399406
354166.057112 4026139.878119 1621853407.549949
354155.014208 4026131.785364 1621853408.399407
354138.931072 4026119.070067 1621853409.700968
354126.399412 4026108.595065 1621853410.749861
354116.469352 4026099.920716 1621853411.599473
354110.724432 4026094.723771 1621853412.100045
354095.80899 4026080.409194 1621853413.449667
354099.590672 4026084.141165 1621853413.100245
354084.719872 4026069.193545 1621853414.499831
354074.554916 4026058.434525 1621853415.499836
354064.572792 4026047.954848 1621853416.499612
354057.673887 4026040.87949 1621853417.21102
354048.036691 4026030.94385 1621853418.210801
354032.42248 4026014.830999 1621853419.849392
354013.029786 4025994.842202 1621853421.899648
354010.095295 4025991.808971 1621853422.210537
354006.61096 4025988.183161 1621853422.549699
353987.370317 4025968.16508 1621853424.449511
353977.003792 4025957.416887 1621853425.449547
353966.446719 4025946.515388 1621853426.449476
353949.913985 4025929.4779 1621853427.9993
353944.563199 4025923.895246 1621853428.49964
353948.309445 4025927.824846 1621853428.15016
353933.299749 4025912.088733 1621853429.55008
353908.1195 4025885.861899 1621853431.899895
353899.036779 4025876.317689 1621853432.749897
353904.382318 4025881.87039 1621853432.249625
353879.321791 4025855.997756 1621853434.549923
353819.498185 4025797.819767 1621853439.750174
353811.214221 4025790.304312 1621853440.449442
353796.303373 4025776.478257 1621853441.750112
353788.639358 4025769.08794 1621853442.449288
353778.009553 4025758.791705 1621853443.45042
353759.611316 4025741.416738 1621853445.449497
353754.118181 4025736.448138 1621853446.14985
353741.865963 4025727.600404 1621853447.84985
353739.686511 4025726.564676 1621853448.14996
353737.115376 4025725.609853 1621853448.499614
353721.403469 4025725.159843 1621853450.550106
353713.696238 4025728.662617 1621853451.550277
353711.100511 4025730.366082 1621853451.899949
353710.549876 4025736.98255 1621853452.210547
353692.68416 4025755.608391 1621853454.799667
353685.412173 4025763.109114 1621853455.799727
353683.213297 4025767.203408 1621853456.150127
353682.323691 4025768.51877 1621853456.299987
353655.087022 4025803.424139 1621853460.211364
353652.947129 4025806.175318 1621853460.500454
353647.901475 4025812.614112 1621853461.21221
353638.393833 4025824.563886 1621853462.500112
353630.606099 4025834.320191 1621853463.549979
353618.792716 4025848.939484 1621853465.100118
353605.849402 4025864.56343 1621853466.799814
353601.057581 4025870.588445 1621853467.449548
353598.467933 4025873.853153 1621853467.799768
353588.419156 4025886.287193 1621853469.149976
353576.218537 4025901.833606 1621853470.849987
353573.819176 4025904.929027 1621853471.210851
353569.232929 4025910.75983 1621853471.900209
353565.399087 4025915.803898 1621853472.5503
353558.480101 4025931.301683 1621853474.800449
353558.845617 4025937.244228 1621853475.799584
353560.087301 4025940.883952 1621853476.44966
353563.506975 4025946.305459 1621853477.449743
353565.107152 4025948.218211 1621853477.799685
353577.1778 4025960.362536 1621853479.849361
353579.248437 4025962.340293 1621853480.149992
353581.742002 4025964.672288 1621853480.499706
353586.993826 4025969.40579 1621853481.210481
353597.824686 4025979.048148 1621853482.549904
353606.238008 4025986.684639 1621853483.550171
353636.503197 4026013.207527 1621853486.89972
353639.807573 4026015.93277 1621853487.249888
353655.569873 4026028.590248 1621853488.900002
353658.95204 4026031.223904 1621853489.249989
353667.23977 4026037.608183 1621853490.100135
353683.52985 4026050.448522 1621853491.799938
353693.240227 4026058.30923 1621853492.849679
353702.494315 4026065.698012 1621853493.850032
353696.010285 4026060.527221 1621853493.149856
353718.300824 4026078.100389 1621853495.550135
353724.310125 4026082.833014 1621853496.210569
353737.080086 4026093.063956 1621853497.599583
