353574.743251 4025966.384867 1621852665.850263
353577.883087 4025968.807377 1621852666.209247
353601.508573 4025987.49534 1621852668.750084
353609.731539 4025994.062791 1621852669.600441
353619.579565 4026001.999881 1621852670.600396
353616.115009 4025999.20814 1621852670.250796
353631.626917 4026011.739473 1621852671.800229
353647.201961 4026024.142064 1621852673.300854
353650.964558 4026027.092121 1621852673.650457
353658.134354 4026032.63026 1621852674.30113
353673.753767 4026044.689915 1621852675.650022
353690.786587 4026057.441816 1621852677.00045
353699.598426 4026063.810986 1621852677.65003
353719.371158 4026077.931288 1621852679.050022
353724.373831 4026081.602027 1621852679.39974
353747.964181 4026099.619267 1621852681.050274
353760.743075 4026109.714303 1621852681.949152
353785.145558 4026128.880242 1621852683.651138
353795.225801 4026136.872964 1621852684.34995
353804.621735 4026144.342013 1621852685.000225
353828.707657 4026163.404817 1621852686.650194
353843.483509 4026175.101733 1621852687.650504
353859.262068 4026187.552786 1621852688.702071
353869.912427 4026195.896974 1621852689.400267
353890.605928 4026212.170628 1621852690.750044
353879.849663 4026203.684705 1621852690.050468
353924.702629 4026239.116 1621852692.949805
353930.1228 4026243.412027 1621852693.300511
353940.201004 4026251.351704 1621852693.950162
353943.303534 4026253.789051 1621852694.149431
353968.617682 4026274.296247 1621852695.800505
353986.933811 4026289.073796 1621852697.000295
354007.471933 4026305.969716 1621852698.350361
354038.808081 4026331.017076 1621852700.40021
354044.163776 4026335.250595 1621852700.749215
354052.575145 4026341.92307 1621852701.300849
354083.699834 4026366.995211 1621852703.350469
354103.390403 4026382.660578 1621852704.650261
354108.711921 4026386.81668 1621852705.000078
354129.089984 4026402.502909 1621852706.350293
354149.9511 4026417.213054 1621852707.702229
354154.695962 4026420.34948 1621852708.000107
354176.198054 4026434.281086 1621852709.350033
354170.603465 4026430.711153 1621852709.003786
354215.786782 4026459.874679 1621852711.850096
354224.458437 4026465.458873 1621852712.400432
354240.243559 4026475.503831 1621852713.400387
354251.271078 4026482.472742 1621852714.100833
354272.484626 4026495.869946 1621852715.450104
354287.338957 4026505.291273 1621852716.400311
354311.402935 4026520.56282 1621852717.950355
354322.090516 4026527.380398 1621852718.650194
354316.754099 4026523.965885 1621852718.300687
354338.06207 4026537.619868 1621852719.702297
354359.603782 4026551.931814 1621852721.100902
354383.671309 4026567.466152 1621852722.650126
354399.826547 4026578.037644 1621852723.702504
354414.928552 4026587.893183 1621852724.702504
354430.515866 4026598.015993 1621852725.750178
354445.243579 4026607.574925 1621852726.750309
354435.701318 4026601.382608 1621852726.100993
354476.625541 4026627.98645 1621852728.94905
354486.332712 4026634.22832 1621852729.650065
354481.492952 4026631.120712 1621852729.300678
354495.237471 4026639.923441 1621852730.300642
354526.520687 4026659.652407 1621852732.650774
354539.291109 4026667.756015 1621852733.65206
354543.024402 4026670.119926 1621852733.950112
354554.845912 4026677.718929 1621852734.951507
354574.761739 4026690.352292 1621852736.950177
354568.838499 4026686.703259 1621852736.300527
354584.892362 4026696.536021 1621852738.300586
354592.030764 4026700.771973 1621852739.650046
354593.218288 4026701.457277 1621852739.950262
354596.77309 4026703.497316 1621852741.300557
354598.413225 4026704.38678 1621852742.702762
354597.864573 4026704.096725 1621852742.000719
354598.544153 4026704.280136 1621852744.702211
354598.56269 4026704.341852 1621852745.702741
354598.554652 4026704.315136 1621852744.999996
354598.561292 4026704.344079 1621852746.702182
354598.560145 4026704.345032 1621852747.050142
354598.560806 4026704.34414 1621852748.400166
354598.564188 4026704.34913 1621852749.100508
354598.640261 4026704.04876 1621852751.702273
354598.648646 4026704.056861 1621852752.400589
354598.645386 4026704.051211 1621852753.749884
354598.68436 4026704.011012 1621852754.800137
354598.66027 4026704.033921 1621852754.450016
354598.707984 4026703.988735 1621852755.150033
354598.744007 4026703.8184 1621852757.349997
354598.73659 4026703.803177 1621852758.050194
354598.737076 4026703.799394 1621852758.349989
354598.751685 4026703.800245 1621852759.050473
354598.7622 4026703.809626 1621852761.950055
354598.763048 4026703.804548 1621852762.450065
354598.76481 4026703.802848 1621852762.800404
354598.745992 4026703.804666 1621852764.702643
354598.741887 4026703.82342 1621852765.450334
354598.755118 4026703.849558 1621852766.450492
354598.748076 4026703.854594 1621852767.749957
354598.74945 4026703.855618 1621852768.100762
354598.752344 4026703.842287 1621852769.800374
354598.750479 4026703.844133 1621852769.100807
354598.744252 4026703.864063 1621852771.250061
354598.741958 4026703.851867 1621852773.650009
354598.740642 4026703.851871 1621852773.500815
354598.767074 4026703.856904 1621852775.900601
354598.772919 4026703.85155 1621852776.350208
354598.768435 4026703.855332 1621852776.050215
354598.788659 4026703.832882 1621852778.100345
354598.781363 4026703.832288 1621852779.702844
354598.780713 4026703.832955 1621852780.05007
354598.780462 4026703.833112 1621852780.149956
354598.772174 4026703.823223 1621852782.450519
354598.757495 4026703.844783 1621852783.800207
354598.758998 4026703.845589 1621852784.150375
354598.758487 4026703.845541 1621852785.150073
354598.757882 4026703.845797 1621852785.450399
354598.748353 4026703.858911 1621852787.150168
354598.7414 4026703.863953 1621852788.2133
354598.745677 4026703.886949 1621852789.349488
354598.742914 4026703.891967 1621852790.702685
354598.73912 4026703.896583 1621852791.399393
354598.739115 4026703.896136 1621852791.750104
354598.738614 4026703.896384 1621852792.800023
354598.738709 4026703.896679 1621852793.450885
354598.739199 4026703.895634 1621852794.000337
354598.747957 4026703.901653 1621852796.400111
354598.748192 4026703.901085 1621852797.400131
354598.748119 4026703.901217 1621852797.050028
354598.747801 4026703.901769 1621852800.800352
354598.748073 4026703.901631 1621852801.449934
354598.748303 4026703.901391 1621852802.850167
354598.7484 4026703.90144 1621852803.00007
354598.748951 4026703.901783 1621852803.212527
354598.743412 4026703.89931 1621852805.39991
354598.748275 4026703.902943 1621852805.749983
354598.753284 4026703.906817 1621852806.10064
354598.752865 4026703.908056 1621852807.8003
354598.759073 4026703.923042 1621852809.750202
354598.760401 4026703.929213 1621852810.750016
354598.760237 4026703.928049 1621852810.100685
354598.759434 4026703.926104 1621852812.150173
354598.76004 4026703.925944 1621852812.300787
354598.764763 4026703.928151 1621852814.850077
354598.764721 4026703.92807 1621852814.65007
354598.791627 4026703.943501 1621852820.212523
354598.791935 4026703.943679 1621852820.350232
354598.800989 4026703.94068 1621852822.40017
354598.805881 4026703.949005 1621852823.401381
354598.805565 4026703.944679 1621852823.100783
354598.816003 4026703.969938 1621852825.100836
354598.817015 4026703.974176 1621852825.450093
354598.819071 4026703.988645 1621852827.150092
354598.817156 4026703.99123 1621852827.400372
354598.825042 4026704.02911 1621852830.749993
354598.826905 4026704.035762 1621852831.450213
354598.829926 4026704.042151 1621852832.80007
354598.831411 4026704.044585 1621852833.150276
354598.825529 4026704.049312 1621852834.702622
354598.822364 4026704.053355 1621852835.049981
354598.822169 4026704.091344 1621852836.750346
354598.824169 4026704.110044 1621852837.400537
354598.827182 4026704.121845 1621852838.4002
354598.836945 4026704.127486 1621852839.100384
354598.828889 4026704.12169 1621852840.100843
354598.826061 4026704.128913 1621852841.799887
354598.825399 4026704.1309 1621852842.450407
354598.821751 4026704.122109 1621852843.800822
354598.817522 4026704.117628 1621852844.800304
354598.810677 4026704.117843 1621852845.500593
354598.80693 4026704.11942 1621852845.702964
354598.799979 4026704.119889 1621852847.150256
354598.797531 4026704.117703 1621852847.850091
354598.790413 4026704.114635 1621852849.400528
354598.793009 4026704.113233 1621852849.211351
354598.777492 4026704.12066 1621852851.050148
354598.785806 4026704.135178 1621852852.399992
354598.784162 4026704.141641 1621852853.100342
354598.782693 4026704.142711 1621852853.749859
354598.789075 4026704.168772 1621852855.100742
354598.787219 4026704.202246 1621852856.10062
354598.779634 4026704.212684 1621852857.75105
354598.781095 4026704.219053 1621852858.100492
354598.775573 4026704.237633 1621852859.100411
354598.780735 4026704.265142 1621852860.450369
354598.7814 4026704.261361 1621852860.100436
354598.774911 4026704.292263 1621852862.150272
354598.771926 4026704.301752 1621852862.600395
354598.757716 4026704.360735 1621852865.14991
354598.758689 4026704.405543 1621852866.800286
354598.760911 4026704.414053 1621852867.250716
354598.769058 4026704.444819 1621852868.949539
354599.040028 4026704.614159 1621852869.800269
354599.580837 4026704.927846 1621852870.550266
354600.914404 4026705.694289 1621852871.549982
354604.720308 4026707.82401 1621852872.701995
354608.091691 4026709.587104 1621852873.40032
354611.762131 4026711.288392 1621852874.050236
354619.441453 4026714.221002 1621852875.149959
354632.639176 4026717.506246 1621852876.702378
354643.426895 4026718.724833 1621852877.800021
354657.895449 4026718.543408 1621852879.15011
354667.723302 4026717.504992 1621852880.000316
354690.661332 4026713.216831 1621852881.850389
354682.400851 4026714.912585 1621852881.211479
354695.200008 4026712.279469 1621852882.210491
354711.85066 4026708.702392 1621852883.450015
354782.812032 4026693.193127 1621852888.300515
354880.67888 4026674.929686 1621852894.649889
354952.990117 4026670.035993 1621852899.85048
354950.593327 4026670.121741 1621852899.650063
354994.979244 4026669.839546 1621852904.900276
355001.55012 4026669.819688 1621852906.600351
355003.96695 4026669.859464 1621852907.75035
355002.801712 4026669.843786 1621852907.100623
355004.826877 4026669.658962 1621852909.449965
355004.755057 4026669.300955 1621852909.800455
355004.570375 4026668.628955 1621852911.149678
355004.42649 4026668.45798 1621852913.84995
355004.425334 4026668.47495 1621852914.549902
355004.395207 4026668.489251 1621852915.900348
355004.381592 4026668.487889 1621852916.211847
355004.348393 4026668.513894 1621852917.800062
355004.339052 4026668.517684 1621852918.150024
355004.330076 4026668.528753 1621852918.500588
355004.251941 4026668.695013 1621852922.900659
355004.249634 4026668.707256 1621852923.550176
355004.250982 4026668.72623 1621852924.250285
355004.249968 4026668.736994 1621852924.900648
355004.247284 4026668.778997 1621852926.549942
355004.247835 4026668.769019 1621852926.25009
355004.277666 4026668.851256 1621852928.450299
355004.477674 4026668.858217 1621852929.100462
355005.347211 4026668.865626 1621852930.100452
355007.943311 4026668.860432 1621852931.450319
355010.533763 4026668.862417 1621852932.10035
355018.680773 4026668.74897 1621852933.500783
355023.450697 4026668.625752 1621852934.1502
355028.379822 4026668.487623 1621852934.750093
355049.43517 4026668.144112 1621852936.900249
355060.874145 4026668.006902 1621852937.900474
355065.096797 4026667.968565 1621852938.250287
355081.92176 4026667.599218 1621852939.550326
355101.049511 4026667.175414 1621852940.900272
355106.24548 4026667.041946 1621852941.250221
355109.250051 4026666.964098 1621852941.450384
355136.991282 4026666.282997 1621852943.250334
355151.167036 4026665.914127 1621852944.150191
355179.132981 4026665.388205 1621852945.900381
355184.790108 4026665.269548 1621852946.25005
355210.048953 4026664.669606 1621852947.80025
355201.041646 4026664.833262 1621852947.250025
355232.175239 4026664.273269 1621852949.150969
355245.087942 4026663.973431 1621852949.949899
355248.287153 4026663.878017 1621852950.150386
355284.90974 4026662.968452 1621852952.50087
355295.504755 4026662.782276 1621852953.212485
355315.556057 4026662.623576 1621852954.550025
355330.287487 4026662.531836 1621852955.550064
355340.557174 4026662.41432 1621852956.250273
355359.681383 4026661.890819 1621852957.550097
355379.643751 4026661.326917 1621852958.900804
355384.849234 4026661.179909 1621852959.25033
355404.444198 4026660.740548 1621852960.549509
355425.576036 4026660.16277 1621852961.900443
355431.220663 4026660.029477 1621852962.249908
355458.62805 4026659.937617 1621852963.900728
355452.707149 4026659.965254 1621852963.550037
355481.734195 4026659.80844 1621852965.251381
355505.171038 4026659.778164 1621852966.599762
355527.986351 4026659.979207 1621852967.900194
355534.133659 4026660.063193 1621852968.250088
355546.40222 4026660.210199 1621852968.950416
355572.737608 4026660.592028 1621852970.450325
355567.460865 4026660.540929 1621852970.150031
355591.220212 4026660.816495 1621852971.500443
355603.48978 4026661.078026 1621852972.212933
355625.301243 4026661.572279 1621852973.4499
355668.075356 4026662.609334 1621852975.899793
355684.45015 4026662.841105 1621852976.849979
355690.414533 4026662.910696 1621852977.211516
355713.869392 4026663.130411 1621852978.600008
355708.059998 4026663.056646 1621852978.251097
355742.026379 4026663.555353 1621852980.300588
355760.984594 4026663.953954 1621852981.450171
355783.626539 4026664.371938 1621852982.850311
355789.189745 4026664.457897 1621852983.211968
355794.698131 4026664.61375 1621852983.550236
355824.253935 4026665.699939 1621852985.600081
355828.703149 4026665.882473 1621852985.951504
355850.124489 4026667.1156 1621852987.949758
355855.802133 4026667.471875 1621852988.599988
355858.673821 4026667.647879 1621852988.950008
355861.025189 4026667.763178 1621852989.250205
355875.342289 4026665.559448 1621852991.600073
355873.693453 4026666.469377 1621852991.250532
355879.805207 4026659.890361 1621852992.950475
355881.0915 4026646.212597 1621852994.949788
355881.028988 4026640.645604 1621852995.599929
355880.945453 4026634.590961 1621852996.249942
355880.526341 4026616.527828 1621852997.950089
355880.658041 4026620.478855 1621852997.600106
355879.874871 4026596.774641 1621852999.600049
355879.993272 4026601.044815 1621852999.250137
355879.714867 4026589.870169 1621853000.149572
355876.766367 4026460.7389 1621853009.300431
355876.46951 4026447.201352 1621853010.21179
355876.413879 4026444.922528 1621853010.350008
355875.672274 4026405.013471 1621853012.949791
355875.576731 4026399.5625 1621853013.300256
355875.191111 4026380.880169 1621853014.500497
355874.79655 4026365.398948 1621853015.500273
355874.921467 4026370.787961 1621853015.149822
355874.455374 4026349.327271 1621853016.549568
355873.895066 4026324.000626 1621853018.206874
355873.783907 4026318.651612 1621853018.549525
355873.302538 4026298.241691 1621853019.900449
355873.206507 4026293.759749 1621853020.208834
355872.881256 4026278.892753 1621853021.208928
355872.300077 4026249.253275 1621853023.210157
355871.941741 4026228.844706 1621853024.550831
355871.820471 4026223.511689 1621853024.900069
355871.35347 4026203.073052 1621853026.250798
355871.08077 4026193.19068 1621853026.900234
355870.940133 4026187.840087 1621853027.250148
355866.587907 4026087.725544 1621853033.300274
355865.733892 4026070.022413 1621853034.300541
355863.955118 4026040.674726 1621853035.949891
355863.155133 4026028.196721 1621853036.650137
355862.412706 4026016.610391 1621853037.30027
355860.611174 4025986.911325 1621853038.949508
355859.832727 4025974.239321 1621853039.650571
355858.682945 4025956.238949 1621853040.650103
355857.251338 4025932.386711 1621853041.999881
355856.973499 4025927.163804 1621853042.300507
355855.759202 4025904.064987 1621853043.650214
355856.039494 4025909.997221 1621853043.299817
355854.653481 4025876.511575 1621853045.300352
355854.478085 4025853.948935 1621853046.649956
355854.73144 4025833.043557 1621853047.900286
355855.092615 4025821.404645 1621853048.599991
355855.628568 4025810.64701 1621853049.250009
355857.662685 4025787.833471 1621853050.649805
355859.461669 4025771.602687 1621853051.650578
355861.584072 4025752.502327 1621853052.850273
355862.202317 4025747.010275 1621853053.210259
355862.822294 4025741.560129 1621853053.549525
355864.755059 4025725.500043 1621853054.600082
355866.037557 4025715.834277 1621853055.250142
355869.30683 4025695.76918 1621853056.650096
355870.766001 4025682.105222 1621853057.649704
355873.072789 4025659.582951 1621853059.600489
355873.191558 4025656.134297 1621853059.949728
355870.363157 4025641.880702 1621853061.65017
355866.064008 4025635.227854 1621853062.650419
355864.069224 4025633.212085 1621853062.999908
355856.923531 4025628.630379 1621853063.999503
355853.968234 4025627.542016 1621853064.350257
355840.980312 4025625.850864 1621853065.701219
355815.939925 4025625.738073 1621853067.849818
355811.381197 4025625.497821 1621853068.21015
355797.165879 4025624.719287 1621853069.249891
355782.906006 4025624.025757 1621853070.250357
355767.315341 4025623.310143 1621853071.300152
355756.688455 4025623.141626 1621853071.999709
355726.804858 4025622.462059 1621853073.900219
355715.487549 4025622.285862 1621853074.599954
355693.301314 4025622.151444 1621853075.950065
355682.45773 4025622.201373 1621853076.600003
355669.816591 4025622.353058 1621853077.349627
355664.727419 4025622.421111 1621853077.650534
355627.826088 4025622.943178 1621853079.799543
355610.488124 4025623.197122 1621853080.799625
355604.390232 4025623.292644 1621853081.149756
355592.151422 4025623.527586 1621853081.849899
355557.691828 4025624.129582 1621853083.800795
355538.911971 4025624.279622 1621853084.849702
355520.895666 4025624.459695 1621853085.85014
355532.621266 4025624.327528 1621853085.210472
355489.997186 4025624.930856 1621853087.549649
355464.311046 4025625.35109 1621853088.950062
355458.786856 4025625.424281 1621853089.249962
355452.334619 4025625.55362 1621853089.599314
355438.468691 4025625.839402 1621853090.3492
355414.365098 4025626.346991 1621853091.649863
355381.836224 4025627.032257 1621853093.399767
355369.664959 4025627.23491 1621853094.049786
355348.838206 4025627.596108 1621853095.150022
355315.46277 4025628.371803 1621853096.849952
355308.404038 4025628.643708 1621853097.211228
355272.41794 4025629.274541 1621853098.94966
355258.862454 4025629.508115 1621853099.599745
355265.129099 4025629.400057 1621853099.299535
355236.763212 4025629.86213 1621853100.650041
355206.990105 4025630.330956 1621853102.049935
355170.485532 4025631.005475 1621853103.749957
355178.016252 4025630.85157 1621853103.399886
355132.784073 4025631.796231 1621853105.500074
355141.401567 4025631.622475 1621853105.100101
355022.883367 4025633.60844 1621853110.549045
354999.931421 4025633.997526 1621853111.599814
354970.413045 4025634.408191 1621853112.949175
354962.761316 4025634.512977 1621853113.299771
354955.103382 4025634.608255 1621853113.649926
354940.833637 4025634.784389 1621853114.300295
354916.517418 4025635.147696 1621853115.39985
354863.683403 4025636.015827 1621853117.749765
354855.705622 4025636.143798 1621853118.100648
354815.260501 4025636.713415 1621853119.849383
354824.580722 4025636.547256 1621853119.449976
354775.143303 4025637.498956 1621853121.54993
354496.924463 4025642.669046 1621853132.899724
354473.535931 4025643.141072 1621853133.899538
354465.425824 4025643.28515 1621853134.249419
354427.787713 4025644.043018 1621853135.899757
354419.938957 4025644.215195 1621853136.250353
354390.081186 4025644.535469 1621853137.599924
354360.982657 4025644.472285 1621853138.949843
354352.639677 4025644.572394 1621853139.349549
354331.373591 4025644.769482 1621853140.399882
354325.428464 4025644.851541 1621853140.700843
354311.75272 4025645.069009 1621853141.400001
354267.271871 4025645.785358 1621853143.800273
354278.79416 4025645.61788 1621853143.149892
354238.456277 4025646.251272 1621853145.549635
354216.585709 4025646.634672 1621853146.949727
354206.634262 4025646.802538 1621853147.599458
354211.975729 4025646.717948 1621853147.250133
354186.392835 4025647.331174 1621853148.948988
354176.106578 4025647.820883 1621853149.650198
354146.9261 4025649.894209 1621853151.701612
354151.110528 4025649.608957 1621853151.399806
354142.09929 4025650.209435 1621853152.050028
354093.015931 4025653.706543 1621853155.799522
354081.540033 4025654.407991 1621853156.799576
354085.396083 4025654.219045 1621853156.449627
354063.187698 4025655.018253 1621853158.850037
354058.473686 4025655.09684 1621853159.549891
354051.291811 4025655.234554 1621853160.849931
354047.239751 4025655.252343 1621853161.899782
354044.784883 4025655.241465 1621853162.899715
354044.271025 4025655.232102 1621853163.210603
354042.983577 4025655.11079 1621853164.550695
354042.864862 4025655.06348 1621853164.850055
354042.761971 4025654.837787 1621853166.211516
354042.748035 4025654.788618 1621853166.549705
354042.721996 4025654.697267 1621853167.210673
354045.117542 4025662.940132 1621853169.599473
354043.815861 4025663.04374 1621853171.949811
354042.037477 4025663.228868 1621853172.600064
354043.119485 4025663.206971 1621853172.251709
354024.52295 4025663.739951 1621853175.599509
354015.477991 4025663.942044 1621853176.599726
354000.794721 4025664.09259 1621853177.949818
353996.777021 4025664.161477 1621853178.299672
353984.557924 4025664.373367 1621853179.299632
353975.867301 4025664.620582 1621853179.949815
353956.662575 4025665.089091 1621853181.299725
353941.648926 4025665.1611 1621853182.299766
353936.236229 4025665.235687 1621853182.649574
353904.250827 4025666.039359 1621853184.649546
353909.900075 4025665.833058 1621853184.300501
353876.891034 4025666.796133 1621853186.300232
353847.840591 4025668.381272 1621853187.999601
353830.998897 4025670.822201 1621853188.999926
353825.231014 4025671.991528 1621853189.349929
353814.706824 4025674.5103 1621853189.999861
353789.75337 4025683.189952 1621853191.649727
353784.660027 4025685.344171 1621853191.999834
353779.731905 4025687.773866 1621853192.349878
353752.958968 4025702.947051 1621853194.34998
353736.638223 4025713.968683 1621853195.649658
353732.155073 4025716.300521 1621853195.9999
353720.580096 4025725.106646 1621853196.999858
353710.347125 4025736.689631 1621853197.999845
353706.779168 4025740.69976 1621853198.350059
353689.645665 4025760.843465 1621853200.052574
353671.859562 4025778.566269 1621853201.702065
353668.650026 4025784.185542 1621853202.049773
353642.650932 4025817.859891 1621853204.701563
353639.183863 4025822.238931 1621853205.05012
353628.7545 4025835.337402 1621853206.099779
353625.277355 4025839.678649 1621853206.450121
353605.246471 4025864.822542 1621853208.49972
353602.379313 4025868.437588 1621853208.799962
353583.888169 4025892.324861 1621853210.849939
353586.850338 4025888.264979 1621853210.499817
353578.573447 4025899.335729 1621853211.500161
353559.208496 4025936.583466 1621853215.89995
353559.532922 4025938.819358 1621853216.212399
353564.098586 4025948.056966 1621853217.549812
353568.212465 4025952.508155 1621853218.24987
353574.740787 4025958.406166 1621853219.211678
353577.360456 4025960.651951 1621853219.551441
353591.022516 4025972.429667 1621853221.250093
353618.869717 4025996.339251 1621853224.299887
353631.801564 4026006.981238 1621853225.649775
353641.922454 4026015.050841 1621853226.701699
353648.105471 4026019.983799 1621853227.349616
353645.263361 4026017.715912 1621853227.049938
353664.777643 4026033.12099 1621853229.099897
353668.15827 4026035.756314 1621853229.450437
353691.3123 4026053.938573 1621853231.849772
353687.946044 4026051.287718 1621853231.499645
353710.790222 4026069.288615 1621853233.900159
353717.208882 4026074.376243 1621853234.599869
353723.029197 4026079.017163 1621853235.24981
353728.736948 4026083.572305 1621853235.900163
353740.408654 4026092.69021 1621853237.250183
353754.166667 4026103.631819 1621853238.899874
353762.105167 4026109.877433 1621853239.899907
353767.472097 4026114.126171 1621853240.599214
353764.814575 4026112.012714 1621853240.249728
353789.215726 4026131.249245 1621853243.999872
353790.559465 4026132.314769 1621853244.30004
353793.188965 4026134.396573 1621853244.999944
353796.54813 4026136.993747 1621853246.649836
353796.121674 4026136.802065 1621853246.29958
353797.039749 4026137.229594 1621853247.349758
353797.054566 4026137.854182 1621853249.39966
353797.044482 4026137.924397 1621853250.449701
353797.052138 4026137.926409 1621853251.150383
353797.059685 4026137.92894 1621853251.449888
353797.102432 4026137.95042 1621853253.209892
353797.129708 4026137.961625 1621853253.849529
353797.103029 4026137.801759 1621853255.599683
353797.10489 4026137.802816 1621853255.249642
353797.094433 4026137.786686 1621853257.649951
353797.09606 4026137.794297 1621853258.701646
353797.093549 4026137.794718 1621853258.349966
353797.099047 4026137.794446 1621853259.350322
353797.02588 4026137.526414 1621853261.399614
353797.011365 4026137.495752 1621853261.751955
353796.987329 4026137.445429 1621853263.449803
353796.986745 4026137.446661 1621853264.149747
353796.986145 4026137.442569 1621853264.500041
353796.986019 4026137.434518 1621853265.849694
353796.991316 4026137.436332 1621853267.950368
353796.986773 4026137.431433 1621853267.599101
353798.25128 4026138.463792 1621853269.649757
353799.869442 4026139.777529 1621853270.349831
353800.761453 4026140.501884 1621853270.650016
353806.105773 4026144.810089 1621853272.050113
353819.786918 4026155.734707 1621853274.449806
353822.180187 4026157.633369 1621853274.799915
353824.662876 4026159.605152 1621853275.149581
353840.887846 4026172.611973 1621853277.210994
353856.536314 4026185.170818 1621853278.950325
353859.861783 4026187.820628 1621853279.299668
353869.63297 4026195.563898 1621853280.299972
353876.660809 4026201.13018 1621853280.998931
353904.597914 4026223.429777 1621853283.650114
353912.311593 4026229.619895 1621853284.350357
353926.88904 4026241.402136 1621853285.65005
353938.815103 4026251.177242 1621853286.701324
353946.867248 4026257.798478 1621853287.399653
353954.502335 4026263.920618 1621853288.050222
353962.866236 4026270.534138 1621853288.749693
353979.870566 4026283.942796 1621853290.150291
353984.18398 4026287.314156 1621853290.500329
354009.687182 4026307.470246 1621853292.549991
354017.828519 4026313.943 1621853293.2108
354030.246571 4026323.943207 1621853294.211005
354051.261345 4026340.817843 1621853295.899683
354059.893464 4026347.729463 1621853296.59966
354072.201162 4026357.564614 1621853297.599878
354085.112657 4026367.803562 1621853298.649969
354097.998088 4026378.066043 1621853299.701278
354105.942841 4026384.480953 1621853300.350035
354115.111005 4026391.739553 1621853301.099695
354131.312347 4026403.945143 1621853302.399666
354127.538738 4026401.18052 1621853302.100215
354153.126741 4026419.001794 1621853304.10045
354157.67785 4026422.037044 1621853304.449941
354184.837495 4026439.892943 1621853306.500118
354198.385024 4026448.584032 1621853307.49969
354207.191722 4026454.364392 1621853308.150114
354229.763059 4026469.082426 1621853309.799628
354234.563018 4026472.195168 1621853310.151369
354248.307175 4026481.226793 1621853311.150138
354253.130883 4026484.398858 1621853311.499969
354271.852771 4026496.617083 1621853312.84988
354290.872211 4026508.830509 1621853314.211044
354319.470873 4026526.794176 1621853316.211092
354334.537713 4026536.318249 1621853317.249927
354339.560344 4026539.532238 1621853317.599775
354368.200414 4026557.908679 1621853319.600647
354378.138787 4026564.369757 1621853320.300054
354397.889806 4026577.227495 1621853321.701258
354402.803326 4026580.430045 1621853322.049937
354425.895027 4026595.434727 1621853323.701446
354430.797114 4026598.536234 1621853324.050006
354435.695894 4026601.632231 1621853324.398823
354469.283985 4026623.182411 1621853326.849687
354473.322326 4026625.823982 1621853327.149984
354482.826974 4026631.916221 1621853327.851316
354486.920274 4026634.505948 1621853328.150908
354519.641726 4026654.507801 1621853330.550163
354534.426037 4026662.88009 1621853331.649535
354542.956739 4026667.803661 1621853332.299821
354555.732686 4026675.442707 1621853333.299973
354560.134523 4026678.068458 1621853333.650066
354576.792923 4026687.617006 1621853334.999913
354590.930903 4026695.434767 1621853336.300275
354603.223046 4026701.848465 1621853337.649753
354608.324762 4026703.849506 1621853338.300046
354618.021331 4026705.202569 1621853339.701612
354619.8824 4026704.917382 1621853340.049691
354623.78328 4026703.359274 1621853341.100052
354625.663363 4026701.782722 1621853341.850082
354626.951596 4026700.100888 1621853342.500134
354629.471786 4026690.291855 1621853344.30052
354629.464344 4026687.079713 1621853344.701461
354628.984021 4026667.898802 1621853346.70144
354628.866621 4026664.0796 1621853347.050042
354628.247769 4026643.418877 1621853348.799747
354626.920721 4026589.48673 1621853352.84984
354626.607336 4026575.352914 1621853353.849813
354626.488082 4026570.339313 1621853354.21181
354623.712264 4026474.971123 1621853360.599903
354623.465766 4026465.328839 1621853361.249835
354622.891975 4026445.019451 1621853362.649714
354622.757021 4026440.028904 1621853362.999797
354619.990278 4026349.94338 1621853370.70135
354619.388355 4026344.489615 1621853371.7502
354618.362608 4026341.447114 1621853372.399783
354618.924188 4026342.82139 1621853372.100351
354611.201161 4026334.869653 1621853374.399733
354607.344028 4026333.496875 1621853375.100161
354603.104406 4026332.43793 1621853375.750109
354589.514687 4026329.32917 1621853377.449529
354580.308463 4026327.198924 1621853378.449894
354567.440321 4026324.038387 1621853379.750032
354570.502134 4026324.807696 1621853379.449475
354563.84322 4026323.097273 1621853380.099944
354546.108803 4026317.759776 1621853381.750033
354534.536369 4026314.049183 1621853382.749527
354521.725453 4026309.935955 1621853383.79965
354512.880534 4026307.062916 1621853384.499811
354485.421516 4026298.19138 1621853386.550111
354465.416514 4026291.844352 1621853387.949995
354470.498886 4026293.449486 1621853387.59959
354435.610196 4026282.357088 1621853389.950158
354430.259988 4026280.57625 1621853390.299697
354419.44612 4026276.891657 1621853390.999611
354403.882542 4026271.304902 1621853391.999612
354388.255827 4026265.045296 1621853392.999662
354372.534663 4026258.085897 1621853393.999614
354345.494171 4026245.450423 1621853395.701112
354335.113635 4026240.409072 1621853396.349879
354319.021908 4026232.295568 1621853397.349972
354301.305012 4026223.188734 1621853398.449439
354306.942431 4026226.101204 1621853398.099774
354290.082866 4026217.255897 1621853399.149932
354257.90688 4026198.671449 1621853401.212963
354247.10467 4026192.107779 1621853401.899821
354231.934653 4026182.746719 1621853402.900138
354227.456874 4026179.952 1621853403.210602
354211.951147 4026170.340491 1621853404.249163
354182.898882 4026151.505381 1621853406.299645
354164.739255 4026138.935607 1621853407.649511
354155.653044 4026132.269392 1621853408.35011
354139.534652 4026119.564745 1621853409.649718
354126.986944 4026109.101 1621853410.701042
354114.741885 4026098.370155 1621853411.750925
354110.724432 4026094.723771 1621853412.100045
354095.80899 4026080.409194 1621853413.449667
354099.590672 4026084.141165 1621853413.100245
354084.719872 4026069.193545 1621853414.499831
354074.048297 4026057.903519 1621853415.549928
354064.074611 4026047.444288 1621853416.549913
354057.673887 4026040.87949 1621853417.21102
354047.560861 4026030.453917 1621853418.24995
354031.49304 4026013.869004 1621853419.949671
354012.541368 4025994.33866 1621853421.949832
354009.103078 4025990.778053 1621853422.299856
354005.612566 4025987.140049 1621853422.649465
353987.883301 4025968.698928 1621853424.399361
353977.003792 4025957.416887 1621853425.449547
353966.446719 4025946.515388 1621853426.449476
353951.518117 4025931.131029 1621853427.849426
353944.563199 4025923.895246 1621853428.49964
353948.309445 4025927.824846 1621853428.15016
353932.762759 4025911.536229 1621853429.599723
353907.585518 4025885.289864 1621853431.950047
353900.110895 4025877.427656 1621853432.649451
353903.849682 4025881.315864 1621853432.300153
353877.661293 4025854.261761 1621853434.701399
353820.091836 4025798.358056 1621853439.701708
353811.804908 4025790.839529 1621853440.399597
353796.303373 4025776.478257 1621853441.750112
353789.182036 4025769.614742 1621853442.39938
353778.524264 4025759.280197 1621853443.398873
353759.611316 4025741.416738 1621853445.449497
353754.118181 4025736.448138 1621853446.14985
353741.865963 4025727.600404 1621853447.84985
353739.320285 4025726.410005 1621853448.210906
353737.115376 4025725.609853 1621853448.499614
353721.010148 4025725.280447 1621853450.599479
353713.323715 4025728.891531 1621853451.599738
353710.732056 4025730.626944 1621853451.950282
353710.173641 4025737.271665 1621853452.249846
353693.385133 4025754.808675 1621853454.701518
353685.412173 4025763.109114 1621853455.799727
353683.213297 4025767.203408 1621853456.150127
353680.997628 4025770.491206 1621853456.500164
353655.087022 4025803.424139 1621853460.211364
353652.947129 4025806.175318 1621853460.500454
353647.901475 4025812.614112 1621853461.21221
353638.02661 4025825.023701 1621853462.549802
353630.229897 4025834.790049 1621853463.600911
353619.561153 4025847.998777 1621853464.999799
353606.220671 4025864.097841 1621853466.749945
353601.057581 4025870.588445 1621853467.449548
353598.838455 4025873.385223 1621853467.750053
353588.419156 4025886.287193 1621853469.149976
353575.872901 4025902.278895 1621853470.899799
353573.819176 4025904.929027 1621853471.210851
353568.925001 4025911.161169 1621853471.950183
353565.124746 4025916.174792 1621853472.599826
353558.51109 4025930.993049 1621853474.750045
353558.784183 4025936.953695 1621853475.750027
353560.087301 4025940.883952 1621853476.44966
353563.506975 4025946.305459 1621853477.449743
353564.869254 4025947.944429 1621853477.749775
353576.83751 4025960.0335 1621853479.799658
353579.248437 4025962.340293 1621853480.149992
353581.742002 4025964.672288 1621853480.499706
353586.993826 4025969.40579 1621853481.210481
353597.824686 4025979.048148 1621853482.549904
353606.667924 4025987.073273 1621853483.599557
353636.973325 4026013.598044 1621853486.950092
353640.282935 4026016.319542 1621853487.299544
353656.052543 4026028.967506 1621853488.950165
353659.435939 4026031.601606 1621853489.299955
353666.74965 4026037.233923 1621853490.05
353683.06332 4026050.068929 1621853491.750084
353692.779214 4026057.938486 1621853492.799782
353702.494315 4026065.698012 1621853493.850032
353696.010285 4026060.527221 1621853493.149856
353718.300824 4026078.100389 1621853495.550135
353724.771065 4026083.197565 1621853496.249887
353737.526685 4026093.427357 1621853497.649952
