988148.262741 1818826.084511 1620784541.766643
988148.263751 1818826.08548 1620784541.966551
988148.280486 1818826.094621 1620784544.416218
988148.622192 1818826.29371 1620784545.416878
988150.012628 1818827.127816 1620784546.865722
988149.534287 1818826.838646 1620784546.466681
988150.565804 1818827.463648 1620784547.265801
988159.046141 1818833.497591 1620784550.916489
988161.937694 1818836.19167 1620784551.966468
988159.591071 1818833.977191 1620784551.116508
988166.901287 1818840.783274 1620784553.566718
988165.571966 1818839.575281 1620784553.167295
988174.739494 1818849.282553 1620784555.816872
988173.974081 1818848.535708 1620784555.617078
988184.274485 1818857.634227 1620784558.467092
988187.54739 1818859.671707 1620784559.46577
988190.738428 1818860.821578 1620784560.465707
988195.481806 1818860.284759 1620784561.866954
988198.432765 1818857.95275 1620784562.866202
988201.11296 1818854.345742 1620784563.916488
988203.284458 1818850.25504 1620784564.916548
988205.888739 1818845.963195 1620784565.766688
988206.54879 1818844.876258 1620784565.966468
988213.920946 1818832.778013 1620784567.966354
988211.579088 1818836.603221 1620784567.366417
988220.159253 1818822.974469 1620784569.417019
988225.137506 1818815.889613 1620784570.417094
988232.586049 1818805.573795 1620784571.866305
988231.653361 1818806.962052 1620784571.666647
988241.840105 1818791.535931 1620784573.916927
988243.648001 1818788.730613 1620784574.316522
988244.548079 1818787.342961 1620784574.517565
988258.936714 1818765.196258 1620784577.817163
988263.043252 1818758.890167 1620784578.816981
988265.37505 1818755.320291 1620784579.418654
988270.670932 1818747.055233 1620784580.865793
988271.224054 1818746.189323 1620784581.025382
988278.327873 1818734.752042 1620784582.916404
988279.060746 1818733.563455 1620784583.116534
988290.74963 1818708.722846 1620784586.966432
988289.85378 1818711.627824 1620784586.566405
988293.634671 1818694.517701 1620784588.816396
988293.766028 1818693.326682 1620784588.966309
988286.765208 1818653.849621 1620784593.866507
988286.06747 1818652.270278 1620784594.066102
988277.956119 1818637.819357 1620784595.916418
988272.163577 1818630.391818 1620784596.916939
988274.587459 1818633.294182 1620784596.518314
988258.497047 1818617.730238 1620784598.916422
988261.467024 1818620.000816 1620784598.517536
988247.509296 1818609.51643 1620784600.366511
988249.0983 1818610.589899 1620784600.16659
988179.814201 1818563.903851 1620784608.416997
988178.116794 1818562.799818 1620784608.617073
988159.95853 1818550.740806 1620784610.86604
988155.866007 1818547.978226 1620784611.466725
988158.534418 1818549.781331 1620784611.066743
988142.305031 1818538.899272 1620784613.916428
988141.24259 1818538.180462 1620784614.116706
988140.172908 1818537.462649 1620784614.316666
988128.53272 1818529.710854 1620784616.366591
988120.576655 1818524.330988 1620784617.817185
988119.529413 1818523.617317 1620784618.030623
988112.045934 1818518.531838 1620784619.466281
988106.40325 1818514.69221 1620784620.4658
988100.223383 1818510.539119 1620784621.465844
988093.746108 1818506.233066 1620784622.465468
988096.324203 1818507.956487 1620784622.065709
988089.971809 1818503.726167 1620784623.065629
988054.672723 1818483.193849 1620784628.516955
988051.295279 1818481.841076 1620784628.915885
988047.821982 1818480.648485 1620784629.314911
987994.198601 1818474.706053 1620784634.965627
987997.932092 1818475.205228 1620784634.565732
987988.72665 1818473.753461 1620784635.565593
987977.92072 1818470.740463 1620784636.815962
987960.379506 1818462.876079 1620784639.464573
987952.706243 1818461.003579 1620784640.91571
987947.569166 1818462.256109 1620784641.915019
987951.652943 1818461.053027 1620784641.115208
987940.520576 1818469.057078 1620784643.564852
987939.761238 1818470.205251 1620784643.764937
987926.68654 1818491.08273 1620784646.815325
987923.801235 1818495.635127 1620784647.414165
987925.73278 1818492.59271 1620784647.024722
987916.652542 1818506.925944 1620784648.864679
987915.655435 1818508.507798 1620784649.064738
987886.752285 1818551.383795 1620784654.515807
987884.881516 1818554.27227 1620784654.914362
987883.956219 1818555.698531 1620784655.114272
987871.36467 1818576.105317 1620784657.964019
987866.965001 1818584.168431 1620784658.964086
987862.712871 1818592.581982 1620784659.963774
987865.25281 1818587.486671 1620784659.363922
987861.033254 1818596.046214 1620784660.363764
987852.286117 1818613.997956 1620784662.414651
987848.167628 1818622.376167 1620784663.413202
987844.001903 1818630.789376 1620784664.463974
987840.188885 1818638.43663 1620784665.463824
987841.696329 1818635.418199 1620784665.062406
987825.114344 1818669.397604 1620784669.514201
987825.89227 1818667.78408 1620784669.313778
987809.229968 1818701.821416 1620784673.56361
987804.230028 1818711.901684 1620784674.813206
987801.901224 1818716.552437 1620784675.413718
987803.449761 1818713.46261 1620784675.02292
987794.273303 1818731.544037 1620784677.463759
987791.125844 1818737.536146 1620784678.262812
987787.769108 1818743.776968 1620784679.064075
987779.463785 1818758.508138 1620784680.913825
987774.818814 1818766.427646 1620784681.913941
987770.033398 1818774.195419 1620784682.913786
987771.964093 1818771.081319 1620784682.514013
987759.694659 1818790.215422 1620784684.963667
987754.448883 1818798.123308 1620784685.963798
987756.54984 1818794.964961 1620784685.56406
987753.389836 1818799.706429 1620784686.163821
987738.328965 1818821.992447 1620784689.023786
987736.192765 1818825.060406 1620784689.414093
987732.984282 1818829.657902 1620784690.024116
987719.786652 1818848.045972 1620784692.463953
987714.275208 1818855.278 1620784693.463951
987708.721741 1818862.37385 1620784694.46411
987706.544313 1818865.094473 1620784694.863365
987695.644556 1818877.99861 1620784696.914141
987691.344499 1818882.885747 1620784697.713787
987684.708343 1818890.185421 1620784698.914097
987679.085146 1818896.119578 1620784699.963866
987673.647048 1818901.689386 1620784700.963753
987667.982589 1818907.415603 1620784701.963816
987661.942276 1818913.417302 1620784702.964823
987665.320127 1818910.083521 1620784702.414397
987659.106177 1818916.173693 1620784703.413537
987639.202412 1818934.380544 1620784706.463133
987642.125167 1818931.836415 1620784706.023518
987624.308568 1818946.902365 1620784708.914081
987623.248069 1818947.823978 1620784709.114281
987622.253599 1818948.729171 1620784709.313894
987629.672923 1818970.583965 1620784714.964118
987627.515184 1818969.311693 1620784714.564075
987633.113746 1818972.686597 1620784715.563805
987639.711385 1818976.788237 1620784716.614564
987664.851291 1818993.142976 1620784720.064504
987672.218345 1818998.139412 1620784721.063328
987675.066891 1819000.138687 1620784721.463614
987688.203211 1819009.381034 1620784723.514859
987686.995407 1819008.569669 1620784723.314197
987703.265822 1819019.409847 1620784725.964255
987700.727885 1819017.72119 1620784725.565408
987704.516289 1819020.238972 1620784726.164043
987715.707219 1819027.572906 1620784728.023742
987721.632876 1819031.390296 1620784729.025254
987723.962352 1819032.884782 1620784729.414996
987747.787028 1819042.738121 1620784733.463639
987754.055645 1819041.845001 1620784734.463603
987760.182818 1819039.368275 1620784735.464345
987765.951743 1819035.470352 1620784736.464362
987771.51391 1819030.896469 1620784737.463752
987777.07599 1819026.002351 1620784738.464704
987782.803929 1819020.855543 1620784739.463567
987780.464381 1819022.947499 1620784739.063775
987791.862953 1819012.848212 1620784740.914172
987793.179697 1819011.689715 1620784741.114379
987813.392907 1818994.6511 1620784743.963896
987820.96946 1818989.076146 1620784744.963741
987817.898353 1818991.273695 1620784744.564439
987826.078129 1818985.623078 1620784745.614168
987837.248118 1818978.849903 1620784747.024266
987840.526539 1818977.05036 1620784747.414166
987860.158709 1818967.718593 1620784749.663074
987865.645149 1818965.596115 1620784750.266537
987876.457038 1818961.930922 1620784751.464383
987885.24943 1818959.410415 1620784752.464286
987893.836097 1818957.443819 1620784753.463396
987902.226709 1818955.916142 1620784754.464645
987910.441903 1818954.757674 1620784755.463989
987907.127811 1818955.199873 1620784755.063634
987926.651322 1818953.32875 1620784757.516969
987935.098956 1818952.934493 1620784758.515023
987944.128664 1818952.549078 1620784759.515125
987940.463784 1818952.691891 1620784759.114659
987963.381751 1818952.88537 1620784761.564433
987967.175612 1818953.178958 1620784761.964506
987981.090423 1818955.040436 1620784763.414921
987986.933773 1818956.147759 1620784764.024405
987996.648098 1818958.421767 1620784765.024851
988006.31626 1818961.216779 1620784766.0243
988019.344008 1818966.906865 1620784767.464601
988017.626968 1818966.074174 1620784767.263571
988039.835201 1818978.666816 1620784769.914763
988044.784606 1818981.579552 1620784770.516532
988041.495869 1818979.637931 1620784770.114693
988062.256602 1818990.927634 1620784772.564703
988065.666389 1818992.56309 1620784772.964927
988067.364049 1818993.347506 1620784773.164734
988082.903238 1818998.689135 1620784775.027928
988091.196942 1818999.336891 1620784776.029482
988103.47088 1818995.937003 1620784777.664662
988108.038853 1818992.788696 1620784778.46422
988105.856773 1818994.502593 1620784778.06494
988117.286472 1818980.96213 1620784780.517194
988121.835187 1818974.281573 1620784781.517947
988119.998177 1818977.001632 1620784781.113871
988148.334643 1818934.122977 1620784786.964897
988151.197492 1818929.725666 1620784787.565927
988150.250011 1818931.19006 1620784787.365132
988158.150247 1818919.003217 1620784789.028395
988159.102996 1818917.528139 1620784789.215579
988174.358664 1818893.905049 1620784792.465385
988178.746212 1818887.211585 1620784793.465055
988182.883643 1818880.792526 1620784794.464658
988181.245054 1818883.331421 1620784794.065968
988239.010133 1818794.39941 1620784806.91572
988240.098475 1818792.79429 1620784807.115608
988250.016929 1818777.917806 1620784808.965295
988251.082397 1818776.300123 1620784809.165283
988268.320612 1818750.050898 1620784812.615622
988270.112169 1818747.279532 1620784813.028507
988278.290504 1818734.359369 1620784814.86609
988279.116994 1818732.996744 1620784815.065212
988282.942271 1818726.306606 1620784816.065494
988286.273081 1818719.613965 1620784817.065516
988287.506642 1818716.770001 1620784817.465695
988293.706824 1818696.148684 1620784820.115899
988293.934878 1818694.563903 1620784820.315363
988291.721293 1818666.223189 1620784823.965565
988291.367573 1818664.817831 1620784824.166443
988287.408035 1818652.51414 1620784826.028541
988283.122212 1818643.233874 1620784827.466017
988279.537989 1818637.179274 1620784828.466153
988275.496619 1818631.415505 1620784829.467168
988276.943429 1818633.403357 1620784829.115579
988259.933657 1818615.504412 1620784832.517731
988253.791892 1818610.906704 1620784833.565594
988252.573589 1818610.067409 1620784833.765566
988215.392901 1818585.813204 1620784839.416351
988216.770972 1818586.685739 1620784839.216853
988204.197489 1818578.724021 1620784841.029063
988197.325955 1818574.240397 1620784842.032934
988190.319143 1818569.767678 1620784843.030379
988183.154154 1818565.230844 1620784844.030693
988175.742988 1818560.50561 1620784845.0663
988168.692275 1818555.824012 1620784846.065622
988161.826115 1818551.313951 1620784847.066463
988155.248685 1818547.09081 1620784848.066482
988137.619144 1818535.757743 1620784850.91591
988133.824888 1818533.248527 1620784851.517544
988136.351987 1818534.926422 1620784851.118217
988124.968824 1818527.365171 1620784852.965888
988103.820869 1818513.47862 1620784856.815317
988102.647801 1818512.709934 1620784857.026505
988096.638513 1818508.81702 1620784858.025316
988090.759342 1818504.96062 1620784859.026134
988082.197076 1818499.347215 1620784860.616023
988080.186169 1818498.032497 1620784861.025272
988075.089792 1818494.770159 1620784862.026078
988072.967274 1818493.448361 1620784862.416558
988049.873511 1818481.339228 1620784866.065389
988042.376776 1818479.160147 1620784867.065524
988027.697686 1818477.345888 1620784868.915914
988022.794816 1818477.051349 1620784869.520804
988017.90429 1818476.77993 1620784870.115184
987998.097997 1818475.518312 1620784872.56611
987990.444442 1818474.516289 1620784873.566668
987993.485432 1818474.996431 1620784873.165974
987979.902555 1818471.860863 1620784875.025768
987958.401978 1818462.754509 1620784879.066535
987955.890022 1818462.375383 1620784880.065641
987953.945789 1818462.471814 1620784881.065833
987952.5757 1818462.735113 1620784882.065934
987952.162415 1818462.83723 1620784883.0653
987952.15846 1818462.844003 1620784884.916435
987952.15949 1818462.842545 1620784884.715194
