353374.623776 4026174.333307 1620786434.361605
353374.625046 4026174.335452 1620786435.81163
353374.624318 4026174.335328 1620786436.022166
353374.624547 4026174.334728 1620786436.411991
353375.657446 4026174.89136 1620786441.461529
353376.395495 4026175.289878 1620786442.061604
353378.575474 4026176.511787 1620786443.661932
353379.664428 4026177.145598 1620786444.461358
353382.375657 4026178.722547 1620786445.861859
353384.319319 4026179.849623 1620786446.661552
353386.505593 4026181.083829 1620786447.461582
353385.387715 4026180.457013 1620786447.061581
353400.825285 4026188.661445 1620786451.513082
353402.459106 4026189.533086 1620786451.911024
353403.261507 4026189.96856 1620786452.112276
353414.663834 4026197.336736 1620786454.960718
353418.44031 4026200.434169 1620786455.961
353416.227056 4026198.566655 1620786455.361709
353424.373033 4026205.917844 1620786457.760776
353426.878038 4026208.171938 1620786458.563075
353436.119436 4026213.79542 1620786461.811686
353436.792237 4026213.884958 1620786462.019814
353441.088028 4026212.769481 1620786463.411643
353442.496203 4026211.588857 1620786464.021965
353443.317837 4026210.627608 1620786464.41098
353447.488197 4026203.813339 1620786466.411745
353446.546106 4026205.393685 1620786466.02014
353454.86854 4026191.847954 1620786468.861299
353457.073453 4026188.357874 1620786469.461785
353461.026576 4026182.139715 1620786470.461491
353465.287268 4026175.562809 1620786471.461626
353463.560032 4026178.223462 1620786471.061719
353472.183506 4026164.836456 1620786473.020402
353473.940727 4026162.065246 1620786473.412051
353480.738902 4026151.322867 1620786475.020349
353481.582155 4026149.980753 1620786475.211619
353495.739417 4026127.75918 1620786478.661242
353500.582088 4026120.239658 1620786479.86137
353502.902178 4026116.656115 1620786480.461344
353501.367012 4026119.029265 1620786480.061669
353510.077371 4026105.416381 1620786482.512435
353513.199446 4026100.378418 1620786483.512376
353514.438007 4026098.344304 1620786483.911918
353520.157032 4026088.628786 1620786485.661826
353521.550007 4026086.261972 1620786486.061533
353526.288331 4026077.759639 1620786487.461308
353527.555496 4026075.21081 1620786487.861895
353531.83677 4026064.368381 1620786489.461701
353533.865262 4026057.119181 1620786490.462498
353535.311479 4026049.654871 1620786491.461409
353536.251491 4026038.516355 1620786492.911677
353536.172513 4026033.674989 1620786493.513481
353535.371837 4026025.500148 1620786494.512677
353534.900293 4026022.249949 1620786494.912768
353531.731191 4026010.021967 1620786496.461252
353528.65821 4026002.376211 1620786497.461293
353527.175165 4025999.337573 1620786497.861332
353519.655948 4025987.221502 1620786499.513026
353514.060362 4025980.197932 1620786500.512683
353507.797822 4025973.520644 1620786501.512936
353505.074496 4025971.016712 1620786501.910839
353503.668534 4025969.796867 1620786502.111715
353432.969661 4025923.763571 1620786510.513902
353429.552254 4025921.567175 1620786510.911888
353412.704453 4025910.966454 1620786512.96137
353404.960206 4025906.107305 1620786513.960432
353397.574675 4025901.463974 1620786514.961439
353390.47367 4025897.016758 1620786515.96154
353393.306092 4025898.788903 1620786515.561402
353386.441296 4025894.472924 1620786516.561405
353371.207475 4025884.621097 1620786518.911916
353367.221422 4025882.131084 1620786519.513451
353360.830667 4025878.074168 1620786520.514104
353358.46307 4025876.556583 1620786520.91222
353356.088331 4025875.018648 1620786521.312818
353339.888883 4025864.662018 1620786523.960519
353333.375906 4025860.577032 1620786524.960337
353335.954916 4025862.204896 1620786524.562619
353330.856142 4025858.976196 1620786525.361252
353321.170312 4025852.844951 1620786527.024783
353312.155865 4025847.203311 1620786528.611488
353305.994892 4025843.56705 1620786529.611588
353303.353685 4025842.132124 1620786530.025778
353300.587799 4025840.760705 1620786530.411041
353279.947738 4025834.047858 1620786532.96151
353283.449578 4025834.78847 1620786532.560651
353267.191489 4025832.487572 1620786534.361458
353265.313043 4025832.376069 1620786534.561477
353246.095387 4025831.524522 1620786536.611848
353242.379177 4025831.293487 1620786537.02506
353238.675554 4025830.985865 1620786537.411477
353211.02859 4025824.203657 1620786540.711998
353205.250662 4025821.654228 1620786541.512203
353198.420329 4025818.782502 1620786542.513021
353191.902965 4025817.761396 1620786543.512641
353194.464626 4025817.843287 1620786543.11103
353188.190007 4025818.515303 1620786544.111198
353174.223792 4025834.794191 1620786547.211495
353103.547826 4025950.925108 1620786563.02096
353099.806093 4025958.74467 1620786564.021092
353096.087349 4025966.654538 1620786565.020888
353092.321532 4025974.711827 1620786566.021474
353088.574296 4025982.802806 1620786567.021704
353084.764656 4025990.903662 1620786568.019909
353080.91565 4025999.087539 1620786569.019755
353077.058728 4026007.19877 1620786570.018367
353078.596874 4026003.940934 1620786569.611375
353075.536653 4026010.351989 1620786570.411788
353065.882545 4026030.440948 1620786573.019501
353059.892071 4026042.977394 1620786574.61181
353039.505819 4026085.93929 1620786580.061115
353033.782827 4026097.263535 1620786581.560402
353029.723198 4026105.001075 1620786582.560552
353025.476065 4026112.822084 1620786583.560853
353021.049104 4026120.642677 1620786584.560878
353016.514842 4026128.357894 1620786585.564612
353011.862184 4026136.02779 1620786586.56041
353007.130104 4026143.612884 1620786587.561746
353002.306212 4026151.094534 1620786588.561566
352997.428305 4026158.525657 1620786589.560974
352992.602948 4026165.859741 1620786590.560589
352987.886404 4026172.907121 1620786591.560799
352983.224337 4026179.989869 1620786592.560856
352978.645972 4026187.061534 1620786593.561426
352972.161147 4026196.890008 1620786594.96155
352975.88646 4026191.28545 1620786594.160404
352965.485902 4026206.649273 1620786596.360697
352957.6958 4026217.31962 1620786597.911876
352954.5578 4026221.418977 1620786598.512203
352949.196088 4026228.238454 1620786599.5123
352943.701641 4026234.99667 1620786600.512607
352938.110145 4026241.556899 1620786601.512712
352932.330116 4026248.074933 1620786602.512694
352926.504825 4026254.364424 1620786603.51377
352920.873491 4026260.350353 1620786604.512251
352915.308357 4026266.267257 1620786605.512276
352909.592288 4026272.255306 1620786606.512367
352903.564088 4026278.246044 1620786607.512594
352897.250172 4026284.232955 1620786608.512159
352890.767618 4026290.21204 1620786609.512503
352884.38343 4026295.912677 1620786610.512108
352878.331926 4026301.217653 1620786611.512416
352872.590073 4026306.147892 1620786612.51272
352867.341433 4026310.876563 1620786613.512417
352864.012945 4026316.211669 1620786614.512243
352863.859818 4026321.693694 1620786615.512344
352863.517197 4026319.574004 1620786615.111596
352868.866135 4026327.695917 1620786617.061561
352873.664962 4026330.689806 1620786618.06156
352879.043041 4026333.934136 1620786619.061576
352885.003376 4026337.613025 1620786620.061383
352891.461298 4026341.648265 1620786621.061789
352898.303857 4026346.085477 1620786622.061578
352905.344644 4026350.598797 1620786623.061248
352912.493471 4026355.169534 1620786624.061635
352919.47735 4026359.566814 1620786625.061415
352926.041146 4026363.732163 1620786626.06134
352932.360202 4026367.764317 1620786627.061473
352938.477144 4026371.684356 1620786628.061422
352944.768259 4026375.726705 1620786629.061349
352951.302627 4026379.803345 1620786630.061437
352957.575386 4026383.549298 1620786631.060954
352963.534414 4026387.155676 1620786632.061503
352969.404072 4026390.749045 1620786633.061281
352975.057879 4026394.320863 1620786634.06139
352980.708613 4026397.729142 1620786635.061503
352990.034268 4026401.206794 1620786636.611676
352992.580127 4026401.504587 1620786637.019131
352999.007248 4026401.159195 1620786638.020523
353002.843583 4026400.219546 1620786638.611538
353011.431727 4026395.862736 1620786640.022183
353017.136737 4026391.366701 1620786641.019488
353022.856067 4026386.326874 1620786642.019671
353028.674019 4026380.984602 1620786643.018949
353034.92297 4026375.407672 1620786644.02003
353041.549028 4026369.528453 1620786645.01951
353048.510313 4026363.400422 1620786646.021234
353055.789427 4026357.207186 1620786647.018214
353063.261616 4026351.164823 1620786648.020444
353070.819983 4026345.628431 1620786649.021147
353078.324687 4026340.548771 1620786650.020999
353085.97055 4026335.82105 1620786651.021044
353093.986734 4026331.38052 1620786652.020791
353102.259719 4026327.334157 1620786653.021506
353110.563218 4026323.87901 1620786654.021222
353123.598168 4026319.483441 1620786655.560222
353131.749041 4026317.16209 1620786656.560425
353139.69955 4026315.058619 1620786657.561464
353147.492043 4026313.210291 1620786658.560514
353155.11462 4026311.814324 1620786659.560504
353162.42086 4026310.665978 1620786660.560629
353169.753281 4026309.890039 1620786661.560416
353177.460417 4026309.390284 1620786662.560496
353186.030563 4026309.095826 1620786663.611302
353194.38407 4026308.932576 1620786664.611235
353202.417894 4026308.978944 1620786665.562494
353211.561779 4026309.464763 1620786666.611534
353220.332733 4026310.402012 1620786667.611293
353229.210155 4026311.726036 1620786668.611447
353238.092064 4026313.3415 1620786669.611243
353246.976573 4026315.358856 1620786670.611471
353255.502371 4026317.710469 1620786671.611294
353252.139193 4026316.720516 1620786671.211251
353273.062473 4026324.434082 1620786673.760349
353283.80831 4026330.044646 1620786675.161399
353291.150349 4026334.659814 1620786676.161121
353301.132609 4026341.245168 1620786677.562015
353305.533312 4026343.757651 1620786678.160667
353312.805778 4026347.460571 1620786679.161491
353320.166725 4026350.642389 1620786680.160536
353327.478706 4026352.93296 1620786681.16155
353334.611496 4026353.773799 1620786682.160957
353341.457954 4026353.025726 1620786683.16042
353347.630476 4026351.115848 1620786684.161431
353352.923393 4026348.277146 1620786685.160575
353357.253064 4026344.531554 1620786686.160738
353362.46296 4026337.82913 1620786687.561222
353361.000637 4026339.892454 1620786687.161286
353370.079553 4026326.106565 1620786689.560653
353368.506472 4026328.609847 1620786689.161299
353378.482358 4026312.73882 1620786691.561406
353376.738961 4026315.472511 1620786691.161665
353406.720362 4026267.412838 1620786697.91104
353418.670292 4026248.303768 1620786700.711331
353420.253386 4026245.739189 1620786701.112756
353424.109204 4026239.699368 1620786702.111973
353427.884963 4026233.723786 1620786703.112014
353431.761616 4026227.609568 1620786704.11307
353435.649396 4026221.526404 1620786705.116796
353439.385323 4026215.629366 1620786706.111175
353442.867064 4026210.149941 1620786707.111128
353446.013274 4026205.112844 1620786708.111157
353449.14113 4026200.166907 1620786709.1122
353452.471216 4026195.020779 1620786710.11203
353456.006479 4026189.522416 1620786711.111969
353459.862855 4026183.513393 1620786712.112088
353463.973223 4026177.039115 1620786713.111391
353468.413146 4026170.019192 1620786714.111526
353473.034957 4026162.748683 1620786715.112027
353477.57893 4026155.545209 1620786716.114456
353482.023064 4026148.552898 1620786717.111
353486.497819 4026141.527961 1620786718.111682
353490.973763 4026134.519301 1620786719.11218
353495.502048 4026127.437935 1620786720.111652
353500.117886 4026120.272285 1620786721.111859
353501.96808 4026117.454419 1620786721.513744
353526.225459 4026078.476536 1620786727.661096
353528.116287 4026074.565423 1620786728.261256
353531.724883 4026065.545583 1620786729.661303
353533.760905 4026058.972728 1620786730.661257
353535.277848 4026052.162204 1620786731.661388
353536.281625 4026045.078786 1620786732.661449
353536.642767 4026037.779776 1620786733.661579
353536.364718 4026030.40032 1620786734.661667
353535.530868 4026022.988008 1620786735.661147
353534.087495 4026015.594327 1620786736.661344
353531.890838 4026008.248213 1620786737.661458
353528.901745 4026001.028214 1620786738.661215
353525.314678 4025994.160258 1620786739.661202
353521.148322 4025987.644917 1620786740.661267
353523.717813 4025991.51659 1620786740.061696
353514.249639 4025979.074637 1620786742.061507
353508.769844 4025973.326293 1620786743.06126
353502.81065 4025967.949904 1620786744.061624
353496.274652 4025962.976513 1620786745.061283
353489.355577 4025958.265443 1620786746.061283
353482.182792 4025953.680365 1620786747.061408
353474.677697 4025949.243221 1620786748.061343
353467.059356 4025944.898927 1620786749.061811
353459.544146 4025940.301329 1620786750.061207
353452.027328 4025935.605486 1620786751.061776
353444.460513 4025930.883377 1620786752.061904
353436.787478 4025926.138053 1620786753.062083
353429.132127 4025921.288866 1620786754.061312
353421.426086 4025916.511186 1620786755.061589
353413.924129 4025911.782956 1620786756.061532
353406.403075 4025907.050661 1620786757.061338
353399.10645 4025902.408605 1620786758.061972
353392.808575 4025898.357071 1620786759.061383
353387.260579 4025894.882386 1620786760.061366
353381.990523 4025891.895256 1620786761.06195
353376.997518 4025890.286798 1620786762.061838
353372.134932 4025890.816435 1620786763.061536
353367.917998 4025893.284241 1620786764.061193
353364.415159 4025897.253604 1620786765.061796
353361.197349 4025901.993631 1620786766.061381
353357.917343 4025907.14068 1620786767.061874
353354.528492 4025912.741286 1620786768.061309
353350.850621 4025918.716929 1620786769.061553
353346.954554 4025925.049613 1620786770.061541
353342.853691 4025931.676498 1620786771.061532
353338.616057 4025938.5828 1620786772.061337
353334.157679 4025945.660634 1620786773.062379
353329.557374 4025952.994689 1620786774.061409
353324.919665 4025960.548425 1620786775.061467
353320.124252 4025968.21437 1620786776.061205
353315.194293 4025975.813929 1620786777.061529
353310.367566 4025983.272985 1620786778.0619
353307.520048 4025987.699902 1620786778.661684
353302.819446 4025995.175347 1620786779.661351
353293.819082 4026009.576092 1620786781.610984
353289.238284 4026016.947603 1620786782.611496
353284.687343 4026024.322471 1620786783.611406
353280.291342 4026031.438228 1620786784.612072
353275.712844 4026038.043038 1620786785.611508
353270.681458 4026043.759521 1620786786.61127
353266.326364 4026049.270873 1620786787.610292
353263.030052 4026055.430227 1620786788.611122
353260.099332 4026062.140443 1620786789.612164
353257.183218 4026069.097698 1620786790.662663
353255.819026 4026075.575022 1620786791.661212
353256.629329 4026081.348536 1620786792.661645
353259.426622 4026085.650364 1620786793.661891
353263.450274 4026089.059997 1620786794.661663
353268.308843 4026092.384405 1620786795.661415
353273.759195 4026095.965229 1620786796.661192
353279.527897 4026099.578855 1620786797.661276
353285.137541 4026103.010368 1620786798.662289
353290.314483 4026106.34838 1620786799.661242
353294.74933 4026110.068863 1620786800.661796
353298.337261 4026114.487221 1620786801.661577
353301.127429 4026119.190703 1620786802.661608
353304.17374 4026123.558708 1620786803.662444
353308.125739 4026127.137518 1620786804.661506
353312.663102 4026130.177768 1620786805.661666
353317.509781 4026133.160819 1620786806.661296
353322.605481 4026136.419917 1620786807.661022
353319.52568 4026134.404109 1620786807.061553
353325.822472 4026138.459855 1620786808.261506
353337.56541 4026145.528779 1620786810.262522
353350.447008 4026153.447325 1620786812.261467
353320.682681 4026134.605033 1620786911.861711
353331.157315 4026140.918008 1620786913.662856
353334.611382 4026143.03908 1620786914.261918
353342.745881 4026148.167023 1620786915.661588
353348.360837 4026151.848605 1620786916.661821
353354.140081 4026155.73586 1620786917.711042
353359.348863 4026159.537392 1620786918.711545
353364.05677 4026163.204691 1620786919.712223
353368.157193 4026167.037141 1620786920.712333
353371.405649 4026170.841135 1620786921.712246
353374.187793 4026173.712839 1620786922.712353
353376.754662 4026175.419543 1620786923.712428
353378.484711 4026176.290549 1620786924.712393
353379.190626 4026176.627346 1620786925.712221
353379.237834 4026176.619624 1620786926.711726
353379.242049 4026176.609657 1620786927.712667
353379.232371 4026176.566798 1620786928.712654
353379.237306 4026176.591824 1620786928.312112
