353374.623431 4026174.332919 1620786434.261524
353374.624943 4026174.335553 1620786435.660879
353374.624318 4026174.335328 1620786436.022166
353374.624709 4026174.334876 1620786436.360497
353375.657446 4026174.89136 1620786441.461529
353376.462425 4026175.326512 1620786442.111941
353378.775007 4026176.62702 1620786443.811607
353379.664428 4026177.145598 1620786444.461358
353382.154062 4026178.59358 1620786445.760654
353384.714635 4026180.074208 1620786446.811549
353386.505593 4026181.083829 1620786447.461582
353385.52389 4026180.5347 1620786447.112112
353400.825285 4026188.661445 1620786451.513082
353402.257563 4026189.422911 1620786451.86086
353403.660304 4026190.185058 1620786452.21161
353414.663834 4026197.336736 1620786454.960718
353418.263651 4026200.280603 1620786455.910978
353415.841906 4026198.254623 1620786455.261699
353423.896647 4026205.462719 1620786457.611896
353427.029284 4026208.300086 1620786458.611666
353435.62709 4026213.687645 1620786461.661877
353436.792237 4026213.884958 1620786462.019814
353440.954349 4026212.850591 1620786463.360525
353442.496203 4026211.588857 1620786464.021965
353443.220025 4026210.751591 1620786464.361331
353447.368075 4026204.015818 1620786466.361584
353446.66245 4026205.200367 1620786466.063576
353454.517323 4026192.411986 1620786468.76152
353457.073453 4026188.357874 1620786469.461785
353461.026576 4026182.139715 1620786470.461491
353465.287268 4026175.562809 1620786471.461626
353463.773359 4026177.89514 1620786471.112764
353472.183506 4026164.836456 1620786473.020402
353473.722427 4026162.409647 1620786473.360721
353480.949589 4026150.987325 1620786475.061363
353482.214937 4026148.969358 1620786475.360578
353496.147888 4026127.122986 1620786478.761404
353500.184866 4026120.850374 1620786479.761506
353502.902178 4026116.656115 1620786480.461344
353501.559768 4026118.72964 1620786480.113125
353510.236578 4026105.16189 1620786482.560506
353513.199446 4026100.378418 1620786483.512376
353514.281026 4026098.601018 1620786483.861379
353520.514939 4026088.030778 1620786485.760391
353521.720334 4026085.965712 1620786486.111705
353526.288331 4026077.759639 1620786487.461308
353527.247861 4026075.849561 1620786487.761157
353531.83677 4026064.368381 1620786489.461701
353533.865262 4026057.119181 1620786490.462498
353535.311479 4026049.654871 1620786491.461409
353536.243162 4026038.905518 1620786492.861548
353536.172513 4026033.674989 1620786493.513481
353535.317654 4026025.094965 1620786494.561361
353534.971308 4026022.654843 1620786494.861196
353531.731191 4026010.021967 1620786496.461252
353528.65821 4026002.376211 1620786497.461293
353527.36768 4025999.716043 1620786497.811417
353519.39303 4025986.864293 1620786499.561503
353513.763038 4025979.853745 1620786500.561411
353507.464192 4025973.201498 1620786501.560467
353505.420738 4025971.323423 1620786501.861278
353502.952854 4025969.19404 1620786502.211469
353432.541179 4025923.486722 1620786510.561473
353429.977481 4025921.839114 1620786510.861431
353412.704453 4025910.966454 1620786512.96137
353404.960206 4025906.107305 1620786513.960432
353397.574675 4025901.463974 1620786514.961439
353390.47367 4025897.016758 1620786515.96154
353392.960849 4025898.578796 1620786515.611589
353385.769785 4025894.047878 1620786516.662318
353371.540603 4025884.831915 1620786518.861662
353366.892592 4025881.926157 1620786519.560545
353360.506114 4025877.869688 1620786520.560588
353358.46307 4025876.556583 1620786520.91222
353356.667107 4025875.392946 1620786521.21154
353339.888883 4025864.662018 1620786523.960519
353333.375906 4025860.577032 1620786524.960337
353335.630186 4025861.999656 1620786524.612707
353331.167085 4025859.174437 1620786525.311853
353321.170312 4025852.844951 1620786527.024783
353311.562671 4025846.845035 1620786528.712138
353305.345378 4025843.202043 1620786529.711751
353303.014347 4025841.9579 1620786530.061458
353300.941455 4025840.928048 1620786530.360868
353279.947738 4025834.047858 1620786532.96151
353282.581373 4025834.589302 1620786532.66165
353267.659486 4025832.518516 1620786534.312249
353264.369434 4025832.326359 1620786534.661438
353245.165091 4025831.469976 1620786536.711811
353241.915105 4025831.260021 1620786537.061559
353238.675554 4025830.985865 1620786537.411477
353210.298822 4025823.88613 1620786540.811724
353205.601168 4025821.814579 1620786541.461262
353198.752269 4025818.897505 1620786542.461492
353192.219977 4025817.746775 1620786543.461585
353194.139704 4025817.805589 1620786543.164731
353187.888555 4025818.628054 1620786544.161055
353173.365883 4025836.159255 1620786547.411722
353103.741575 4025950.532764 1620786562.961536
353099.990153 4025958.353222 1620786563.96041
353096.273257 4025966.255338 1620786564.960429
353092.510977 4025974.305646 1620786565.961458
353088.76227 4025982.398365 1620786566.960646
353084.956444 4025990.4968 1620786567.961001
353081.108502 4025998.678889 1620786568.960502
353077.255675 4026006.783698 1620786569.960392
353078.409142 4026004.341988 1620786569.661496
353075.909034 4026009.581229 1620786570.311958
353065.882545 4026030.440948 1620786573.019501
353059.71096 4026043.353688 1620786574.661803
353039.691183 4026085.560355 1620786580.021322
353033.782827 4026097.263535 1620786581.560402
353029.723198 4026105.001075 1620786582.560552
353025.476065 4026112.822084 1620786583.560853
353021.049104 4026120.642677 1620786584.560878
353016.514842 4026128.357894 1620786585.564612
353011.862184 4026136.02779 1620786586.56041
353007.130104 4026143.612884 1620786587.561746
353002.306212 4026151.094534 1620786588.561566
352997.428305 4026158.525657 1620786589.560974
352992.602948 4026165.859741 1620786590.560589
352987.886404 4026172.907121 1620786591.560799
352983.224337 4026179.989869 1620786592.560856
352978.645972 4026187.061534 1620786593.561426
352972.396244 4026196.540565 1620786594.91183
352975.424901 4026191.988827 1620786594.261426
352965.979224 4026205.943478 1620786596.261865
352958.215482 4026216.631902 1620786597.811825
352954.823918 4026221.074821 1620786598.461461
352949.46839 4026227.89887 1620786599.461677
352943.701641 4026234.99667 1620786600.512607
352938.110145 4026241.556899 1620786601.512712
352932.330116 4026248.074933 1620786602.512694
352926.504825 4026254.364424 1620786603.51377
352920.873491 4026260.350353 1620786604.512251
352915.308357 4026266.267257 1620786605.512276
352909.592288 4026272.255306 1620786606.512367
352903.564088 4026278.246044 1620786607.512594
352897.250172 4026284.232955 1620786608.512159
352890.767618 4026290.21204 1620786609.512503
352884.38343 4026295.912677 1620786610.512108
352878.331926 4026301.217653 1620786611.512416
352872.590073 4026306.147892 1620786612.51272
352867.341433 4026310.876563 1620786613.512417
352864.012945 4026316.211669 1620786614.512243
352863.859818 4026321.693694 1620786615.512344
352863.532006 4026319.847321 1620786615.161555
352868.866135 4026327.695917 1620786617.061561
352873.664962 4026330.689806 1620786618.06156
352879.043041 4026333.934136 1620786619.061576
352885.003376 4026337.613025 1620786620.061383
352891.461298 4026341.648265 1620786621.061789
352898.303857 4026346.085477 1620786622.061578
352905.344644 4026350.598797 1620786623.061248
352912.493471 4026355.169534 1620786624.061635
352919.47735 4026359.566814 1620786625.061415
352926.041146 4026363.732163 1620786626.06134
352932.360202 4026367.764317 1620786627.061473
352938.477144 4026371.684356 1620786628.061422
352944.768259 4026375.726705 1620786629.061349
352951.302627 4026379.803345 1620786630.061437
352957.575386 4026383.549298 1620786631.060954
352963.831558 4026387.333734 1620786632.111895
352969.691749 4026390.929749 1620786633.112035
352975.337142 4026394.494104 1620786634.111938
352980.998381 4026397.889363 1620786635.111465
352990.347909 4026401.256776 1620786636.66143
352992.580127 4026401.504587 1620786637.019131
352999.007248 4026401.159195 1620786638.020523
353003.158317 4026400.115646 1620786638.661449
353011.431727 4026395.862736 1620786640.022183
353017.136737 4026391.366701 1620786641.019488
353022.856067 4026386.326874 1620786642.019671
353028.674019 4026380.984602 1620786643.018949
353034.92297 4026375.407672 1620786644.02003
353041.549028 4026369.528453 1620786645.01951
353048.510313 4026363.400422 1620786646.021234
353055.789427 4026357.207186 1620786647.018214
353063.261616 4026351.164823 1620786648.020444
353070.819983 4026345.628431 1620786649.021147
353078.324687 4026340.548771 1620786650.020999
353085.97055 4026335.82105 1620786651.021044
353093.986734 4026331.38052 1620786652.020791
353102.259719 4026327.334157 1620786653.021506
353110.563218 4026323.87901 1620786654.021222
353123.598168 4026319.483441 1620786655.560222
353131.749041 4026317.16209 1620786656.560425
353139.69955 4026315.058619 1620786657.561464
353147.492043 4026313.210291 1620786658.560514
353155.11462 4026311.814324 1620786659.560504
353162.42086 4026310.665978 1620786660.560629
353169.753281 4026309.890039 1620786661.560416
353177.460417 4026309.390284 1620786662.560496
353186.030563 4026309.095826 1620786663.611302
353193.966442 4026308.937471 1620786664.561174
353202.848617 4026308.98868 1620786665.611509
353211.561779 4026309.464763 1620786666.611534
353220.332733 4026310.402012 1620786667.611293
353229.210155 4026311.726036 1620786668.611447
353238.092064 4026313.3415 1620786669.611243
353246.976573 4026315.358856 1620786670.611471
353255.502371 4026317.710469 1620786671.611294
353252.562699 4026316.840195 1620786671.261204
353273.454618 4026324.616752 1620786673.811356
353283.80831 4026330.044646 1620786675.161399
353291.150349 4026334.659814 1620786676.161121
353300.769288 4026341.025176 1620786677.513454
353305.533312 4026343.757651 1620786678.160667
353312.805778 4026347.460571 1620786679.161491
353320.166725 4026350.642389 1620786680.160536
353327.478706 4026352.93296 1620786681.16155
353334.611496 4026353.773799 1620786682.160957
353341.457954 4026353.025726 1620786683.16042
353347.630476 4026351.115848 1620786684.161431
353352.923393 4026348.277146 1620786685.160575
353357.253064 4026344.531554 1620786686.160738
353362.280105 4026338.093425 1620786687.513551
353361.000637 4026339.892454 1620786687.161286
353369.881271 4026326.423647 1620786689.513436
353368.506472 4026328.609847 1620786689.161299
353378.26344 4026313.082149 1620786691.513343
353376.738961 4026315.472511 1620786691.161665
353406.060325 4026268.483423 1620786697.760544
353418.862001 4026247.982703 1620786700.760571
353420.253386 4026245.739189 1620786701.112756
353424.109204 4026239.699368 1620786702.111973
353427.884963 4026233.723786 1620786703.112014
353431.761616 4026227.609568 1620786704.11307
353435.649396 4026221.526404 1620786705.116796
353439.385323 4026215.629366 1620786706.111175
353442.867064 4026210.149941 1620786707.111128
353446.013274 4026205.112844 1620786708.111157
353449.14113 4026200.166907 1620786709.1122
353452.471216 4026195.020779 1620786710.11203
353456.006479 4026189.522416 1620786711.111969
353459.862855 4026183.513393 1620786712.112088
353463.973223 4026177.039115 1620786713.111391
353468.413146 4026170.019192 1620786714.111526
353473.034957 4026162.748683 1620786715.112027
353477.57893 4026155.545209 1620786716.114456
353482.023064 4026148.552898 1620786717.111
353486.497819 4026141.527961 1620786718.111682
353490.973763 4026134.519301 1620786719.11218
353495.502048 4026127.437935 1620786720.111652
353500.117886 4026120.272285 1620786721.111859
353501.736737 4026117.805377 1620786721.460828
353526.225459 4026078.476536 1620786727.661096
353528.412135 4026073.914259 1620786728.360757
353531.724883 4026065.545583 1620786729.661303
353533.851221 4026058.637911 1620786730.711703
353535.340652 4026051.817467 1620786731.710855
353536.316396 4026044.718642 1620786732.711702
353536.643517 4026037.411832 1620786733.711655
353536.332552 4026030.029519 1620786734.711511
353535.482601 4026022.618352 1620786735.711761
353533.999607 4026015.225338 1620786736.710789
353531.759181 4026007.883042 1620786737.712033
353528.7342 4026000.674108 1620786738.711884
353525.120323 4025993.826704 1620786739.711802
353520.922404 4025987.326407 1620786740.711544
353523.921985 4025991.843958 1620786740.020166
353514.513063 4025979.37127 1620786742.025133
353508.769844 4025973.326293 1620786743.06126
353502.81065 4025967.949904 1620786744.061624
353496.612889 4025963.216492 1620786745.016925
353489.355577 4025958.265443 1620786746.061283
353482.549428 4025953.90731 1620786747.023255
353475.055657 4025949.459838 1620786748.024508
353467.438005 4025945.122527 1620786749.023808
353459.918712 4025940.534255 1620786750.023924
353452.027328 4025935.605486 1620786751.061776
353444.840896 4025931.121367 1620786752.024789
353437.170914 4025926.377789 1620786753.02553
353429.132127 4025921.288866 1620786754.061312
353421.426086 4025916.511186 1620786755.061589
353413.924129 4025911.782956 1620786756.061532
353406.403075 4025907.050661 1620786757.061338
353399.10645 4025902.408605 1620786758.061972
353392.808575 4025898.357071 1620786759.061383
353387.260579 4025894.882386 1620786760.061366
353381.990523 4025891.895256 1620786761.06195
353376.997518 4025890.286798 1620786762.061838
353372.134932 4025890.816435 1620786763.061536
353367.917998 4025893.284241 1620786764.061193
353364.415159 4025897.253604 1620786765.061796
353361.197349 4025901.993631 1620786766.061381
353357.917343 4025907.14068 1620786767.061874
353354.528492 4025912.741286 1620786768.061309
353350.850621 4025918.716929 1620786769.061553
353346.954554 4025925.049613 1620786770.061541
353342.853691 4025931.676498 1620786771.061532
353338.616057 4025938.5828 1620786772.061337
353334.157679 4025945.660634 1620786773.062379
353329.557374 4025952.994689 1620786774.061409
353324.919665 4025960.548425 1620786775.061467
353320.124252 4025968.21437 1620786776.061205
353315.194293 4025975.813929 1620786777.061529
353310.367566 4025983.272985 1620786778.0619
353307.282524 4025988.071295 1620786778.712228
353302.354093 4025995.927092 1620786779.761413
353293.591693 4026009.940221 1620786781.661692
353289.00828 4026017.318828 1620786782.661352
353284.463259 4026024.688037 1620786783.662787
353280.072239 4026031.782804 1620786784.661407
353275.470455 4026038.349693 1620786785.661263
353270.433963 4026044.032573 1620786786.661221
353266.140579 4026049.561964 1620786787.661493
353262.885564 4026055.758823 1620786788.661648
353259.949731 4026062.475938 1620786789.661407
353257.183218 4026069.097698 1620786790.662663
353255.819026 4026075.575022 1620786791.661212
353256.629329 4026081.348536 1620786792.661645
353259.426622 4026085.650364 1620786793.661891
353263.450274 4026089.059997 1620786794.661663
353268.308843 4026092.384405 1620786795.661415
353273.759195 4026095.965229 1620786796.661192
353279.527897 4026099.578855 1620786797.661276
353285.137541 4026103.010368 1620786798.662289
353290.314483 4026106.34838 1620786799.661242
353294.74933 4026110.068863 1620786800.661796
353298.337261 4026114.487221 1620786801.661577
353301.127429 4026119.190703 1620786802.661608
353304.17374 4026123.558708 1620786803.662444
353308.125739 4026127.137518 1620786804.661506
353312.663102 4026130.177768 1620786805.661666
353317.509781 4026133.160819 1620786806.661296
353322.605481 4026136.419917 1620786807.661022
353319.272871 4026134.242407 1620786807.023774
353326.097442 4026138.629523 1620786808.311946
353337.877042 4026145.716487 1620786810.312109
353351.116141 4026153.859396 1620786812.361396
353319.548215 4026133.937366 1620786911.66169
353331.157315 4026140.918008 1620786913.662856
353335.186748 4026143.395946 1620786914.360358
353342.745881 4026148.167023 1620786915.661588
353348.360837 4026151.848605 1620786916.661821
353353.868298 4026155.548352 1620786917.661552
353359.099561 4026159.346794 1620786918.661679
353363.835316 4026163.023523 1620786919.66195
353367.97114 4026166.838085 1620786920.662691
353371.259654 4026170.669279 1620786921.661834
353374.05155 4026173.596655 1620786922.663259
353376.642746 4026175.359185 1620786923.66271
353378.42319 4026176.261855 1620786924.662067
353379.177497 4026176.621222 1620786925.661669
353379.237834 4026176.619624 1620786926.711726
353379.242049 4026176.609657 1620786927.712667
353379.232371 4026176.566798 1620786928.712654
353379.236767 4026176.588828 1620786928.361969
