990493.520266 1819703.773907 1620282816.916791
990493.523503 1819703.773369 1620282817.125028
990493.521263 1819703.773116 1620282817.315856
990493.512955 1819703.772444 1620282819.566516
990493.594422 1819703.767553 1620282820.565587
990494.33353 1819703.721849 1620282821.565861
990496.428442 1819703.624406 1620282822.565829
990497.028583 1819703.591183 1620282822.765837
990499.693232 1819703.464434 1620282823.565779
990509.328258 1819703.157927 1620282825.765974
990515.238475 1819703.019609 1620282826.765661
990520.529766 1819702.93639 1620282827.565074
990521.908223 1819702.927394 1620282827.765793
990527.588968 1819702.913668 1620282828.565743
990547.975132 1819702.711122 1620282831.215817
990555.190357 1819702.486874 1620282832.064741
990563.891088 1819702.013566 1620282833.064915
990565.6417 1819701.902803 1620282833.265877
990586.151709 1819700.753117 1620282835.716313
990581.327095 1819700.997377 1620282835.125537
990600.295593 1819700.444624 1620282837.565607
990601.73141 1819700.425195 1620282837.765601
990608.579225 1819700.33423 1620282838.765788
990619.141836 1819699.860489 1620282840.565633
990624.507203 1819698.876096 1620282841.766578
990621.947124 1819699.460751 1620282841.165985
990630.919465 1819694.881823 1620282843.565543
990633.471409 1819689.451219 1620282844.764853
990633.215279 1819690.500274 1620282844.565643
990633.900088 1819677.939945 1620282846.617263
990633.855008 1819675.130992 1620282847.016178
990633.675993 1819667.678061 1620282848.016014
990633.630478 1819666.123241 1620282848.215962
990633.12555 1819651.376851 1620282850.01592
990633.060883 1819649.670926 1620282850.215742
990632.521626 1819634.3321 1620282852.015013
990632.244647 1819623.743972 1620282853.266057
990632.09423 1819615.007915 1620282854.267122
990632.200998 1819602.984828 1620282855.715627
990632.448981 1819596.505324 1620282856.515788
990632.633474 1819586.018099 1620282857.76553
990632.571916 1819579.319318 1620282858.565835
990632.546563 1819576.092944 1620282858.965682
990632.366307 1819563.233598 1620282860.617958
990632.212204 1819558.584718 1620282861.215468
990632.247319 1819560.114196 1620282861.015345
990632.2387 1819544.087444 1620282863.266469
990632.305606 1819539.555681 1620282864.065802
990632.331197 1819538.607963 1620282864.265801
990632.626058 1819533.901032 1620282865.667812
990632.914529 1819532.738974 1620282866.515627
990631.686339 1819533.870062 1620282870.715209
990631.665444 1819533.870062 1620282870.514601
990631.851506 1819533.793854 1620282872.765492
990631.928404 1819533.7159 1620282873.765845
990632.001504 1819533.66753 1620282874.765317
990631.987004 1819533.671227 1620282874.565448
990632.058487 1819533.640265 1620282875.565404
990632.167323 1819533.605149 1620282876.815434
990631.286851 1819533.422641 1620282877.815453
990630.805125 1819533.336972 1620282879.015795
990630.801076 1819533.336248 1620282879.215314
990630.82956 1819533.297731 1620282881.215678
990630.830669 1819533.298703 1620282882.21539
990630.83209 1819533.299353 1620282883.265823
990630.831645 1819533.297685 1620282883.465879
990630.82753 1819533.305137 1620282886.715401
990630.828378 1819533.305128 1620282886.916043
990630.836083 1819533.293468 1620282888.765607
990630.836686 1819533.293427 1620282888.965276
990630.836988 1819533.299773 1620282890.215409
990630.836237 1819533.299223 1620282891.015545
990630.8317 1819533.302269 1620282892.215415
990630.832246 1819533.297995 1620282892.616985
990630.82822 1819533.301546 1620282895.666677
990630.823566 1819533.304004 1620282896.064638
990630.83043 1819533.290822 1620282897.515459
990630.829578 1819533.289618 1620282897.315523
990630.827765 1819533.303379 1620282900.765378
990630.825898 1819533.300973 1620282901.165797
990630.826733 1819533.27969 1620282902.616421
990630.825165 1819533.28387 1620282903.815302
990630.820524 1819533.290769 1620282904.815544
990630.81693 1819533.28763 1620282905.815337
990630.816931 1819533.284193 1620282906.61678
990630.817416 1819533.283491 1620282906.815661
990630.817788 1819533.282714 1620282907.616978
990630.807323 1819533.293521 1620282909.266618
990630.807992 1819533.280235 1620282910.065704
990630.810295 1819533.287463 1620282911.715123
990630.809638 1819533.28689 1620282912.126402
990630.804205 1819533.295083 1620282913.765639
990630.80104 1819533.302694 1620282914.765303
990630.795119 1819533.310923 1620282915.565995
990630.789648 1819533.305397 1620282916.765277
990630.789213 1819533.291453 1620282917.765233
990630.787904 1819533.289509 1620282918.616728
990630.787412 1819533.29019 1620282918.816277
990630.778004 1819533.269911 1620282922.065538
990630.777785 1819533.270256 1620282922.264883
990630.769722 1819533.276689 1620282926.715319
990630.765464 1819533.28123 1620282927.137834
990630.76674 1819533.267849 1620282928.31569
990630.766001 1819533.274745 1620282929.127376
990630.761107 1819533.29216 1620282930.126269
990630.761322 1819533.288672 1620282930.314966
990630.761049 1819533.278328 1620282932.765146
990630.760929 1819533.278852 1620282932.965349
990630.748821 1819533.271867 1620282937.616306
990630.749267 1819533.269345 1620282937.815534
990630.750362 1819533.269364 1620282938.616796
990630.750737 1819533.274028 1620282940.264814
990630.749827 1819533.262127 1620282941.31532
990630.75178 1819533.254145 1620282942.715352
990630.750712 1819533.247265 1620282943.714525
990630.749763 1819533.246888 1620282944.715471
990630.749691 1819533.243775 1620282944.315098
990630.747804 1819533.247399 1620282946.565439
990630.747306 1819533.248747 1620282946.365285
990630.753928 1819533.245126 1620282954.21545
990630.748108 1819533.251243 1620282961.865714
990630.748139 1819533.250907 1620282961.665599
990630.743599 1819533.260831 1620282963.065295
990630.742872 1819533.24204 1620282964.265697
990630.74354 1819533.251521 1620282964.065414
990630.722958 1819532.925076 1620282965.06572
990630.410554 1819527.336638 1620282967.127786
990630.364492 1819526.520388 1620282967.31517
990629.628423 1819512.277325 1620282969.765306
990629.701369 1819513.701382 1620282969.565156
990629.037723 1819501.089034 1620282971.217219
990628.945403 1819499.427266 1620282971.415607
990627.664579 1819482.865359 1620282973.265763
990626.856309 1819475.198939 1620282974.066093
990625.8026 1819465.514995 1620282975.066394
990624.555759 1819449.017585 1620282976.765674
990624.406333 1819445.569346 1620282977.129787
990624.288689 1819443.106898 1620282977.366317
990623.468913 1819420.952235 1620282979.617776
990623.161707 1819411.497296 1620282980.617762
990623.277813 1819415.253712 1620282980.216685
990622.799293 1819393.583229 1620282982.665663
990622.828266 1819392.105252 1620282982.865937
990622.861134 1819390.691688 1620282983.066014
990621.407434 1819379.801161 1620282985.065923
990618.203043 1819375.631037 1620282986.366471
990613.35312 1819373.57648 1620282987.765732
990607.136094 1819372.699088 1620282988.816142
990601.562979 1819372.060689 1620282989.617459
990592.654128 1819370.774497 1620282990.815879
990594.146874 1819371.035013 1620282990.617877
990577.136181 1819368.671244 1620282992.666012
990575.385207 1819368.451012 1620282992.865053
990573.621947 1819368.230232 1620282993.065987
990562.707615 1819367.175907 1620282994.265927
990539.308156 1819362.845646 1620282996.315509
990530.309312 1819362.211765 1620282997.125025
990511.261426 1819361.2421 1620282998.765656
990506.724445 1819361.061175 1620282999.165632
990504.483501 1819360.971101 1620282999.365512
990495.684767 1819360.665214 1620283000.165395
990468.378909 1819359.907656 1620283002.815756
990460.667176 1819359.685855 1620283003.617803
990449.101848 1819359.366716 1620283004.866016
990447.301243 1819359.315887 1620283005.06591
990436.444426 1819359.047386 1620283006.315439
990438.139656 1819359.098904 1620283006.125224
990425.126316 1819358.666622 1620283007.765413
990422.494835 1819358.5615 1620283008.165892
990410.629531 1819357.877071 1620283010.617523
990405.727622 1819357.53086 1620283011.865964
990404.836335 1819357.478734 1620283012.064806
990396.467637 1819357.113591 1620283013.664801
990398.642436 1819357.19055 1620283013.265796
990386.281877 1819358.097372 1620283015.714733
990385.46559 1819358.409596 1620283015.916086
990375.378745 1819412.37879 1620283024.565291
990375.42889 1819417.260818 1620283025.165572
990375.436191 1819431.133465 1620283026.815779
990375.446388 1819429.430546 1620283026.61644
990375.262219 1819446.343155 1620283028.617427
990375.196144 1819456.722873 1620283029.815279
990375.203806 1819454.980642 1620283029.618518
990375.149978 1819473.435263 1620283031.815751
990375.14409 1819476.552385 1620283032.215657
990375.467056 1819488.167243 1620283033.865518
990376.218586 1819492.502308 1620283034.664883
990376.490285 1819493.464549 1620283034.864753
990378.092471 1819497.103319 1620283035.71552
990389.71748 1819504.100206 1620283038.765541
990393.45542 1819504.184126 1620283039.365538
990403.807649 1819504.107056 1620283040.815937
990402.292482 1819504.118647 1620283040.63829
990408.547061 1819504.128327 1620283041.416057
990463.93956 1819503.895227 1620283047.8651
990467.644002 1819503.845701 1620283048.265744
990477.377554 1819503.727028 1620283049.315477
990484.922837 1819503.664119 1620283050.124385
990496.415788 1819503.60994 1620283051.315608
990494.486434 1819503.622237 1620283051.124437
990506.09985 1819503.587503 1620283052.315485
990524.067655 1819503.461126 1620283054.165401
990526.012583 1819503.447146 1620283054.365327
990533.799802 1819503.393861 1620283055.165407
990572.193845 1819503.383552 1620283059.415209
990601.010133 1819503.332097 1620283063.815271
990603.660152 1819503.351803 1620283064.616994
990602.436633 1819503.343023 1620283064.215692
990606.240145 1819503.299385 1620283066.064459
990606.382457 1819503.287416 1620283066.265629
990606.511497 1819503.227164 1620283067.464912
990606.482313 1819503.116091 1620283071.315172
990606.485103 1819503.121661 1620283072.124184
990606.481304 1819503.11133 1620283073.165323
990606.484379 1819503.122911 1620283075.616567
990606.481503 1819503.118616 1620283075.815882
990606.492322 1819503.140605 1620283077.865843
990606.492394 1819503.144001 1620283078.665728
990606.486814 1819503.128957 1620283078.864757
990606.483811 1819503.126097 1620283080.715133
990606.483715 1819503.120835 1620283081.315283
990606.486047 1819503.12436 1620283082.163579
990606.486835 1819503.134392 1620283084.81553
990606.4863 1819503.129979 1620283084.414608
990606.483452 1819503.129383 1620283086.664631
990606.484986 1819503.127898 1620283086.865536
990606.485841 1819503.127569 1620283088.314544
990606.48626 1819503.131191 1620283088.123066
990606.480052 1819503.123303 1620283094.165155
990606.478376 1819503.109298 1620283094.365193
990606.478496 1819503.116972 1620283096.415481
990606.481517 1819503.123192 1620283096.165149
990606.480106 1819503.123853 1620283098.815246
990606.486078 1819503.124804 1620283099.616465
990606.479832 1819503.121533 1620283100.715362
990606.481728 1819503.121336 1620283101.864699
990606.477998 1819503.118763 1620283102.915969
990606.478899 1819503.119563 1620283103.065562
990606.483966 1819503.124789 1620283104.124851
990606.477551 1819503.125232 1620283105.365946
990606.477662 1819503.123933 1620283107.215272
990606.474857 1819503.119629 1620283107.815406
990606.478033 1819503.120443 1620283109.264445
990606.476598 1819503.120784 1620283110.715198
990606.474596 1819503.118287 1620283110.915262
990606.473265 1819503.118544 1620283112.315138
990606.477379 1819503.117963 1620283113.71523
990606.477158 1819503.117759 1620283113.314959
990606.473263 1819503.117719 1620283116.765142
990606.473284 1819503.117719 1620283117.36515
990606.475422 1819503.122762 1620283118.415163
990606.471571 1819503.11317 1620283119.415976
990606.470675 1819503.110804 1620283120.21505
990606.467805 1819503.112611 1620283122.215131
990606.466862 1819503.109975 1620283124.665535
990606.467002 1819503.113348 1620283124.864665
990606.476043 1819503.121327 1620283126.91493
990606.468745 1819503.11529 1620283127.71524
990606.471554 1819503.114318 1620283127.914969
990606.474494 1819503.119077 1620283128.765211
990606.47527 1819503.117815 1620283129.965338
990606.478083 1819503.118151 1620283131.365381
990606.473835 1819503.115497 1620283131.165306
990606.475493 1819503.122287 1620283133.215083
990606.475747 1819503.116183 1620283134.415704
990606.471307 1819503.11035 1620283135.215178
990606.476786 1819503.120551 1620283136.215167
990606.475995 1819503.121695 1620283137.415117
990606.4732 1819503.121724 1620283138.215123
990606.475191 1819503.111403 1620283139.215487
990606.475022 1819503.122315 1620283140.215087
990606.472374 1819503.124062 1620283141.21509
990606.475168 1819503.120486 1620283141.616163
990606.472981 1819503.123456 1620283143.865438
990606.471842 1819503.118187 1620283144.865659
990606.471494 1819503.117736 1620283145.715096
990606.472693 1819503.118934 1620283145.914869
990606.471119 1819503.117004 1620283146.123928
990606.46707 1819503.116923 1620283152.765246
990606.470887 1819503.119436 1620283153.165412
990606.468548 1819503.113917 1620283154.414999
990606.466989 1819503.115819 1620283155.214882
990606.466842 1819503.11839 1620283155.617779
990606.462905 1819503.114703 1620283156.264622
990616.63779 1819503.112989 1620283163.715112
990619.267806 1819503.093919 1620283164.315337
990621.202967 1819503.068621 1620283164.71491
990626.93067 1819502.668401 1620283165.764819
990640.705635 1819502.359677 1620283167.815183
990643.680793 1819502.23982 1620283168.215032
990652.917917 1819502.073024 1620283169.415365
990661.001494 1819502.011023 1620283170.414959
990664.2478 1819501.99068 1620283170.814984
990665.867194 1819501.984181 1620283171.016037
990694.224649 1819502.654068 1620283174.864367
990699.110889 1819502.645459 1620283175.715867
990705.817123 1819502.594993 1620283176.915182
990712.130185 1819502.557538 1620283177.914971
990710.81671 1819502.556449 1620283177.713724
990722.868799 1819502.527343 1620283179.36487
990731.078413 1819502.53853 1620283180.364864
990729.39086 1819502.535337 1620283180.164972
990739.749691 1819502.545095 1620283181.365185
990756.206511 1819501.946928 1620283183.215954
990766.453571 1819502.040097 1620283184.415092
990773.346313 1819502.10817 1620283185.214896
990782.136177 1819502.116207 1620283186.214846
990793.189227 1819502.006133 1620283187.415627
990800.869547 1819501.886019 1620283188.214999
990802.81464 1819501.849903 1620283188.415798
990827.408208 1819501.692168 1620283190.865301
990837.898496 1819501.590825 1620283191.915827
990847.501639 1819501.513417 1620283192.915829
990845.612666 1819501.524665 1620283192.714391
990860.965083 1819501.420443 1620283194.364951
990869.901759 1819501.43881 1620283195.365056
990884.275565 1819501.850142 1620283197.415034
990892.05327 1819504.203682 1620283198.865409
990890.02814 1819503.227758 1620283198.466036
990899.749241 1819512.563572 1620283200.715162
990900.237101 1819513.779725 1620283200.916385
990901.782849 1819527.763636 1620283202.915256
990901.851734 1819533.983246 1620283203.715186
990901.866614 1819542.038258 1620283204.715099
990901.924205 1819550.41509 1620283205.714025
990901.939293 1819552.138703 1620283205.915221
990901.922196 1819568.625951 1620283207.765046
990901.865492 1819574.138179 1620283208.365
990901.927 1819584.070418 1620283209.415031
990902.050817 1819593.687406 1620283210.415316
990902.019178 1819591.726771 1620283210.215987
990902.197976 1819603.527719 1620283211.415071
990902.369431 1819626.252591 1620283213.665231
990902.502091 1819636.567968 1620283214.71498
990902.543072 1819640.221727 1620283215.129517
990902.621627 1819649.738264 1620283216.315892
990901.868238 1819664.661086 1620283218.765085
990901.162401 1819667.055452 1620283219.164807
990898.022464 1819673.379943 1620283220.215686
990897.121615 1819674.531902 1620283220.414979
990881.650041 1819684.334098 1620283222.665623
990873.13933 1819688.02143 1620283223.665301
990862.376741 1819692.725747 1620283224.865207
990852.95173 1819696.950184 1620283225.865237
990854.862642 1819696.081926 1620283225.665546
990833.315848 1819706.568593 1620283227.865178
990835.314926 1819705.535258 1620283227.665374
990813.769805 1819716.720444 1620283229.765031
990811.675707 1819717.816243 1620283229.965809
990810.096954 1819718.635357 1620283230.128082
990785.781108 1819731.486893 1620283232.415569
990777.178631 1819736.048536 1620283233.214845
990737.649586 1819756.858593 1620283236.865464
990731.058934 1819760.339442 1620283237.465271
990733.263436 1819759.161897 1620283237.265384
990711.082742 1819771.511015 1620283239.315813
990709.023986 1819772.764554 1620283239.514686
990679.937124 1819793.630695 1620283242.764989
990678.557991 1819794.73934 1620283242.964997
990664.687302 1819806.718875 1620283246.216098
990663.957457 1819807.327733 1620283246.815699
990661.995375 1819808.156364 1620283249.465277
990660.688335 1819808.465012 1620283250.715022
990658.163586 1819809.325799 1620283251.915067
990653.986973 1819809.239825 1620283252.915344
990654.985431 1819809.384527 1620283252.715576
990643.979327 1819803.296111 1620283254.96494
990640.665965 1819797.334054 1620283255.965005
990639.371689 1819791.417071 1620283256.764918
990639.047151 1819786.508772 1620283257.365061
990639.12187 1819788.177656 1620283257.165425
990639.048931 1819757.535372 1620283260.814684
990639.115702 1819759.208032 1620283260.616477
990638.63697 1819744.406467 1620283262.464308
990638.355207 1819733.9957 1620283263.915323
990637.115147 1819725.377653 1620283264.914884
990637.160113 1819726.837275 1620283264.714946
990637.134793 1819709.697097 1620283266.96488
990637.165382 1819711.346651 1620283266.764636
990637.096122 1819706.346737 1620283267.364797
990637.078305 1819679.123263 1620283270.415353
990637.094383 1819671.800685 1620283271.21523
990637.090616 1819670.00361 1620283271.415374
990637.092433 1819644.335544 1620283274.465422
990637.0934 1819642.767695 1620283274.665213
990637.758312 1819619.911052 1620283277.916061
990639.1133 1819615.20731 1620283278.716024
990638.681761 1819616.319301 1620283278.515205
990645.012427 1819607.33766 1620283280.364957
990644.049173 1819608.104381 1620283280.16508
990654.929706 1819603.126421 1620283281.964708
990660.928237 1819602.566394 1620283282.764775
990674.06788 1819602.046445 1620283284.414796
990680.728402 1819601.77307 1620283285.215978
990690.670041 1819601.459415 1620283286.414287
990688.989126 1819601.464266 1620283286.214737
990706.376792 1819601.386468 1620283288.264188
990708.124056 1819601.405674 1620283288.46539
990715.197676 1819601.447317 1620283289.265378
990737.97503 1819601.083204 1620283291.714725
990747.724085 1819601.073946 1620283292.714025
990759.609407 1819600.96629 1620283293.915966
990769.316061 1819600.798957 1620283294.915311
990776.895662 1819600.789725 1620283295.714963
990787.941502 1819600.886512 1620283296.914873
990796.425421 1819600.955554 1620283297.915703
990804.035794 1819601.025832 1620283298.915771
990802.550821 1819601.005132 1620283298.716174
990817.447426 1819601.072236 1620283300.917935
990814.953063 1819601.094587 1620283300.51386
990868.727398 1819600.388235 1620283307.764935
990873.818566 1819600.35055 1620283308.414684
990879.252192 1819600.40818 1620283309.215169
990886.289038 1819601.579307 1620283310.414943
990891.816735 1819603.927705 1620283311.415481
990895.956723 1819606.866823 1620283312.214904
990900.928892 1819613.203362 1620283313.4147
990900.244823 1819611.989014 1620283313.214745
990905.438325 1819637.404207 1620283316.865381
990907.133805 1819642.238164 1620283317.664543
990911.493879 1819647.658416 1620283318.864421
990914.490742 1819649.389954 1620283319.465251
990920.246816 1819650.749854 1620283320.465523
990919.056562 1819650.624775 1620283320.26543
990927.783139 1819650.141179 1620283321.665141
990930.451491 1819649.343931 1620283322.06501
990950.314626 1819637.233251 1620283324.714946
990951.956725 1819636.085558 1620283324.914885
990964.047629 1819627.633156 1620283326.364471
990970.805923 1819623.039943 1620283327.164881
990972.482376 1819621.923856 1620283327.364993
990984.193639 1819614.798932 1620283328.764741
990992.937735 1819610.423085 1620283329.815801
990994.60527 1819609.410969 1620283330.014881
991018.769344 1819594.381588 1620283332.864002
991022.194786 1819592.142972 1620283333.264027
991036.568637 1819582.30765 1620283334.916442
991038.318638 1819581.034165 1620283335.123903
991062.785258 1819563.784979 1620283337.964833
991061.243493 1819564.967562 1620283337.764758
991068.45375 1819558.876122 1620283338.764935
991073.726794 1819551.00717 1620283339.814523
991077.518935 1819534.225777 1620283341.865109
991077.020183 1819530.454716 1620283342.264423
991077.447075 1819532.542047 1620283342.064241
991067.535972 1819511.877326 1620283344.916029
991068.705807 1819512.950585 1620283344.714364
991053.305328 1819504.696953 1620283346.764847
991055.114035 1819505.310893 1620283346.564906
991014.787647 1819492.514182 1620283350.414736
991017.171563 1819493.322908 1620283350.215288
990950.328626 1819469.073167 1620283355.314472
990948.21921 1819468.37159 1620283355.465382
990939.766307 1819465.568078 1620283356.065454
990867.874493 1819442.09539 1620283360.964902
990856.296177 1819438.328233 1620283361.764685
990859.169188 1819439.26489 1620283361.56466
990787.832103 1819416.258085 1620283366.814846
990775.315332 1819412.22434 1620283367.815506
990770.400438 1819410.659863 1620283368.214827
990750.691863 1819404.230155 1620283369.864123
990719.40436 1819393.873879 1620283372.714019
990712.244338 1819391.579879 1620283373.514955
990703.135016 1819388.653445 1620283374.765017
990697.303763 1819386.777214 1620283375.765855
990699.486418 1819387.479432 1620283375.364758
990695.305076 1819386.138663 1620283376.165945
990687.999077 1819383.836861 1620283378.215741
990685.222057 1819383.32198 1620283379.865345
990684.929501 1819383.405438 1620283380.265397
990684.755808 1819383.662039 1620283381.265167
990684.741651 1819383.66588 1620283381.665328
990684.738843 1819383.745915 1620283383.314936
990684.73884 1819383.784734 1620283384.314358
990684.73913 1819383.790157 1620283384.514891
990684.776955 1819383.724508 1620283390.764779
990684.780852 1819383.728238 1620283391.764728
990684.776367 1819383.726024 1620283391.364503
990684.777779 1819383.730548 1620283393.414864
990684.779965 1819383.728548 1620283395.86448
990684.78737 1819383.732105 1620283397.265296
990684.776553 1819383.726627 1620283398.314853
990684.779399 1819383.726827 1620283399.314065
990684.782067 1819383.727503 1620283399.713937
990684.7822 1819383.726126 1620283401.763992
990684.785529 1819383.72826 1620283402.165173
990684.781634 1819383.726184 1620283403.814881
990684.784964 1819383.727497 1620283404.215093
990684.774779 1819383.722953 1620283405.214843
990684.782882 1819383.725869 1620283406.26472
990684.773768 1819383.723774 1620283407.264775
990684.784409 1819383.726402 1620283408.314028
990684.774564 1819383.723866 1620283409.314014
990684.781363 1819383.725162 1620283410.314034
990684.778255 1819383.725052 1620283410.714214
990684.781754 1819383.725412 1620283412.764509
990684.778435 1819383.724217 1620283413.764708
990684.780357 1819383.725146 1620283413.364691
990684.778498 1819383.723909 1620283415.76489
990684.781604 1819383.723647 1620283418.814898
990684.784684 1819383.724692 1620283419.215607
990684.777386 1819383.722229 1620283420.264061
990684.779567 1819383.722326 1620283420.46515
990684.779994 1819383.720464 1620283424.314012
990684.787582 1819383.721789 1620283425.313761
990684.785573 1819383.721815 1620283426.764487
990684.783775 1819383.721504 1620283427.764645
990684.785792 1819383.723406 1620283428.764407
990684.783415 1819383.722674 1620283429.764735
990684.784423 1819383.723281 1620283430.76474
990684.78136 1819383.721995 1620283430.36461
990684.785328 1819383.723899 1620283432.814335
990684.78648 1819383.724199 1620283433.414633
990684.787928 1819383.723627 1620283434.26512
990684.782886 1819383.722062 1620283436.915088
990684.782784 1819383.72229 1620283437.314945
990684.788137 1819383.723594 1620283438.314301
990684.781928 1819383.722147 1620283439.313977
990684.788298 1819383.722967 1620283440.36477
990684.783849 1819383.723266 1620283441.365067
990684.783279 1819383.721199 1620283442.81493
990684.786003 1819383.721986 1620283443.814772
990684.783062 1819383.72161 1620283444.81478
990684.786131 1819383.721217 1620283445.814822
990684.782925 1819383.719801 1620283446.815017
990684.785586 1819383.720385 1620283447.814871
990684.772688 1819383.717196 1620283448.814667
990684.172124 1819383.549499 1620283449.814823
990681.797599 1819382.868486 1620283450.814715
990678.034392 1819381.718256 1620283451.815191
990673.306596 1819380.210362 1620283452.814701
990667.431009 1819378.297598 1620283453.814713
990660.566525 1819376.050278 1620283454.814647
990664.768178 1819377.44422 1620283454.215258
990649.359603 1819372.341365 1620283456.265139
990635.218905 1819367.840562 1620283457.864977
990631.423657 1819366.698345 1620283458.265121
990625.530237 1819365.016513 1620283458.865161
990610.020386 1819361.789031 1620283460.313981
990598.205607 1819360.751498 1620283461.314746
990585.571103 1819360.35588 1620283462.314692
990572.336905 1819359.948889 1620283463.314895
990558.574976 1819359.490704 1620283464.31399
990544.407651 1819359.242326 1620283465.314048
990530.041549 1819359.289259 1620283466.314885
990515.823596 1819359.47796 1620283467.313821
990510.218824 1819359.556977 1620283467.714756
990482.291596 1819359.881228 1620283469.764517
990487.632359 1819359.870376 1620283469.364848
990455.746154 1819359.57256 1620283471.814758
990443.306799 1819359.313634 1620283472.81466
990431.202615 1819359.092866 1620283473.814752
990426.45768 1819359.01856 1620283474.214737
990408.293274 1819358.638007 1620283475.814686
990398.684081 1819358.444983 1620283476.81467
990391.251881 1819358.571161 1620283477.81485
990388.775396 1819358.906119 1620283478.214792
990387.608751 1819359.164597 1620283478.414726
990378.760545 1819364.900081 1620283480.265079
990376.920316 1819367.849863 1620283480.865138
990374.480611 1819375.505563 1620283482.125627
990373.150155 1819388.563883 1620283483.764552
990373.490431 1819383.099804 1620283483.125496
990372.999274 1819408.095844 1620283485.81471
990372.975823 1819414.25621 1620283486.414481
990372.990852 1819412.182349 1620283486.214723
990372.891766 1819434.078683 1620283488.264929
990372.884561 1819436.276212 1620283488.464983
990372.273003 1819463.314413 1620283490.914696
990371.398774 1819473.807786 1620283491.914665
990370.126755 1819482.370349 1620283492.764252
990368.787035 1819488.323138 1620283493.364517
990365.453217 1819498.146637 1620283494.364411
990362.658908 1819503.876775 1620283494.964477
990350.28267 1819519.997449 1620283496.814728
990341.997203 1819528.466151 1620283497.865
990334.713088 1819536.904836 1620283498.865198
990329.190891 1819544.302939 1620283499.864769
990324.091401 1819553.81893 1620283500.865081
990320.284296 1819564.026405 1620283501.864444
990319.004374 1819568.251352 1620283502.26493
990316.230965 1819579.648516 1620283503.314068
990314.258711 1819590.904974 1620283504.314869
990313.527826 1819597.864917 1620283504.915917
990366.001058 1819696.461518 1620283514.768406
990372.249681 1819698.848081 1620283515.364547
990376.502454 1819700.144947 1620283515.764421
990399.256571 1819703.724201 1620283517.814664
990394.719012 1819703.379134 1620283517.414628
990403.800211 1819703.933255 1620283518.214703
990412.890645 1819704.162804 1620283519.014673
990467.11968 1819704.162758 1620283523.86382
990460.841329 1819704.207142 1620283523.263842
990483.926588 1819704.053624 1620283525.914697
990482.619119 1819704.054459 1620283525.714641
990493.28265 1819704.157722 1620283527.96446
990494.727327 1819704.233551 1620283529.364536
990494.658984 1819704.196316 1620283530.563663
990494.630281 1819704.060894 1620283532.363607
990494.623788 1819703.871161 1620283533.364426
