988117.126137 1818805.200555 1621823227.867728
988117.12669 1818805.201015 1621823228.029729
988117.12048 1818805.197749 1621823229.366574
988117.120011 1818805.196784 1621823230.067858
988117.118456 1818805.196395 1621823230.367611
988117.202027 1818805.251277 1621823231.417607
988117.708063 1818805.59125 1621823232.417332
988127.223034 1818812.103471 1621823236.766556
988130.053589 1818814.00571 1621823237.468152
988131.35527 1818814.866786 1621823237.767297
988134.498607 1818816.924103 1621823238.467792
988145.168717 1818823.904172 1621823240.667685
988148.716466 1818826.373155 1621823241.367249
988155.795794 1818831.454194 1621823242.717538
988161.229856 1818835.59353 1621823243.717458
988166.905555 1818840.259525 1621823244.767696
988172.014622 1818844.777477 1621823245.766743
988175.155358 1818847.729263 1621823246.417375
988181.522605 1818853.784627 1621823247.817452
988182.751956 1818854.916207 1621823248.117293
988185.452284 1818857.22258 1621823248.817201
988190.593419 1818860.130453 1621823250.16741
988196.235575 1818859.521369 1621823251.717406
988198.646209 1818857.02417 1621823252.716253
988200.087059 1818854.695838 1621823253.366621
988200.933927 1818853.266687 1621823253.717273
988201.711037 1818852.010829 1621823254.029006
988209.662538 1818839.446583 1621823256.417166
988208.33084 1818841.528807 1621823256.067723
988224.205629 1818817.366199 1621823259.617329
988233.429998 1818803.586264 1621823261.416827
988240.453067 1818792.941425 1621823262.766325
988245.62529 1818784.961276 1621823263.767467
988242.248988 1818790.165482 1621823263.117236
988252.531086 1818774.232594 1621823265.117512
988256.687015 1818767.661425 1621823265.967077
988261.369864 1818760.297394 1621823266.967104
988268.797251 1818748.786386 1621823268.667551
988273.825487 1818741.266612 1621823269.817062
988275.356525 1818738.952121 1621823270.168085
988276.887998 1818736.665385 1621823270.51845
988285.610116 1818721.510793 1621823272.717315
988287.656632 1818716.77976 1621823273.367888
988286.749843 1818719.000695 1621823273.06679
988289.64032 1818711.468271 1621823274.067464
988292.417466 1818700.518758 1621823275.417097
988293.256895 1818694.544754 1621823276.118118
988292.513525 1818669.81524 1621823278.867501
988293.267956 1818676.223432 1621823278.167214
988291.280342 1818663.816029 1621823279.518045
988289.000261 1818656.028804 1621823280.368523
988280.601181 1818638.327129 1621823282.367361
988272.453106 1818627.386505 1621823283.717124
988265.352592 1818620.111731 1621823284.716267
988267.948862 1818622.561365 1621823284.36742
988254.965419 1818611.713594 1621823286.068849
988249.203546 1818607.856613 1621823286.767139
988246.309116 1818605.957976 1621823287.117237
988232.927355 1818597.224358 1621823288.766282
988219.436785 1818588.427891 1621823290.51763
988214.492418 1818585.222441 1621823291.166911
988206.474425 1818580.061868 1621823292.21647
988201.63013 1818576.890814 1621823292.866668
988199.068329 1818575.215086 1621823293.2163
988185.064072 1818566.040535 1621823295.2168
988176.541392 1818560.460847 1621823296.51802
988169.216739 1818555.622407 1621823297.715864
988167.191239 1818554.28559 1621823298.067444
988161.605399 1818550.63221 1621823299.067424
988152.873166 1818544.930073 1621823300.766412
988148.754126 1818542.211174 1621823301.617705
988142.863295 1818538.391906 1621823302.81688
988141.42484 1818537.448227 1621823303.116894
988132.817363 1818531.815721 1621823304.967842
988123.972845 1818525.998983 1621823306.816969
988119.131113 1818522.780355 1621823307.817
988117.411512 1818521.645665 1621823308.166679
988109.496747 1818516.395327 1621823309.816914
988110.944703 1818517.350656 1621823309.517835
988102.780984 1818511.978063 1621823311.167325
988095.949275 1818507.532792 1621823312.517607
988092.815817 1818505.478885 1621823313.166638
988089.594034 1818503.366961 1621823313.867112
988082.095199 1818498.487726 1621823315.567019
988079.141888 1818496.565258 1621823316.215996
988077.508159 1818495.499904 1621823316.566702
988067.215574 1818489.082486 1621823318.567554
988068.869615 1818490.074434 1621823318.266991
988060.409475 1818485.279299 1621823319.766904
988048.868883 1818480.379751 1621823321.766816
988046.046822 1818479.515989 1621823322.266117
988046.888425 1818479.757847 1621823322.117027
988035.904839 1818477.479635 1621823324.166644
988022.687735 1818476.213286 1621823326.867293
988021.155632 1818476.122616 1621823327.165876
988013.633038 1818475.733004 1621823328.566092
988007.912869 1818475.395117 1621823329.566363
988003.764569 1818475.075558 1621823330.267261
988001.951454 1818474.904959 1621823330.56688
987993.884398 1818473.902621 1621823331.916699
987984.714939 1818472.013441 1621823333.616714
987979.230636 1818470.418225 1621823334.767021
987982.256724 1818471.346226 1621823334.11691
987977.694698 1818469.909421 1621823335.116955
987970.772243 1818467.294575 1621823337.116476
987966.743757 1818465.516745 1621823339.816713
987965.668064 1818465.026744 1621823340.815913
987964.456978 1818464.43931 1621823341.81585
987965.27182 1818464.841402 1621823341.166508
987960.202136 1818462.492568 1621823343.517954
987961.376952 1818463.002463 1621823343.167352
987951.559038 1818460.825006 1621823345.517595
987945.169281 1818463.486577 1621823346.866512
987946.758657 1818462.414499 1621823346.517729
987943.660461 1818464.870516 1621823347.216678
987929.105266 1818486.658282 1621823350.568227
987927.383274 1818489.314081 1621823350.917819
987920.802121 1818499.333834 1621823352.216664
987919.002086 1818502.054041 1621823352.566549
987915.657687 1818507.099101 1621823353.216629
987910.36179 1818515.078171 1621823354.268514
987903.649432 1818525.208081 1621823355.61656
987900.427875 1818530.09176 1621823356.267107
987888.397496 1818548.566034 1621823358.816763
987883.925258 1818555.651099 1621823359.817982
987882.381765 1818558.132655 1621823360.166683
987874.989819 1818570.173087 1621823361.816924
987872.086766 1818575.177913 1621823362.467037
987866.051779 1818586.266489 1621823363.816184
987867.603537 1818583.326885 1621823363.467079
987858.656026 1818600.867028 1621823365.517487
987855.89822 1818606.446131 1621823366.166073
987851.772924 1818614.811802 1621823367.166461
987845.107877 1818628.380863 1621823368.867113
987841.373787 1818635.961742 1621823369.866399
987839.001186 1818640.720872 1621823370.517364
987835.549691 1818647.691696 1621823371.517567
987833.453616 1818651.940784 1621823372.165746
987828.18355 1818662.788696 1621823373.866111
987829.133743 1818660.8286 1621823373.566427
987821.395858 1818676.639512 1621823375.86714
987820.150848 1818679.165609 1621823376.216554
987815.141984 1818689.345805 1621823377.566602
987811.2137 1818697.294772 1621823378.566841
987810.001378 1818699.744455 1621823378.866889
987804.249325 1818711.090488 1621823380.266942
987801.594421 1818716.240759 1621823380.915766
987793.748883 1818731.644789 1621823382.965909
987789.889555 1818739.050315 1621823383.965878
987787.245053 1818743.992334 1621823384.616554
987784.259034 1818749.415215 1621823385.315624
987779.776664 1818757.229023 1621823386.316761
987778.402126 1818759.580687 1621823386.616676
987772.131794 1818770.02249 1621823387.966004
987768.758594 1818775.447669 1621823388.666987
987766.33293 1818779.314908 1621823389.166831
987754.562219 1818797.733008 1621823391.51692
987748.385119 1818807.151404 1621823392.715853
987744.343207 1818813.35184 1621823393.517372
987737.045059 1818824.087181 1621823394.9166
987735.451106 1818826.362671 1621823395.216573
987728.00367 1818836.811313 1621823396.615704
987721.16919 1818846.082817 1621823397.915019
987719.310231 1818848.520542 1621823398.266819
987717.471948 1818850.94084 1621823398.616397
987712.11763 1818857.888587 1621823399.616383
987702.875573 1818869.168004 1621823401.267148
987697.080115 1818875.862006 1621823402.266215
987693.285335 1818880.199291 1621823402.916241
987684.425443 1818890.048636 1621823404.415692
987671.146926 1818903.969685 1621823406.616515
987667.97773 1818907.139722 1621823407.116432
987662.44975 1818912.511551 1621823407.965776
987654.373424 1818920.060198 1621823409.166527
987646.107668 1818927.534273 1621823410.366991
987641.664948 1818931.420306 1621823411.027813
987635.178278 1818937.032142 1621823412.027025
987624.456156 1818946.29288 1621823413.86694
987627.08119 1818943.969089 1621823413.36643
987623.721495 1818946.962504 1621823414.027929
987617.226826 1818957.468795 1621823416.366642
987618.135396 1818960.780163 1621823417.166251
987659.222956 1818989.478259 1621823423.867023
987664.704974 1818993.070502 1621823424.566123
987674.907383 1818999.695631 1621823425.915272
987677.399538 1819001.318221 1621823426.26631
987694.276044 1819012.310568 1621823428.966733
987700.241427 1819016.266134 1621823429.966328
987702.267499 1819017.603056 1621823430.316221
987707.641815 1819021.097552 1621823431.316275
987709.209444 1819022.109595 1621823431.617118
987718.761547 1819028.222011 1621823433.666864
987717.216991 1819027.263149 1621823433.316318
987726.316168 1819033.087656 1621823435.715483
987729.036814 1819034.817336 1621823436.866746
987727.653668 1819033.938531 1621823436.216783
987731.067788 1819036.109213 1621823437.86673
987737.718289 1819039.451981 1621823439.866783
987740.592024 1819040.224116 1621823440.518342
987742.109668 1819040.5242 1621823440.865832
987750.816378 1819040.726196 1621823442.915319
987753.901599 1819040.235239 1621823443.566419
987758.946718 1819038.736571 1621823444.566039
987762.285615 1819037.102046 1621823445.266602
987768.430484 1819032.486182 1621823446.616429
987769.134075 1819031.89726 1621823446.766254
987787.340775 1819016.011618 1621823450.316139
987789.082367 1819014.478485 1621823450.616335
987804.275439 1819001.321304 1621823452.966226
987802.191588 1819003.061114 1621823452.665735
987814.121751 1818993.555783 1621823454.31525
987816.785374 1818991.59695 1621823454.66582
987822.164097 1818987.803115 1621823455.366084
987870.634553 1818963.04043 1621823461.36612
987888.471683 1818957.875547 1621823463.367079
987889.800426 1818957.559802 1621823463.516835
987908.688846 1818954.121922 1621823465.866721
987910.980167 1818953.827961 1621823466.166351
987955.5688 1818952.339589 1621823471.365346
987966.526615 1818953.294503 1621823472.516263
987974.507047 1818954.281259 1621823473.365959
987983.700777 1818955.744765 1621823474.366158
987995.29802 1818958.212762 1621823475.666534
987989.55808 1818956.887597 1621823475.026518
988004.25086 1818960.642629 1621823476.716129
988017.988076 1818964.963558 1621823478.416403
988030.301947 1818970.24315 1621823480.066521
988037.421118 1818974.172313 1621823481.066302
988048.253882 1818981.186751 1621823482.565715
988055.781492 1818986.078548 1621823483.565696
988064.774536 1818991.452995 1621823484.715095
988072.962075 1818995.237652 1621823485.715517
988078.796374 1818997.195367 1621823486.416339
988087.195398 1818998.675802 1621823487.41598
988089.679269 1818998.768056 1621823487.715031
988103.752524 1818995.149663 1621823489.566043
988107.919966 1818992.12548 1621823490.266461
988111.187469 1818988.617268 1621823490.914588
988117.710586 1818979.842112 1621823492.266208
988124.585335 1818969.787894 1621823493.615978
988122.756851 1818972.471324 1621823493.266472
988136.825487 1818951.622748 1621823495.915963
988140.55404 1818945.876374 1621823496.616081
988144.030912 1818940.449877 1621823497.267967
988151.268728 1818929.297915 1621823498.615914
988158.393694 1818918.37435 1621823499.965146
988162.038525 1818912.758216 1621823500.665595
988167.099871 1818904.929092 1621823501.666239
988170.440603 1818899.760228 1621823502.366028
988173.808572 1818894.484308 1621823503.165142
988179.674875 1818885.242617 1621823504.666411
988183.655901 1818878.98866 1621823505.6663
988187.351098 1818873.33732 1621823506.517262
988196.962532 1818858.738043 1621823508.666219
988201.948345 1818851.106744 1621823509.865324
988205.460389 1818845.78006 1621823510.714917
988208.222996 1818841.564594 1621823511.366084
988211.379666 1818836.722347 1621823512.068995
988212.802033 1818834.553181 1621823512.365949
988216.204297 1818829.312205 1621823513.065313
988231.347639 1818806.184942 1621823515.966002
988236.807549 1818797.893734 1621823516.965824
988235.167794 1818800.392167 1621823516.666299
988244.088328 1818786.804227 1621823518.315972
988251.188308 1818776.024345 1621823519.665642
988253.016438 1818773.220096 1621823520.027511
988254.829286 1818770.438181 1621823520.365815
988261.62761 1818760.068327 1621823521.714871
988264.798705 1818755.179812 1621823522.415952
988267.649146 1818750.82398 1621823523.065676
988279.991392 1818731.663196 1621823525.96617
988281.361334 1818729.362921 1621823526.316063
988285.950985 1818720.855917 1621823527.616163
988288.095504 1818715.985489 1621823528.316152
988292.020647 1818703.309078 1621823529.965715
988293.384646 1818694.874688 1621823530.965822
988293.676214 1818691.835829 1621823531.315745
988293.895244 1818680.278203 1621823532.615842
988292.567155 1818668.037562 1621823533.965804
988291.226749 1818662.197017 1621823534.61574
988288.364713 1818653.296175 1621823535.616008
988285.74524 1818647.118067 1621823536.316054
988265.058089 1818618.718857 1621823539.815097
988261.128839 1818615.298138 1621823540.31513
988249.303513 1818606.605589 1621823541.715342
988243.524168 1818602.850447 1621823542.365926
988231.464506 1818595.290372 1621823543.714918
988237.701902 1818599.181807 1621823543.028512
988228.839978 1818593.640413 1621823544.028329
988186.89136 1818566.497151 1621823549.065658
988181.543941 1818562.992941 1621823549.765911
988179.29427 1818561.519088 1621823550.066485
988158.846352 1818548.106461 1621823552.965901
988163.552488 1818551.208374 1621823552.266213
988157.551544 1818547.252902 1621823553.165866
988144.862123 1818539.335648 1621823555.365293
988141.265478 1818537.711083 1621823556.027516
988132.070876 1818536.969259 1621823557.715038
988132.85724 1818536.796796 1621823557.565831
988123.185005 1818544.317269 1621823559.765948
988122.070145 1818545.937198 1621823560.06616
988120.79803 1818547.865809 1621823560.416229
988113.953281 1818558.508674 1621823562.266419
988104.216652 1818574.155959 1621823564.666359
988098.487692 1818583.372432 1621823565.965366
988096.848307 1818585.891283 1621823566.315289
988091.934093 1818593.263423 1621823567.315969
988091.185698 1818594.392766 1621823567.46629
988080.40803 1818610.728508 1621823569.665478
988078.754402 1818613.250133 1621823570.02844
988073.900532 1818620.614389 1621823571.066455
988070.892864 1818625.183126 1621823571.715502
988063.229715 1818637.107767 1621823573.415742
988060.31103 1818641.695661 1621823574.06629
988052.966821 1818653.170924 1621823575.715701
988054.288371 1818651.080048 1621823575.41575
988045.638688 1818664.674578 1621823577.416094
988042.92682 1818668.885366 1621823578.065634
988041.453822 1818671.135975 1621823578.415662
988038.487333 1818675.531433 1621823579.115757
988029.90067 1818685.864224 1621823581.116011
988020.685997 1818698.166777 1621823583.815808
988021.597487 1818696.402993 1621823583.466665
988013.336316 1818715.774964 1621823586.965835
988012.921572 1818717.75963 1621823587.315793
988013.380436 1818724.773513 1621823588.616071
988012.989315 1818723.220897 1621823588.315707
988020.289179 1818733.623325 1621823590.666298
988025.371288 1818736.939138 1621823591.666484
988030.408875 1818740.142787 1621823592.666222
988033.70206 1818742.270679 1621823593.315495
988035.525408 1818743.459599 1621823593.666224
988046.668555 1818750.998693 1621823595.666286
988050.404862 1818754.027369 1621823596.365884
988056.557574 1818760.574826 1621823597.714866
988057.794083 1818762.188026 1621823598.026265
988065.405799 1818770.949522 1621823599.765801
988069.011113 1818773.930935 1621823600.466173
988070.646821 1818775.138142 1621823600.765005
988076.463673 1818779.12276 1621823601.765152
988090.176536 1818788.082527 1621823603.966629
988087.009167 1818786.035921 1621823603.466232
988096.730962 1818792.297263 1621823605.029145
988102.928548 1818796.325386 1621823606.027485
988111.354336 1818801.687572 1621823607.36589
988118.327233 1818806.143019 1621823608.516677
988126.747186 1818811.531619 1621823609.866403
988131.841557 1818814.801062 1621823610.666388
988137.228436 1818818.321151 1621823611.516763
988142.606428 1818821.91872 1621823612.365625
988149.0482 1818826.274604 1621823613.365767
988155.35726 1818830.74512 1621823614.365837
988159.558244 1818833.918771 1621823615.065435
988161.33723 1818835.308022 1621823615.365736
988169.121302 1818841.894822 1621823616.714797
988176.139986 1818848.800547 1621823618.066887
988182.072124 1818855.614009 1621823619.415752
988184.277183 1818858.584922 1621823620.115915
988185.773817 1818860.952809 1621823620.765152
988187.894135 1818866.050284 1621823622.115356
988188.17505 1818867.36906 1621823622.416723
988187.926806 1818875.029927 1621823623.766072
988187.346952 1818877.320035 1621823624.11578
988180.128798 1818891.333936 1621823626.266077
988175.468536 1818898.714467 1621823627.466219
988176.783504 1818896.661229 1621823627.114998
988166.735693 1818912.260668 1621823629.665482
988168.878267 1818908.991465 1621823629.165787
988156.941482 1818927.435362 1621823631.715817
988153.575694 1818932.619252 1621823632.365662
988146.341872 1818943.742969 1621823633.71627
988144.411441 1818946.710544 1621823634.066068
988143.577579 1818947.992113 1621823634.21577
988131.074887 1818967.312142 1621823636.415738
988129.121193 1818970.345771 1621823636.765959
988125.294307 1818976.327958 1621823637.465563
988121.833392 1818981.756763 1621823638.114791
988106.309993 1818998.793664 1621823640.817393
988101.050907 1819001.399422 1621823641.665183
988094.450658 1819003.048397 1621823642.667152
988085.423712 1819002.956765 1621823643.866237
988081.42321 1819002.18789 1621823644.365609
988076.103383 1819000.588596 1621823645.027492
988060.671439 1818993.412691 1621823646.866181
988064.78588 1818995.722858 1621823646.365767
988047.176504 1818984.913214 1621823648.516753
988043.052373 1818982.329324 1621823649.026639
988041.819507 1818981.55363 1621823649.165701
987996.874226 1818961.870203 1621823654.36468
987984.176966 1818959.185378 1621823655.715333
987977.975077 1818958.133326 1621823656.365385
987971.272937 1818957.156838 1621823657.065728
987969.826466 1818956.972872 1621823657.216101
987945.636938 1818955.694627 1621823659.766011
987943.125695 1818955.741066 1621823660.066248
987923.20624 1818952.696722 1621823663.966194
987922.526503 1818952.19332 1621823664.117148
987916.909937 1818944.303571 1621823665.815478
987917.712666 1818946.111328 1621823665.466232
987915.525262 1818937.588191 1621823667.114953
987915.647723 1818933.705249 1621823667.816028
987916.35664 1818925.166859 1621823669.165797
987917.130785 1818915.047819 1621823670.717133
987917.26575 1818914.095675 1621823670.866245
987935.259817 1818881.486425 1621823675.714776
987936.955274 1818878.906529 1621823676.066024
987940.081886 1818874.153103 1621823676.71567
987954.43642 1818852.328164 1621823679.766741
987957.679016 1818847.414919 1621823680.416214
987959.482651 1818844.706157 1621823680.766352
987966.534893 1818834.067206 1621823682.11469
987971.758199 1818826.288322 1621823683.11606
987978.428655 1818816.059343 1621823684.466146
987980.094479 1818813.441296 1621823684.815799
987983.388106 1818808.292889 1621823685.516863
987999.682133 1818788.26129 1621823688.86625
988004.891445 1818785.438221 1621823689.714906
988009.508996 1818783.597502 1621823690.364929
988017.351435 1818781.247132 1621823691.365649
988020.581319 1818780.419689 1621823691.765728
988042.519163 1818774.797425 1621823694.765702
988048.148721 1818773.414787 1621823695.76584
988053.353444 1818772.498911 1621823696.765734
988054.960019 1818772.330978 1621823697.070485
988061.090913 1818772.497351 1621823698.115022
988065.570651 1818773.526657 1621823698.815322
988074.34445 1818777.736482 1621823700.165789
988076.265513 1818778.90346 1621823700.46636
988080.767864 1818781.732786 1621823701.166325
988089.633593 1818787.250527 1621823702.517463
988102.471996 1818795.502835 1621823704.565733
988107.450528 1818798.658872 1621823705.415739
988112.921583 1818802.122764 1621823706.41576
988118.640156 1818805.734545 1621823707.764831
988121.272112 1818807.406427 1621823708.765152
988122.535465 1818808.211883 1621823709.764006
988122.795834 1818808.374593 1621823710.465438
988122.727102 1818808.333294 1621823710.11492
988122.787543 1818808.363773 1621823711.114829
