988333.286699 1818615.983992 1621852665.850263
988336.387715 1818618.454374 1621852666.209247
988359.713957 1818637.502373 1621852668.750084
988367.831791 1818644.195114 1621852669.600441
988377.552794 1818652.282227 1621852670.600396
988374.132916 1818649.437707 1621852670.250796
988389.44429 1818662.205336 1621852671.800229
988404.820776 1818674.845253 1621852673.300854
988408.536122 1818677.85266 1621852673.650457
988415.617175 1818683.500115 1621852674.30113
988431.043342 1818695.797916 1621852675.650022
988447.87163 1818708.809666 1621852677.00045
988456.581197 1818715.313353 1621852677.65003
988476.127106 1818729.735561 1621852679.050022
988481.070865 1818733.482649 1621852679.39974
988504.372411 1818751.859649 1621852681.050274
988516.989653 1818762.149443 1621852681.949152
988541.085179 1818781.687334 1621852683.651138
988551.037449 1818789.833675 1621852684.34995
988560.313804 1818797.445908 1621852685.000225
988584.094492 1818816.87579 1621852686.650194
988598.683054 1818828.797895 1621852687.650504
988614.26223 1818841.489436 1621852688.702071
988624.778942 1818849.995973 1621852689.400267
988645.211821 1818866.585049 1621852690.750044
988634.591445 1818857.935183 1621852690.050468
988678.877057 1818894.050098 1621852692.949805
988684.228443 1818898.428731 1621852693.300511
988694.179501 1818906.522023 1621852693.950162
988697.242996 1818909.006663 1621852694.149431
988722.22901 1818929.899496 1621852695.800505
988740.308658 1818944.9561 1621852697.000295
988760.57655 1818962.164807 1621852698.350361
988791.511764 1818987.689682 1621852700.40021
988796.79967 1818992.004832 1621852700.749215
988805.104209 1818998.805504 1621852701.300849
988835.827659 1819024.351873 1621852703.350469
988855.267439 1819040.317329 1621852704.650261
988860.522385 1819044.554562 1621852705.000078
988880.649078 1819060.551557 1621852706.350293
988901.27381 1819075.580342 1621852707.702229
988905.96816 1819078.789322 1621852708.000107
988927.245726 1819093.049821 1621852709.350033
988921.708703 1819089.394293 1621852709.003786
988966.42195 1819119.248986 1621852711.850096
988975.00359 1819124.965835 1621852712.400432
988990.626721 1819135.252314 1621852713.400387
989001.541827 1819142.38997 1621852714.100833
989022.539265 1819156.111793 1621852715.450104
989037.241645 1819165.760414 1621852716.400311
989061.059324 1819181.400174 1621852717.950355
989071.636972 1819188.381275 1621852718.650194
989066.355607 1819184.885117 1621852718.300687
989087.443446 1819198.865096 1621852719.702297
989108.754715 1819213.506427 1621852721.100902
989132.571861 1819229.408943 1621852722.650126
989148.556793 1819240.22752 1621852723.702504
989163.500011 1819250.314047 1621852724.702504
989178.924204 1819260.675288 1621852725.750178
989193.497879 1819270.459504 1621852726.750309
989184.055405 1819264.121222 1621852726.100993
989224.550946 1819291.351055 1621852728.94905
989234.1575 1819297.741436 1621852729.650065
989229.367836 1819294.559782 1621852729.300678
989242.970437 1819303.572803 1621852730.300642
989273.935404 1819323.780522 1621852732.650774
989286.575136 1819332.079549 1621852733.65206
989290.270303 1819334.500591 1621852733.950112
989301.969319 1819342.280456 1621852734.951507
989321.681402 1819355.218585 1621852736.950177
989315.817075 1819351.47887 1621852736.300527
989331.712155 1819361.557431 1621852738.300586
989338.78207 1819365.902729 1621852739.650046
989339.958502 1819366.606231 1621852739.950262
989343.480277 1819368.700748 1621852741.300557
989345.105979 1819369.615367 1621852742.702762
989344.562039 1819369.316895 1621852742.000719
989345.238515 1819369.510798 1621852744.702211
989345.256086 1819369.572779 1621852745.702741
989345.248466 1819369.545948 1621852744.999996
989345.254654 1819369.574983 1621852746.702182
989345.253493 1819369.575918 1621852747.050142
989345.254167 1819369.575036 1621852748.400166
989345.257471 1819369.580077 1621852749.100508
989345.338183 1819369.281001 1621852751.702273
989345.346439 1819369.28923 1621852752.400589
989345.343268 1819369.283531 1621852753.749884
989345.382852 1819369.243953 1621852754.800137
989345.358415 1819369.266479 1621852754.450016
989345.406813 1819369.222051 1621852755.150033
989345.44547 1819369.052339 1621852757.349997
989345.438292 1819369.037007 1621852758.050194
989345.438837 1819369.033233 1621852758.349989
989345.453427 1819369.03431 1621852759.050473
989345.463792 1819369.043851 1621852761.950055
989345.464719 1819369.038788 1621852762.450065
989345.466507 1819369.037116 1621852762.800404
989345.447667 1819369.038641 1621852764.702643
989345.443272 1819369.057324 1621852765.450334
989345.456092 1819369.083658 1621852766.450492
989345.448975 1819369.088583 1621852767.749957
989345.450332 1819369.089628 1621852768.100762
989345.453432 1819369.076347 1621852769.800374
989345.451539 1819369.078163 1621852769.100807
989345.445005 1819369.097989 1621852771.250061
989345.442901 1819369.085762 1621852773.650009
989345.441586 1819369.085746 1621852773.500815
989345.46793 1819369.091187 1621852775.900601
989345.473856 1819369.085926 1621852776.350208
989345.469315 1819369.089637 1621852776.050215
989345.48988 1819369.06751 1621852778.100345
989345.482596 1819369.066803 1621852779.702844
989345.481936 1819369.067459 1621852780.05007
989345.481682 1819369.067612 1621852780.149956
989345.473551 1819369.057598 1621852782.450519
989345.458543 1819369.078922 1621852783.800207
989345.460033 1819369.079751 1621852784.150375
989345.459523 1819369.079695 1621852785.150073
989345.458914 1819369.079942 1621852785.450399
989345.449185 1819369.092903 1621852787.150168
989345.442156 1819369.097835 1621852788.2133
989345.446074 1819369.120889 1621852789.349488
989345.443234 1819369.125862 1621852790.702685
989345.43937 1819369.130417 1621852791.399393
989345.439372 1819369.12997 1621852791.750104
989345.438867 1819369.13021 1621852792.800023
989345.438957 1819369.130507 1621852793.450885
989345.439463 1819369.12947 1621852794.000337
989345.448124 1819369.135623 1621852796.400111
989345.448368 1819369.135059 1621852797.400131
989345.448293 1819369.135189 1621852797.050028
989345.447967 1819369.135736 1621852800.800352
989345.448241 1819369.135602 1621852801.449934
989345.448474 1819369.135366 1621852802.850167
989345.448571 1819369.135417 1621852803.00007
989345.449116 1819369.135768 1621852803.212527
989345.443618 1819369.13321 1621852805.39991
989345.448422 1819369.136917 1621852805.749983
989345.453369 1819369.140868 1621852806.10064
989345.452931 1819369.1421 1621852807.8003
989345.458904 1819369.157176 1621852809.750202
989345.460136 1819369.163366 1621852810.750016
989345.45999 1819369.1622 1621852810.100685
989345.459217 1819369.160243 1621852812.150173
989345.459826 1819369.160092 1621852812.300787
989345.464512 1819369.162372 1621852814.850077
989345.464472 1819369.16229 1621852814.65007
989345.491128 1819369.178134 1621852820.212523
989345.491433 1819369.178316 1621852820.350232
989345.50053 1819369.175459 1621852822.40017
989345.505291 1819369.183857 1621852823.401381
989345.505042 1819369.179528 1621852823.100783
989345.515084 1819369.20494 1621852825.100836
989345.51603 1819369.209192 1621852825.450093
989345.51786 1819369.223687 1621852827.150092
989345.515906 1819369.226242 1621852827.400372
989345.5232 1819369.26423 1621852830.749993
989345.524959 1819369.270908 1621852831.450213
989345.52788 1819369.277342 1621852832.80007
989345.529326 1819369.279798 1621852833.150276
989345.523373 1819369.284432 1621852834.702622
989345.520146 1819369.288424 1621852835.049981
989345.519361 1819369.326396 1621852836.750346
989345.52107 1819369.34512 1621852837.400537
989345.523898 1819369.356964 1621852838.4002
989345.53357 1819369.362754 1621852839.100384
989345.525607 1819369.356835 1621852840.100843
989345.522668 1819369.364012 1621852841.799887
989345.521975 1819369.365988 1621852842.450407
989345.518465 1819369.357143 1621852843.800822
989345.514307 1819369.352598 1621852844.800304
989345.507462 1819369.352707 1621852845.500593
989345.503692 1819369.354225 1621852845.702964
989345.496736 1819369.354586 1621852847.150256
989345.494323 1819369.352362 1621852847.850091
989345.487255 1819369.349185 1621852849.400528
989345.489872 1819369.347824 1621852849.211351
989345.474245 1819369.355007 1621852851.050148
989345.482331 1819369.369649 1621852852.399992
989345.480587 1819369.376084 1621852853.100342
989345.479102 1819369.377131 1621852853.749859
989345.485076 1819369.403281 1621852855.100742
989345.482701 1819369.436714 1621852856.10062
989345.474956 1819369.44703 1621852857.75105
989345.476318 1819369.453419 1621852858.100492
989345.470509 1819369.471906 1621852859.100411
989345.475242 1819369.499485 1621852860.450369
989345.475965 1819369.495716 1621852860.100436
989345.468999 1819369.526506 1621852862.150272
989345.465867 1819369.535945 1621852862.600395
989345.450746 1819369.594685 1621852865.14991
989345.451022 1819369.639492 1621852866.800286
989345.453111 1819369.648033 1621852867.250716
989345.460777 1819369.678914 1621852868.949539
989345.729015 1819369.852402 1621852869.800269
989346.264747 1819370.174375 1621852870.550266
989347.585907 1819370.961255 1621852871.549982
989351.357297 1819373.149324 1621852872.701995
989354.700025 1819374.964149 1621852873.40032
989358.342659 1819376.721839 1621852874.050236
989365.973547 1819379.772688 1621852875.149959
989379.115298 1819383.261792 1621852876.702378
989389.880058 1819384.64756 1621852877.800021
989404.346038 1819384.691035 1621852879.15011
989414.186364 1819383.805725 1621852880.000316
989437.18248 1819379.875606 1621852881.850389
989428.898727 1819381.442365 1621852881.211479
989441.734031 1819379.009121 1621852882.210491
989458.434064 1819375.692118 1621852883.450015
989529.610008 1819361.291324 1621852888.300515
989627.724232 1819344.555463 1621852894.649889
989700.084619 1819340.787254 1621852899.85048
989697.687388 1819340.835726 1621852899.650063
989742.061191 1819341.243361 1621852904.900276
989748.629933 1819341.325617 1621852906.600351
989751.045247 1819341.402934 1621852907.75035
989749.880685 1819341.369155 1621852907.100623
989751.90797 1819341.215869 1621852909.449965
989751.84174 1819340.856879 1621852909.800455
989751.667569 1819340.182259 1621852911.149678
989751.526394 1819340.009111 1621852913.84995
989751.524975 1819340.026057 1621852914.549902
989751.494637 1819340.039885 1621852915.900348
989751.481048 1819340.038312 1621852916.211847
989751.447457 1819340.063791 1621852917.800062
989751.438061 1819340.067435 1621852918.150024
989751.428916 1819340.07836 1621852918.500588
989751.348227 1819340.243344 1621852922.900659
989751.34573 1819340.255547 1621852923.550176
989751.346783 1819340.274534 1621852924.250285
989751.345602 1819340.285279 1621852924.900648
989751.342266 1819340.327224 1621852926.549942
989751.342972 1819340.317259 1621852926.25009
989751.371514 1819340.399929 1621852928.450299
989751.57134 1819340.409995 1621852929.100462
989752.440438 1819340.430913 1621852930.100452
989755.035654 1819340.466063 1621852931.450319
989757.625113 1819340.508301 1621852932.10035
989765.770858 1819340.521494 1621852933.500783
989770.540925 1819340.472443 1621852934.1502
989775.470365 1819340.410961 1621852934.750093
989796.523228 1819340.394762 1621852936.900249
989807.960086 1819340.435356 1621852937.900474
989812.181766 1819340.46265 1621852938.250287
989829.006219 1819340.354888 1621852939.550326
989848.133453 1819340.228473 1621852940.900272
989853.329567 1819340.175796 1621852941.250221
989856.334232 1819340.144666 1621852941.450384
989884.075748 1819339.894896 1621852943.250334
989898.251973 1819339.746444 1621852944.150191
989926.215712 1819339.655287 1621852945.900381
989931.872584 1819339.624581 1621852946.25005
989957.131381 1819339.417366 1621852947.80025
989948.124872 1819339.440994 1621852947.250025
989979.255619 1819339.365002 1621852949.150969
989992.168193 1819339.265929 1621852949.949899
989995.3677 1819339.220264 1621852950.150386
990031.990843 1819338.880124 1621852952.50087
990042.584823 1819338.858656 1621852953.212485
990062.63116 1819339.011597 1621852954.550025
990077.358556 1819339.148806 1621852955.550064
990087.626264 1819339.190917 1621852956.250273
990106.751523 1819338.964786 1621852957.550097
990126.715259 1819338.711294 1621852958.900804
990131.921099 1819338.645229 1621852959.25033
990151.515633 1819338.510522 1621852960.549509
990172.648625 1819338.261331 1621852961.900443
990178.293234 1819338.215801 1621852962.249908
990205.691903 1819338.549865 1621852963.900728
990199.772764 1819338.485486 1621852963.550037
990228.791504 1819338.779788 1621852965.251381
990252.220146 1819339.113715 1621852966.599762
990275.023895 1819339.669217 1621852967.900194
990281.167624 1819339.848696 1621852968.250088
990293.429363 1819340.186292 1621852968.950416
990319.749079 1819340.977212 1621852970.450325
990314.475081 1819340.844136 1621852970.150031
990338.221362 1819341.488803 1621852971.500443
990350.48233 1819341.940897 1621852972.212933
990372.278051 1819342.773901 1621852973.4499
990415.020244 1819344.475252 1621852975.899793
990431.385388 1819344.96139 1621852976.849979
990437.346487 1819345.123637 1621852977.211516
990460.789269 1819345.707743 1621852978.600008
990454.983167 1819345.543731 1621852978.251097
990488.929257 1819346.570067 1621852980.300588
990507.874279 1819347.263118 1621852981.450171
990530.501372 1819348.032787 1621852982.850311
990536.06119 1819348.205163 1621852983.211968
990541.565121 1819348.446555 1621852983.550236
990571.093142 1819349.991619 1621852985.600081
990575.537878 1819350.243224 1621852985.951504
990596.932154 1819351.808768 1621852987.949758
990602.602168 1819352.253138 1621852988.599988
990605.470062 1819352.473702 1621852988.950008
990607.818771 1819352.625497 1621852989.250205
990622.164836 1819350.645057 1621852991.600073
990620.502468 1819351.529029 1621852991.250532
990626.714202 1819345.04741 1621852992.950475
990628.212563 1819331.394677 1621852994.949788
990628.236581 1819325.828765 1621852995.599929
990628.247161 1819319.775056 1621852996.249942
990628.108889 1819301.712069 1621852997.950089
990628.179145 1819305.663686 1621852997.600106
990627.764606 1819281.956041 1621852999.600049
990627.816609 1819286.226481 1621852999.250137
990627.71195 1819275.051629 1621853000.149572
990626.771086 1819145.92215 1621853009.300431
990626.684693 1819132.38498 1621853010.21179
990626.664492 1819130.106131 1621853010.350008
990626.543287 1819090.200264 1621853012.949791
990626.532479 1819084.749818 1621853013.300256
990626.437294 1819066.068383 1621853014.500497
990626.283431 1819050.586738 1621853015.500273
990626.324566 1819055.975706 1621853015.149822
990626.192107 1819034.515685 1621853016.549568
990626.025536 1819009.189671 1621853018.206874
990625.997532 1819003.840902 1621853018.549525
990625.833472 1818983.431026 1621853019.900449
990625.807117 1818978.949244 1621853020.208834
990625.71299 1818964.082676 1621853021.208928
990625.592562 1818934.445095 1621853023.210157
990625.551464 1818914.038482 1621853024.550831
990625.513102 1818908.705547 1621853024.900069
990625.363845 1818888.267189 1621853026.250798
990625.244795 1818878.384223 1621853026.900234
990625.187346 1818873.033418 1621853027.250148
990622.392259 1818772.888162 1621853033.300274
990621.813619 1818755.178289 1621853034.300541
990620.491483 1818725.813785 1621853035.949891
990619.885667 1818713.327951 1621853036.650137
990619.323532 1818701.734358 1621853037.30027
990617.984102 1818672.018251 1621853038.949508
990617.402827 1818659.338825 1621853039.650571
990616.53314 1818641.327225 1621853040.650103
990615.472651 1818617.461539 1621853041.999881
990615.276062 1818612.236241 1621853042.300507
990614.421095 1818589.127075 1621853043.650214
990614.609115 1818595.061476 1621853043.299817
990613.743871 1818561.566643 1621853045.300352
990613.919087 1818539.009597 1621853046.649956
990614.497147 1818518.115863 1621853047.900286
990615.039017 1818506.486854 1621853048.599991
990615.741908 1818495.741513 1621853049.250009
990618.129715 1818472.967988 1621853050.649805
990620.180203 1818456.771138 1621853051.650578
990622.598572 1818437.710794 1621853052.850273
990623.301915 1818432.230372 1621853053.210259
990624.006338 1818426.791868 1621853053.549525
990626.187903 1818410.767731 1621853054.600082
990627.620097 1818401.125454 1621853055.250142
990631.199899 1818381.118546 1621853056.650096
990632.870815 1818367.482295 1621853057.649704
990635.526659 1818345.004165 1621853059.600489
990635.698962 1818341.558627 1621853059.949728
990633.093047 1818327.266345 1621853061.65017
990628.898841 1818320.549159 1621853062.650419
990626.936109 1818318.503142 1621853062.999908
990619.864232 1818313.812111 1621853063.999503
990616.926933 1818312.678236 1621853064.350257
990603.970075 1818310.785929 1621853065.701219
990578.940676 1818310.284157 1621853067.849818
990574.387362 1818309.973169 1621853068.21015
990560.189384 1818308.974076 1621853069.249891
990545.945547 1818308.059263 1621853070.250357
990530.371753 1818307.101699 1621853071.300152
990519.751408 1818306.768146 1621853071.999709
990489.889399 1818305.624564 1621853073.900219
990478.579006 1818305.272608 1621853074.599954
990456.403052 1818304.793558 1621853075.950065
990445.562697 1818304.675005 1621853076.600003
990432.923871 1818304.630243 1621853077.349627
990427.835521 1818304.619206 1621853077.650534
990390.939713 1818304.567788 1621853079.799543
990373.604211 1818304.552278 1621853080.799625
990367.507089 1818304.553029 1621853081.149756
990355.269153 1818304.597745 1621853081.849899
990320.812946 1818304.66416 1621853083.800795
990302.037702 1818304.522384 1621853084.849702
990284.025263 1818304.422492 1621853085.85014
990295.748579 1818304.472541 1621853085.210472
990253.130893 1818304.413445 1621853087.549649
990227.447729 1818304.434468 1621853088.950062
990221.924446 1818304.421809 1621853089.249962
990215.472587 1818304.45086 1621853089.599314
990201.607352 1818304.521117 1621853090.3492
990177.504796 1818304.654049 1621853091.649863
990144.97732 1818304.833698 1621853093.399767
990132.807415 1818304.847185 1621853094.049786
990111.982764 1818304.884689 1621853095.150022
990078.607643 1818305.141581 1621853096.849952
990071.547302 1818305.303722 1621853097.211228
990035.564742 1818305.375248 1621853098.94966
990022.010652 1818305.398139 1621853099.599745
990028.276653 1818305.387479 1621853099.299535
989999.914104 1818305.408693 1621853100.650041
989970.144756 1818305.414795 1621853102.049935
989933.643246 1818305.521935 1621853103.749957
989941.173563 1818305.485083 1621853103.399886
989895.943493 1818305.726674 1621853105.500074
989904.560488 1818305.686862 1621853105.100101
989786.055443 1818305.83081 1621853110.549045
989763.105981 1818305.863174 1621853111.599814
989733.592195 1818305.815094 1621853112.949175
989725.941682 1818305.800965 1621853113.299771
989718.285115 1818305.777235 1621853113.649926
989704.017939 1818305.731611 1621853114.300295
989679.705117 1818305.71701 1621853115.39985
989626.877267 1818305.763997 1621853117.749765
989618.900466 1818305.767979 1621853118.100648
989578.461547 1818305.709035 1621853119.849383
989587.780881 1818305.687736 1621853119.449976
989538.34708 1818305.87103 1621853121.54993
989260.151641 1818306.716828 1621853132.899724
989236.764507 1818306.825317 1621853133.899538
989228.655189 1818306.843344 1621853134.249419
989191.01936 1818307.016189 1621853135.899757
989183.17086 1818307.066364 1621853136.250353
989153.319268 1818306.922653 1621853137.599924
989124.232594 1818306.407422 1621853138.949843
989115.891176 1818306.377879 1621853139.349549
989094.629977 1818306.244506 1621853140.399882
989088.685798 1818306.234172 1621853140.700843
989075.011788 1818306.239094 1621853141.400001
989030.536444 1818306.264128 1621853143.800273
989042.057025 1818306.275721 1621853143.149892
989001.724391 1818306.282193 1621853145.549635
988979.85605 1818306.325672 1621853146.949727
988969.905719 1818306.338871 1621853147.599458
988975.246501 1818306.337296 1621853147.250133
988949.663655 1818306.552841 1621853148.948988
988939.37364 1818306.882561 1621853149.650198
988910.171876 1818308.501767 1621853151.701612
988914.359169 1818308.281631 1621853151.399806
988905.341976 1818308.741886 1621853152.050028
988856.222669 1818311.475132 1621853155.799522
988844.740173 1818311.99803 1621853156.799576
988848.597714 1818311.869062 1621853156.449627
988826.385233 1818312.322944 1621853158.850037
988821.671767 1818312.328265 1621853159.549891
988814.490443 1818312.354351 1621853160.849931
988810.439625 1818312.309181 1621853161.899782
988807.985846 1818312.260168 1621853162.899715
988807.472327 1818312.242825 1621853163.210603
988806.187246 1818312.101557 1621853164.550695
988806.06931 1818312.052421 1621853164.850055
988805.969964 1818311.825214 1621853166.211516
988805.956797 1818311.775847 1621853166.549705
988805.932187 1818311.684125 1621853167.210673
988808.198775 1818319.961119 1621853169.599473
988806.895972 1818320.044465 1621853171.949811
988805.115379 1818320.201895 1621853172.600064
988806.197321 1818320.196816 1621853172.251709
988787.599476 1818320.440682 1621853175.599509
988778.554768 1818320.502178 1621853176.599726
988763.874664 1818320.42455 1621853177.949818
988759.8574 1818320.430992 1621853178.299672
988747.639593 1818320.452968 1621853179.299632
988738.948388 1818320.565074 1621853179.949815
988719.743585 1818320.735045 1621853181.299725
988704.734449 1818320.573776 1621853182.299766
988699.322624 1818320.564244 1621853182.649574
988667.336736 1818320.870692 1621853184.649546
988672.98707 1818320.752235 1621853184.300501
988639.975454 1818321.202123 1621853186.300232
988610.911289 1818322.335342 1621853187.999601
988594.037996 1818324.513704 1621853188.999926
988588.254112 1818325.592983 1621853189.349929
988577.694743 1818327.947306 1621853189.999861
988552.615814 1818336.236023 1621853191.649727
988547.490916 1818338.310303 1621853191.999834
988542.526898 1818340.662523 1621853192.349878
988515.528289 1818355.414064 1621853194.34998
988499.042444 1818366.177995 1621853195.649658
988494.524751 1818368.439306 1621853195.9999
988482.817312 1818377.062293 1621853196.999858
988472.408233 1818388.481944 1621853197.999845
988468.779315 1818392.435134 1621853198.350059
988451.339297 1818412.305078 1621853200.052574
988433.284535 1818429.744891 1621853201.702065
988429.988903 1818435.312187 1621853202.049773
988403.47641 1818468.569943 1621853204.701563
988399.942611 1818472.893471 1621853205.05012
988389.313667 1818485.824981 1621853206.099779
988385.770383 1818490.110573 1621853206.450121
988365.356386 1818514.933798 1621853208.49972
988362.434141 1818518.502938 1621853208.799962
988343.578828 1818542.093935 1621853210.849939
988346.602959 1818538.081602 1621853210.499817
988338.157181 1818549.019592 1621853211.500161
988318.22081 1818585.952445 1621853215.89995
988318.510375 1818588.192536 1621853216.212399
988322.930798 1818597.497603 1621853217.549812
988326.973971 1818602.011034 1621853218.24987
988333.4082 1818608.008255 1621853219.211678
988335.99199 1818610.293897 1621853219.551441
988349.46592 1818622.279447 1621853221.250093
988376.931162 1818646.612697 1621853224.299887
988389.6928 1818657.451604 1621853225.649775
988399.684505 1818665.675421 1621853226.701699
988405.788553 1818670.70259 1621853227.349616
988402.982748 1818668.391397 1621853227.049938
988422.250341 1818684.093878 1621853229.099897
988425.588752 1818686.780736 1621853229.450437
988448.451576 1818705.315908 1621853231.849772
988445.127772 1818702.613747 1621853231.499645
988467.683679 1818720.962812 1621853233.900159
988474.020878 1818726.148257 1621853234.599869
988479.766898 1818730.877864 1621853235.24981
988485.40173 1818735.519977 1621853235.900163
988496.927382 1818744.815803 1621853237.250183
988510.510221 1818755.967064 1621853238.899874
988518.348698 1818762.333675 1621853239.899907
988523.647598 1818766.664205 1621853240.599214
988521.023912 1818764.510251 1621853240.249728
988545.11701 1818784.118687 1621853243.999872
988546.443689 1818785.204689 1621853244.30004
988549.039855 1818787.326567 1621853244.999944
988552.357405 1818789.974958 1621853246.649836
988551.934087 1818789.776722 1621853246.29958
988552.845175 1818790.218355 1621853247.349758
988552.850282 1818790.842939 1621853249.39966
988552.83911 1818790.912971 1621853250.449701
988552.846732 1818790.915101 1621853251.150383
988552.854237 1818790.917748 1621853251.449888
988552.896634 1818790.939885 1621853253.209892
988552.923726 1818790.951509 1621853253.849529
988552.899541 1818790.791289 1621853255.599683
988552.901385 1818790.792374 1621853255.249642
988552.891182 1818790.776088 1621853257.649951
988552.892691 1818790.783721 1621853258.701646
988552.890174 1818790.784103 1621853258.349966
988552.895674 1818790.783917 1621853259.350322
988552.826699 1818790.514848 1621853261.399614
988552.812666 1818790.483972 1621853261.751955
988552.789421 1818790.433295 1621853263.449803
988552.788818 1818790.434517 1621853264.149747
988552.788282 1818790.430418 1621853264.500041
988552.788281 1818790.422368 1621853265.849694
988552.793548 1818790.424263 1621853267.950368
988552.789083 1818790.419295 1621853267.599101
988554.037074 1818791.470914 1621853269.649757
988555.634216 1818792.8093 1621853270.349831
988556.514638 1818793.547242 1621853270.650016
988561.790012 1818797.936867 1621853272.050113
988575.296277 1818809.069953 1621853274.449806
988577.659147 1818811.005088 1621853274.799915
988580.110267 1818813.014706 1621853275.149581
988596.127051 1818826.26874 1621853277.210994
988611.574509 1818839.06601 1621853278.950325
988614.857558 1818841.766495 1621853279.299668
988624.504765 1818849.65868 1621853280.299972
988631.443479 1818855.332069 1621853280.998931
988659.023614 1818878.057377 1621853283.650114
988666.638218 1818884.365026 1621853284.350357
988681.027126 1818896.369349 1621853285.65005
988692.796831 1818906.326093 1621853286.701324
988700.743075 1818913.069959 1621853287.399653
988708.280173 1818919.308436 1621853288.050222
988716.538177 1818926.049433 1621853288.749693
988733.327787 1818939.717275 1621853290.150291
988737.587199 1818943.154393 1621853290.500329
988762.767653 1818963.699195 1621853292.549991
988770.805364 1818970.296023 1621853293.2108
988783.063377 1818980.485435 1621853294.211005
988803.808075 1818997.680277 1621853295.899683
988812.329565 1819004.723434 1621853296.59966
988824.47983 1819014.74614 1621853297.599878
988837.227393 1819025.181874 1621853298.649969
988849.948535 1819035.640727 1621853299.701278
988857.790635 1819042.176683 1621853300.350035
988866.842579 1819049.575022 1621853301.099695
988882.848198 1819062.027783 1621853302.399666
988879.11896 1819059.20556 1621853302.100215
988904.420467 1819077.417757 1621853304.10045
988908.922709 1819080.522588 1621853304.449941
988935.794733 1819098.793822 1621853306.500118
988949.202145 1819107.692166 1621853307.49969
988957.915728 1819113.607206 1621853308.150114
988980.249922 1819128.670459 1621853309.799628
988984.999717 1819131.856621 1621853310.151369
988998.598393 1819141.098432 1621853311.150138
989003.371007 1819144.344265 1621853311.499969
989021.896037 1819156.848833 1621853312.84988
989040.718582 1819169.353228 1621853314.211044
989069.027417 1819187.754566 1621853316.211092
989083.940632 1819197.5092 1621853317.249927
989088.911444 1819200.800033 1621853317.599775
989117.25526 1819219.61464 1621853319.600647
989127.089521 1819226.227735 1621853320.300054
989146.633364 1819239.387579 1621853321.701258
989151.495284 1819242.665283 1621853322.049937
989174.345201 1819258.023182 1621853323.701446
989179.197263 1819261.199705 1621853324.050006
989184.046104 1819264.370668 1621853324.398823
989217.286782 1819286.434728 1621853326.849687
989221.282567 1819289.138065 1621853327.149984
989230.688999 1819295.375724 1621853327.851316
989234.740528 1819298.02809 1621853328.150908
989267.138954 1819318.530942 1621853330.550163
989281.787648 1819327.129844 1621853331.649535
989290.238658 1819332.184138 1621853332.299821
989302.891133 1819340.018863 1621853333.299973
989307.250525 1819342.712036 1621853333.650066
989323.754333 1819352.515882 1621853334.999913
989337.765556 1819360.550422 1621853336.300275
989349.95345 1819367.15274 1621853337.649753
989355.022168 1819369.232313 1621853338.300046
989364.694095 1819370.73555 1621853339.701612
989366.558902 1819370.479389 1621853340.049691
989370.482539 1819368.982479 1621853341.100052
989372.38642 1819367.43573 1621853341.850082
989373.700307 1819365.774541 1621853342.500134
989376.371983 1819356.008328 1621853344.30052
989376.414459 1819352.797267 1621853344.701461
989376.232372 1819333.616043 1621853346.70144
989376.174364 1819329.796441 1621853347.050042
989375.876794 1819309.133804 1621853348.799747
989375.388296 1819255.201143 1621853352.84984
989375.294653 1819241.067726 1621853353.849813
989375.25335 1819236.054141 1621853354.21181
989373.960471 1819140.678374 1621853360.599903
989373.863893 1819131.035854 1621853361.249835
989373.605894 1819110.725122 1621853362.649714
989373.548536 1819105.734339 1621853362.999797
989372.182605 1819015.639411 1621853370.70135
989371.665648 1819010.178326 1621853371.7502
989370.687558 1819007.121021 1621853372.399783
989371.227575 1819008.503511 1621853372.100351
989363.630983 1819000.434737 1621853374.399733
989359.796619 1818999.002538 1621853375.100161
989355.575032 1818997.878112 1621853375.750109
989342.038686 1818994.559353 1621853377.449529
989332.868996 1818992.286854 1621853378.449894
989320.054763 1818988.927549 1621853379.750032
989323.103481 1818989.744146 1621853379.449475
989316.473628 1818987.930894 1621853380.099944
989298.828762 1818982.319829 1621853381.750033
989287.318302 1818978.430807 1621853382.749527
989274.576078 1818974.120056 1621853383.79965
989265.779102 1818971.110657 1621853384.499811
989238.46818 1818961.815773 1621853386.550111
989218.569268 1818955.160276 1621853387.949995
989223.624801 1818956.843781 1621853387.59959
989188.921494 1818945.213425 1621853389.950158
989183.600955 1818943.35012 1621853390.299697
989172.848377 1818939.498878 1621853390.999611
989157.37742 1818933.672384 1621853391.999612
989141.853805 1818927.17231 1621853392.999662
989126.24665 1818919.971237 1621853393.999614
989099.412592 1818906.920333 1621853395.701112
989089.114268 1818901.719575 1621853396.349879
989073.154623 1818893.359074 1621853397.349972
989055.585852 1818883.980363 1621853398.449439
989061.17591 1818886.979338 1621853398.099774
989044.460086 1818877.875378 1621853399.149932
989012.584894 1818858.797939 1621853401.212963
989001.888709 1818852.068883 1621853401.899821
988986.869817 1818842.475618 1621853402.900138
988982.437137 1818839.612371 1621853403.210602
988967.086552 1818829.763536 1621853404.249163
988938.337812 1818810.484073 1621853406.299645
988920.380286 1818797.636849 1621853407.649511
988911.401053 1818790.831953 1621853408.35011
988895.486095 1818777.881624 1621853409.649718
988883.105665 1818767.226838 1621853410.701042
988871.031921 1818756.309755 1621853411.750925
988867.072628 1818752.602316 1621853412.100045
988852.385183 1818738.061355 1621853413.449667
988856.107464 1818741.850685 1621853413.100245
988841.47448 1818726.677612 1621853414.499831
988830.982319 1818715.226009 1621853415.549928
988821.174877 1818704.615734 1621853416.549913
988814.87855 1818697.953946 1621853417.21102
988804.931298 1818687.375152 1621853418.24995
988789.12718 1818670.546807 1621853419.949671
988770.486056 1818650.72933 1621853421.949832
988767.104376 1818647.116637 1621853422.299856
988763.671696 1818643.425765 1621853422.649465
988746.235597 1818624.716099 1621853424.399361
988735.535456 1818613.269254 1621853425.449547
988725.151717 1818602.207819 1621853426.449476
988710.467738 1818586.597286 1621853427.849426
988703.62785 1818579.25616 1621853428.49964
988707.311637 1818583.242491 1621853428.15016
988692.023855 1818566.718438 1621853429.599723
988667.263842 1818540.090749 1621853431.950047
988659.914176 1818532.11536 1621853432.649451
988663.59115 1818536.060197 1621853432.300153
988637.832917 1818508.609368 1621853434.701399
988581.153617 1818451.832223 1621853439.701708
988572.986612 1818444.187771 1621853440.399597
988557.714019 1818429.591056 1621853441.750112
988550.701991 1818422.619479 1621853442.39938
988540.208782 1818412.123234 1621853443.398873
988521.580469 1818393.97265 1621853445.449497
988516.166591 1818388.920575 1621853446.14985
988504.056436 1818379.885813 1621853447.84985
988501.530209 1818378.656311 1621853448.210906
988499.33856 1818377.822204 1621853448.499614
988483.244502 1818377.24271 1621853450.599479
988475.504856 1818380.733019 1621853451.599738
988472.88721 1818382.427516 1621853451.950282
988472.225771 1818389.061064 1621853452.249846
988455.171116 1818406.330654 1621853454.701518
988447.072197 1818414.504103 1621853455.799727
988444.810537 1818418.562696 1621853456.150127
988442.544621 1818421.814835 1621853456.500164
988416.132103 1818454.332831 1621853460.211364
988413.950271 1818457.04973 1621853460.500454
988408.806479 1818463.407712 1621853461.21221
988398.742528 1818475.659214 1621853462.549802
988390.797013 1818485.300756 1621853463.600911
988379.927065 1818498.338762 1621853464.999799
988366.341479 1818514.224505 1621853466.749945
988361.07949 1818520.632451 1621853467.449548
988358.817746 1818523.393699 1621853467.750053
988348.201915 1818536.128935 1621853469.149976
988335.411924 1818551.919693 1621853470.899799
988333.317798 1818554.53692 1621853471.210851
988328.328638 1818560.690677 1621853471.950183
988324.451918 1818565.64337 1621853472.599826
988317.610524 1818580.353296 1621853474.750045
988317.790904 1818586.315942 1621853475.750027
988319.032468 1818590.264966 1621853476.44966
988322.366622 1818595.737564 1621853477.449743
988323.702924 1818597.397083 1621853477.749775
988335.47885 1818609.667553 1621853479.799658
988337.853029 1818612.010937 1621853480.149992
988340.309424 1818614.380796 1621853480.499706
988345.485728 1818619.194115 1621853481.210481
988356.1627 1818629.001123 1621853482.549904
988364.877925 1818637.160626 1621853483.599557
988394.75981 1818664.146275 1621853486.950092
988398.025891 1818666.918171 1621853487.299544
988413.593056 1818679.806393 1621853488.950165
988416.934253 1818682.492071 1621853489.299955
988424.157704 1818688.235904 1621853490.05
988440.26582 1818701.319552 1621853491.750084
988449.855791 1818709.337109 1621853492.799782
988459.446678 1818717.244664 1621853493.850032
988453.045425 1818711.975072 1621853493.149856
988475.054547 1818729.887969 1621853495.550135
988481.44316 1818735.083759 1621853496.249887
988494.035043 1818745.507895 1621853497.649952
