988513.626354 1818758.758162 1620821788.648053
988514.674721 1818759.65516 1620821788.798415
988526.31459 1818768.998353 1620821790.349843
988537.113875 1818777.545217 1620821791.698364
988539.608953 1818779.501935 1620821791.999027
988551.018127 1818788.719839 1620821793.350209
988556.707922 1818793.370373 1620821793.998555
988562.982777 1818798.521197 1620821794.697424
988575.575975 1818808.852586 1620821796.059868
988585.357527 1818816.813728 1620821797.060153
988618.077675 1818844.133275 1620821800.248627
988645.857821 1818866.916932 1620821802.748819
988651.470874 1818871.49485 1620821803.248744
988670.66174 1818887.213756 1620821804.948444
988681.99579 1818896.562925 1620821805.949505
988689.419671 1818902.666684 1620821806.601089
988701.091777 1818912.285664 1620821807.59835
988696.950788 1818908.857879 1620821807.250297
988721.119532 1818929.013378 1620821809.297721
988733.129437 1818938.905561 1620821810.299377
988749.291621 1818952.285123 1620821811.648736
988761.970344 1818962.843725 1620821812.698606
988766.214944 1818966.390201 1620821813.060814
988769.812819 1818969.402476 1620821813.34981
988784.298793 1818981.334707 1620821814.551584
988813.641814 1819005.246829 1620821816.949326
988825.831227 1819015.221173 1620821817.950294
988838.02481 1819025.277342 1620821818.949267
988830.096719 1819018.732482 1620821818.298691
988844.748523 1819030.837464 1620821819.498211
988871.514351 1819052.644087 1620821821.647961
988884.217711 1819062.460136 1620821822.648693
988893.193479 1819069.090704 1620821823.350376
988902.278143 1819075.519825 1620821824.061516
988910.958799 1819081.390588 1620821824.698175
988941.118679 1819101.680798 1620821826.949183
988949.839591 1819107.468366 1620821827.598856
988945.814907 1819104.796928 1620821827.298813
988981.975822 1819128.825859 1620821829.99973
988977.292044 1819125.693124 1620821829.648874
989000.006126 1819140.871544 1620821831.348809
989004.693835 1819143.97754 1620821831.699368
989014.055487 1819150.198552 1620821832.399699
989040.768783 1819167.90778 1620821834.398949
989050.096692 1819174.100872 1620821835.098583
989072.06898 1819188.709035 1620821836.749715
989085.321239 1819197.754173 1620821837.750538
989096.544716 1819205.380386 1620821838.599303
989109.780816 1819214.238297 1620821839.604599
989105.805893 1819211.585558 1620821839.298622
989136.967279 1819232.240293 1620821841.648732
989145.581641 1819237.946464 1620821842.297907
989163.42066 1819249.795126 1620821843.649726
989179.792167 1819260.847334 1620821844.898595
989181.755552 1819262.172015 1620821845.059644
989194.812361 1819270.953664 1620821846.060942
989210.502053 1819281.597462 1620821847.249709
989231.746985 1819295.859993 1620821848.949235
989244.539102 1819304.442675 1620821850.000084
989256.363774 1819312.32732 1620821850.999105
989264.480043 1819317.651752 1620821851.699512
989271.873452 1819322.488977 1620821852.349361
989275.773924 1819325.062819 1620821852.700046
989287.022997 1819332.369385 1620821853.698771
989307.934619 1819346.16135 1620821855.697665
989304.538466 1819343.921102 1620821855.349355
989321.452275 1819354.979738 1620821857.349407
989319.245821 1819353.529949 1620821857.06082
989326.241215 1819358.117777 1620821858.060829
989340.726519 1819367.406768 1620821860.848673
989342.579899 1819368.568735 1620821861.399136
989343.508113 1819369.159493 1620821861.752446
989345.605255 1819370.766436 1620821863.950509
989345.651056 1819370.816498 1620821864.248855
989345.803951 1819371.034861 1620821865.949559
989345.809142 1819371.005346 1620821867.648991
989345.819036 1819371.01572 1620821867.298621
989345.850755 1819370.972592 1620821869.348791
989345.85188 1819370.969362 1620821869.498583
989345.858172 1819370.944535 1620821871.69887
989345.862745 1819370.943772 1620821872.063138
989345.869256 1819370.943404 1620821872.399152
989345.90311 1819370.948714 1620821874.061719
989346.027908 1819371.095454 1620821883.949616
989346.025188 1819371.091868 1620821884.297917
989346.0633 1819371.027634 1620821892.0001
989346.063472 1819371.031849 1620821892.648747
989346.054262 1819371.032212 1620821893.998513
989346.047023 1819371.025789 1620821894.998778
989346.047746 1819371.022303 1620821895.348664
989346.045137 1819370.999644 1620821896.998263
989346.0399 1819370.979174 1620821897.999947
989346.037247 1819370.975159 1620821898.349495
989346.026671 1819370.963192 1620821899.699616
989346.024875 1819370.960883 1620821899.999457
989346.017755 1819370.956683 1620821900.698905
989346.01476 1819370.955385 1620821900.999788
989345.977697 1819370.936002 1620821907.750169
989345.982312 1819370.938306 1620821907.399864
989345.965292 1819370.931096 1620821909.062087
989345.961721 1819370.932624 1620821909.749349
989345.956923 1819370.932632 1620821910.44988
989345.951503 1819370.931659 1620821911.097723
989345.909287 1819370.928434 1620821913.799144
989345.914682 1819370.931636 1620821913.448861
989345.905122 1819370.925681 1620821914.149758
989345.8992 1819370.914224 1620821916.700418
989345.894917 1819370.905007 1620821917.698809
989345.898811 1819370.908501 1620821917.062649
989345.888379 1819370.893795 1620821919.798841
989345.892183 1819370.895425 1620821919.062243
989345.887523 1819370.893246 1620821920.098762
989345.882148 1819370.87945 1620821921.49872
989345.877979 1819370.87199 1620821922.349556
989345.875256 1819370.849433 1620821924.400047
989345.87567 1819370.848879 1620821924.69799
989345.884076 1819370.83849 1620821926.399159
989345.887258 1819370.833618 1620821927.449086
989345.882023 1819370.824373 1620821928.449243
989345.865324 1819370.81294 1620821929.800357
989345.861415 1819370.810932 1620821930.098857
989345.855146 1819370.808412 1620821930.449019
989345.837866 1819370.805902 1620821931.497877
989345.809937 1819370.789922 1620821933.500853
989345.796859 1819370.777316 1620821934.497874
989345.786754 1819370.762022 1620821935.699625
989345.781419 1819370.757904 1620821936.699936
989345.780629 1819370.757626 1620821936.198671
989345.771687 1819370.748625 1620821938.399311
989345.76295 1819370.745915 1620821939.100003
989345.74368 1819370.733705 1620821939.799271
989345.730251 1819370.72368 1620821940.799348
989345.723401 1819370.722088 1620821941.49977
989345.724605 1819370.717863 1620821943.000159
989345.723131 1819370.707922 1620821943.999464
989345.730694 1819370.688201 1620821945.697818
989345.730981 1819370.695152 1620821945.349744
989345.733948 1819370.672863 1620821946.999296
989345.732893 1819370.666946 1620821948.399234
989345.7323 1819370.666329 1620821948.550557
989345.718111 1819370.662253 1620821950.749933
989345.718843 1819370.657805 1620821951.149568
989345.718654 1819370.654105 1620821951.449146
989345.730764 1819370.638622 1620821954.949776
989345.731546 1819370.636336 1620821955.799195
989345.73586 1819370.634329 1620821956.298912
989345.750606 1819370.623909 1620821957.848956
989345.750582 1819370.619739 1620821958.149949
989345.75163 1819370.602849 1620821959.150319
989345.750698 1819370.570218 1620821960.848976
989345.750686 1819370.584573 1620821960.149652
989345.747098 1819370.544657 1620821962.149773
989345.743154 1819370.515979 1620821963.498131
989345.739206 1819370.495381 1620821964.498773
989345.734865 1819370.470735 1620821965.849472
989345.732747 1819370.460746 1620821966.498252
989345.73222 1819370.45583 1620821966.848563
989345.731727 1819370.451123 1620821967.198797
989345.72608 1819370.42595 1620821969.349937
989345.724593 1819370.419922 1620821970.198919
989345.721156 1819370.397202 1620821973.999352
989345.737089 1819370.378294 1620821979.059717
989346.051927 1819370.557686 1620821980.398904
989347.334534 1819371.289505 1620821981.598526
989349.936632 1819372.74124 1620821982.749907
989349.010994 1819372.238679 1620821982.399673
989357.352426 1819376.145163 1620821984.749553
989363.2077 1819378.382105 1620821985.798978
989365.164352 1819379.061772 1620821986.099097
989367.537245 1819379.834981 1620821986.449036
989384.000425 1819383.577783 1620821988.499623
989393.902279 1819384.302796 1620821989.54938
989403.943382 1819383.96782 1620821990.549783
989400.347921 1819384.171003 1620821990.200335
989425.837874 1819381.050059 1620821992.550977
989440.206109 1819378.447685 1620821993.750123
989448.984809 1819376.727 1620821994.448922
989462.001998 1819374.223033 1620821995.448921
989470.794407 1819372.504801 1620821996.09835
989495.065207 1819367.735792 1620821997.798875
989510.146678 1819364.702835 1620821998.800305
989515.528046 1819363.606969 1620821999.149868
989535.800205 1819359.484808 1620822000.4489
989546.78682 1819357.314382 1620822001.150049
989556.950628 1819355.354329 1620822001.799189
989573.201427 1819352.312123 1620822002.84903
989588.480627 1819349.538471 1620822003.848953
989599.08306 1819347.766363 1620822004.550086
989608.866937 1819346.27089 1620822005.200094
989658.20813 1819341.268071 1620822008.551363
989670.366435 1819340.638001 1620822009.39924
989672.492565 1819340.555047 1620822009.551105
989703.450252 1819339.928683 1620822011.800248
989712.135044 1819339.876683 1620822012.499754
989726.235214 1819339.822221 1620822013.799086
989732.502063 1819339.797421 1620822014.498015
989737.776363 1819339.78 1620822015.199201
989743.749756 1819339.810902 1620822016.199529
989748.682873 1819339.856532 1620822017.499555
989747.815064 1819339.837867 1620822017.200411
989751.120082 1819339.983867 1620822019.551172
989751.092054 1819339.971151 1620822019.200203
989751.110195 1819339.977379 1620822022.249232
989751.122442 1819340.008536 1620822023.750234
989751.116311 1819340.027392 1620822024.800678
989751.106044 1819340.024376 1620822025.799429
989751.104355 1819340.02206 1620822025.950316
989751.034132 1819340.018766 1620822028.650157
989751.010266 1819340.018507 1620822029.7995
989751.01501 1819340.015838 1620822029.500464
989750.996556 1819340.037273 1620822030.850041
989750.966307 1819340.059419 1620822032.900079
989750.962892 1819340.060165 1620822033.199054
989750.960766 1819340.045302 1620822034.899148
989750.959873 1819340.04033 1620822035.599531
989751.049003 1819340.0429 1620822036.950013
989751.671187 1819340.05459 1620822037.950004
989751.155391 1819340.046413 1620822037.249661
989755.786591 1819340.027628 1620822039.750369
989760.052796 1819340.013767 1620822040.80047
989765.351728 1819340.002403 1620822041.799284
989772.19558 1819339.947084 1620822042.84912
989776.922693 1819339.93174 1620822043.500271
989779.622175 1819339.924008 1620822043.850314
989788.042484 1819339.852135 1620822044.850099
989807.865072 1819339.801368 1620822046.849295
989816.772617 1819339.819793 1620822047.651784
989826.865488 1819339.745597 1620822048.499925
989844.055961 1819339.58126 1620822049.849206
989847.998873 1819339.525998 1620822050.15008
989866.300174 1819339.400175 1620822051.499379
989878.263907 1819339.389785 1620822052.350019
989897.419245 1819339.303149 1620822053.649591
989910.668575 1819339.24474 1620822054.499827
989924.432841 1819339.29505 1620822055.350016
989949.478445 1819340.012078 1620822056.849923
989961.383557 1819340.460324 1620822057.551936
989972.477637 1819340.829979 1620822058.200475
989978.471479 1819340.987692 1620822058.552435
989995.657497 1819341.32111 1620822059.551839
990007.732664 1819341.458266 1620822060.248966
990045.777148 1819341.378514 1620822062.44926
990057.838706 1819341.283803 1620822063.152472
990075.013883 1819341.185656 1620822064.150217
990097.802087 1819341.082272 1620822065.499979
990114.473682 1819341.022487 1620822066.500295
990131.22044 1819340.903842 1620822067.499375
990154.313071 1819340.718066 1620822068.85459
990172.800779 1819340.531203 1620822069.900043
990184.514913 1819340.467387 1620822070.552084
990190.903965 1819340.465883 1620822070.899844
990196.415499 1819340.467841 1620822071.200242
990214.945577 1819340.565177 1620822072.198835
990253.276029 1819340.811803 1620822074.250371
990278.590771 1819340.646248 1620822075.600385
990272.032585 1819340.726355 1620822075.249329
990316.057917 1819340.264595 1620822077.599461
990322.604321 1819340.292519 1620822077.951031
990344.981497 1819340.582356 1620822079.14947
990376.456684 1819341.368182 1620822080.850352
990395.896025 1819341.804108 1620822081.900214
990402.408857 1819341.953471 1620822082.249366
990408.006219 1819342.081429 1620822082.552744
990421.100202 1819342.385627 1620822083.250224
990469.059975 1819343.746101 1620822085.799662
990471.86981 1819343.820841 1620822085.950781
990506.32933 1819344.757178 1620822087.799629
990497.076615 1819344.520483 1620822087.299565
990530.830524 1819345.512735 1620822089.151165
990560.246341 1819346.633361 1620822090.849552
990557.768109 1819346.519323 1620822090.699378
990581.613189 1819347.812976 1620822092.25355
990585.729334 1819348.083161 1620822092.551292
990598.515653 1819348.983506 1620822093.602167
990605.143742 1819349.435977 1620822094.25058
990622.878966 1819347.201488 1620822096.850823
990625.174902 1819344.552131 1620822097.500057
990627.364405 1819337.028146 1620822098.850467
990627.471942 1819334.695331 1620822099.199223
990627.316212 1819326.937296 1620822100.251303
990627.333023 1819312.186956 1620822101.900123
990627.300653 1819318.418273 1620822101.250259
990627.360793 1819305.577233 1620822102.552682
990627.165292 1819282.12015 1620822104.600917
990627.12081 1819277.704899 1620822104.950498
990626.789585 1819250.664963 1620822106.950103
990626.742828 1819245.718129 1620822107.299515
990626.650948 1819236.33797 1620822107.950438
990626.589552 1819231.194086 1620822108.300128
990626.360896 1819202.721746 1620822110.150321
990626.25109 1819180.67593 1620822111.49849
990626.235911 1819157.11364 1620822112.899525
990626.217171 1819168.965903 1620822112.19954
990626.13342 1819122.649991 1620822114.900271
990626.163244 1819127.874331 1620822114.600022
990626.079103 1819110.383655 1620822115.600853
990626.019956 1819097.995377 1620822116.300295
990625.939887 1819058.392184 1620822118.50009
990625.937207 1819046.579757 1620822119.148963
990625.834035 1819015.461967 1620822120.849956
990625.775739 1819003.510469 1620822121.499723
990625.803257 1819009.027037 1620822121.199756
990625.521478 1818965.661183 1620822123.551179
990625.472401 1818959.182293 1620822123.900356
990625.431998 1818953.643316 1620822124.199948
990625.294703 1818927.886705 1620822125.601029
990625.211519 1818915.922509 1620822126.249316
990625.104728 1818896.514717 1620822127.298398
990624.926794 1818877.993629 1620822128.29864
990624.60524 1818847.505549 1620822129.950304
990624.018782 1818822.761104 1620822131.300204
990623.827861 1818817.289762 1620822131.60174
990622.033111 1818776.400133 1620822133.849291
990621.215997 1818758.339048 1620822134.84972
990620.942674 1818752.037697 1620822135.199549
990619.61371 1818721.668732 1620822136.900176
990618.780522 1818704.096636 1620822137.899318
990619.322434 1818715.501876 1620822137.250476
990616.994443 1818669.227961 1620822139.899231
990616.656911 1818663.157138 1620822140.250535
990615.731481 1818645.918772 1620822141.249993
990615.405779 1818639.912206 1620822141.600428
990614.491791 1818622.825515 1620822142.600421
990613.725993 1818588.936081 1620822144.649384
990613.71895 1818577.840117 1620822145.300794
990614.050702 1818571.537448 1620822145.649919
990614.358123 1818545.955627 1620822147.150273
990614.556504 1818523.549536 1620822148.501293
990615.777152 1818501.185121 1620822149.850222
990617.365269 1818483.723252 1620822150.899954
990617.961918 1818477.980994 1620822151.249716
990621.161634 1818450.634226 1620822152.951344
990621.755317 1818445.914011 1620822153.250484
990623.192361 1818434.997842 1620822153.950059
990625.978843 1818414.386378 1620822155.2991
990628.082286 1818398.753707 1620822156.350292
990630.294303 1818382.0201 1620822157.499569
990632.845137 1818363.240637 1620822158.900115
990633.882287 1818355.039766 1620822159.600053
990635.07498 1818340.952402 1620822160.950259
990634.701752 1818334.688102 1620822161.650387
990632.22944 1818326.304496 1620822162.70014
990626.994932 1818318.904643 1620822163.85066
990630.23802 1818322.818794 1620822163.200322
990615.267032 1818312.218221 1620822165.551956
990603.164136 1818310.653853 1620822166.89949
990593.204996 1818310.493903 1620822167.90034
990585.809501 1818310.467833 1620822168.600747
990578.027467 1818310.301097 1620822169.301297
990568.631504 1818309.790012 1620822170.100073
990553.700529 1818308.679414 1620822171.298773
990549.193543 1818308.402936 1620822171.649972
990523.209296 1818307.111569 1620822173.551173
990508.666868 1818306.593207 1620822174.55162
990487.515176 1818305.801579 1620822175.95041
990477.471864 1818305.471159 1620822176.599583
990461.866332 1818305.076566 1620822177.600505
990441.349722 1818304.665281 1620822178.950399
990436.390554 1818304.593844 1620822179.300152
990431.642207 1818304.533435 1620822179.650562
990422.778317 1818304.53584 1620822180.350299
990402.313851 1818304.749698 1620822182.350249
990397.332776 1818304.802679 1620822183.000938
990392.814109 1818304.837105 1620822183.700635
990384.138337 1818304.904626 1620822185.55279
990380.455946 1818304.937026 1620822186.898598
990382.686051 1818304.89571 1620822186.000544
990378.41919 1818304.975253 1620822188.249706
990377.80515 1818304.991939 1620822189.600612
990377.79274 1818304.980108 1620822189.950718
990377.777861 1818304.994861 1620822191.65003
990377.77725 1818304.992402 1620822191.450699
990377.791167 1818304.951017 1620822194.849757
990377.803031 1818304.944635 1620822195.350447
990377.835774 1818304.910733 1620822196.350259
990377.827019 1818304.922018 1620822196.000262
990377.862032 1818304.897204 1620822197.849662
990377.882561 1818304.894692 1620822199.899735
990377.878597 1818304.885665 1620822200.552035
990377.871447 1818304.88216 1620822201.600407
990377.870849 1818304.884754 1620822201.800724
990376.844851 1818304.897104 1620822203.299584
990376.400439 1818304.895192 1620822203.501203
990352.482443 1818305.030144 1620822207.700465
990349.788496 1818305.065688 1620822208.000882
990334.024376 1818305.365772 1620822209.553686
990322.157624 1818305.466665 1620822210.601849
990314.413717 1818305.485963 1620822211.249453
990301.793118 1818305.511627 1620822212.24961
990283.607209 1818305.590257 1620822213.600095
990273.70412 1818305.613647 1620822214.299031
990271.540485 1818305.612316 1620822214.450682
990248.425912 1818305.36285 1620822215.999659
990237.563499 1818305.178931 1620822216.700486
990232.830237 1818305.1211 1620822217.000507
990185.325298 1818305.510956 1620822219.900408
990167.520425 1818305.58177 1620822220.950715
990161.542556 1818305.600305 1620822221.299067
990149.517076 1818305.600596 1620822222.000319
990119.986669 1818305.693791 1620822223.699815
990126.103248 1818305.660717 1620822223.351439
990090.858953 1818305.888448 1620822225.350545
990097.076332 1818305.838725 1620822225.000099
990074.785068 1818306.04636 1620822226.250827
990025.691248 1818306.424357 1620822228.950366
990007.116543 1818306.464602 1620822229.950335
989994.966635 1818306.509491 1620822230.600965
989981.816218 1818306.563686 1620822231.300943
989952.410854 1818306.741839 1620822232.849311
989942.844814 1818306.785756 1620822233.34988
989929.382223 1818306.86209 1620822234.063622
989916.833191 1818306.917673 1620822234.699811
989879.788016 1818307.0706 1620822236.600833
989859.093847 1818307.159951 1620822237.651192
989846.200694 1818307.216719 1620822238.299077
989825.270179 1818307.28947 1620822239.351882
989799.227037 1818307.411274 1620822240.651105
989785.163893 1818307.486514 1620822241.350953
989771.052404 1818307.569278 1620822242.063838
989765.011908 1818307.612047 1620822242.349793
989717.367938 1818307.765376 1620822244.699834
989703.986456 1818307.78567 1620822245.350616
989710.170318 1818307.767167 1620822245.063618
989689.454817 1818307.843098 1620822246.063824
989627.477666 1818308.108552 1620822248.951074
989604.489516 1818308.17686 1620822250.001257
989597.912622 1818308.186957 1620822250.300617
989593.525014 1818308.207538 1620822250.498923
989560.538262 1818308.382628 1620822252.004659
989538.465186 1818308.56464 1620822253.001015
989522.997802 1818308.618745 1620822253.700507
989485.195417 1818308.847628 1620822255.400126
989450.5073 1818309.052479 1620822256.949992
989426.943577 1818309.195226 1620822258.000097
989420.204314 1818309.236951 1620822258.299919
989404.518048 1818309.316765 1620822259.000096
989366.740521 1818309.45879 1620822260.698965
989359.020183 1818309.498623 1620822261.060825
989323.121073 1818309.732858 1620822262.700285
989308.226498 1818309.834564 1620822263.400231
989315.638653 1818309.78867 1620822263.059344
989256.818512 1818310.187935 1620822265.900101
989235.96303 1818310.300093 1620822266.950133
989223.215344 1818310.450888 1620822267.599965
989206.674421 1818310.621672 1620822268.45068
989190.274949 1818310.741149 1620822269.299823
989171.146222 1818310.816745 1620822270.301553
989145.443811 1818310.800917 1620822271.651631
989120.201172 1818311.051392 1620822273.000519
989101.682119 1818311.125228 1620822274.001127
989113.714961 1818311.092136 1620822273.350655
989088.734317 1818311.155012 1620822274.700856
989064.73937 1818311.2285 1620822275.999995
989033.705002 1818311.313724 1620822277.70058
989024.71613 1818311.358836 1620822278.200715
988986.124406 1818311.404391 1620822280.400584
988963.336474 1818311.604853 1620822281.75039
988958.356535 1818311.660921 1620822282.065642
988946.850697 1818311.797848 1620822282.750623
988919.541463 1818312.014323 1620822284.450844
988896.294139 1818312.142384 1620822285.950411
988881.947258 1818312.231988 1620822286.950755
988893.289743 1818312.159874 1620822286.150706
988864.316972 1818312.351797 1620822288.350085
988849.648271 1818312.434776 1620822289.699817
988846.274459 1818312.461383 1620822290.062803
988840.107777 1818312.545397 1620822290.751422
988834.982359 1818312.623256 1620822291.401148
988825.352951 1818312.708019 1620822292.799999
988817.177353 1818312.777469 1620822294.450937
988812.750809 1818312.840121 1620822295.800756
988811.308054 1818312.861044 1620822296.451354
988809.493896 1818312.880307 1620822298.000556
988809.701098 1818312.881208 1620822297.65015
988809.353618 1818312.893474 1620822299.350709
988809.196927 1818312.88166 1620822300.400661
988808.875873 1818312.87886 1620822300.699624
988808.212393 1818312.87143 1620822301.06441
988791.899854 1818312.706194 1620822304.000691
988789.059918 1818312.720267 1620822304.299522
988781.644786 1818312.730662 1620822305.000841
988758.495743 1818312.841395 1620822306.899815
988751.858683 1818312.86435 1620822307.401353
988754.529953 1818312.85721 1620822307.201176
988728.216749 1818312.949754 1620822309.101361
988723.877974 1818312.944604 1620822309.401066
988713.608478 1818312.953499 1620822310.099701
988645.495184 1818313.317679 1620822314.299744
988573.84073 1818323.601306 1620822319.350996
988564.162623 1818326.393587 1620822320.400773
988567.285773 1818325.443065 1620822320.063634
988558.588205 1818328.235878 1620822321.065936
988550.21427 1818331.434444 1620822322.09985
988533.938083 1818338.946229 1620822324.35095
988524.440284 1818344.087156 1620822325.700055
988519.598588 1818346.9416 1620822326.351012
988522.237648 1818345.372965 1620822326.002084
988500.297106 1818359.552088 1620822328.752376
988491.928877 1818365.867331 1620822329.752019
988489.429157 1818367.908866 1620822330.064342
988475.317964 1818381.064244 1620822331.751173
988469.988984 1818386.752537 1620822332.40122
988461.980944 1818396.121255 1620822333.401502
988456.877341 1818402.523441 1620822334.064858
988454.139298 1818406.028343 1620822334.40113
988448.578477 1818413.099027 1620822335.100081
988427.47385 1818439.492229 1620822337.649789
988430.425634 1818435.770995 1620822337.300805
988410.226405 1818461.083109 1620822339.650481
988401.066476 1818472.457794 1620822340.699833
988404.1009 1818468.683625 1620822340.350969
988365.838278 1818515.504874 1620822344.752405
988367.129273 1818513.936727 1620822344.601111
988325.676009 1818565.045764 1620822349.900013
988324.816872 1818566.256841 1620822350.064894
988321.411709 1818571.692729 1620822350.752231
988320.151491 1818574.296858 1620822351.10115
988318.234353 1818581.603351 1620822352.101259
988340.366139 1818614.378144 1620822357.000465
988345.785262 1818619.071131 1620822357.651174
988355.264463 1818627.099981 1620822358.7011
988364.918058 1818635.17987 1620822359.701104
988374.948193 1818643.604424 1620822360.701267
988385.357622 1818652.302786 1620822361.701058
988389.090411 1818655.393511 1620822362.060202
988392.855224 1818658.523605 1620822362.401332
988399.918495 1818664.394915 1620822363.055438
988414.750604 1818676.776384 1620822364.400286
988440.64271 1818698.255377 1620822366.751104
988437.32645 1818695.555458 1620822366.450486
988459.124714 1818713.267132 1620822368.45051
988466.001377 1818718.821198 1620822369.100869
988478.408345 1818728.806164 1620822370.30017
988493.339907 1818740.822169 1620822371.801759
988499.549936 1818745.946738 1620822372.450115
988502.836201 1818748.672857 1620822372.801368
988508.826953 1818753.676642 1620822373.450969
988515.143778 1818758.9357 1620822374.15099
988531.637899 1818772.434966 1620822376.061025
988543.556857 1818782.085778 1620822377.701075
988548.972637 1818786.511606 1620822378.701596
988547.239003 1818785.092515 1620822378.349938
988555.700988 1818792.00598 1620822380.751211
988557.002914 1818793.000089 1620822381.95105
988557.056744 1818793.039805 1620822382.099282
988557.160617 1818793.072467 1620822383.451197
988557.137464 1818793.067886 1620822383.100327
988557.184336 1818793.074961 1620822384.102756
988556.458942 1818792.895903 1620822385.100335
988557.396351 1818793.486033 1620822387.100376
988557.317632 1818793.451985 1620822387.601254
988557.035611 1818793.246798 1620822389.152162
988556.878379 1818793.103799 1620822389.852204
988556.568322 1818792.824267 1620822391.355739
988556.684336 1818792.905224 1620822392.064026
988557.192652 1818793.328401 1620822393.063639
988559.537163 1818795.299717 1620822394.400998
988561.491834 1818796.922426 1620822395.063899
988567.105544 1818801.698345 1620822396.45163
988568.859949 1818803.155441 1620822396.801363
988578.64675 1818811.208382 1620822398.451053
988602.017551 1818830.507707 1620822401.451494
988609.764203 1818836.889967 1620822402.30008
988626.036233 1818850.274733 1620822403.951031
988653.4776 1818872.96285 1620822406.500331
988648.972005 1818869.285291 1620822406.09941
988698.595841 1818910.050679 1620822410.352273
988712.340187 1818921.456953 1620822411.501333
988716.553602 1818924.948714 1620822411.852475
988738.971491 1818943.536496 1620822413.702075
988753.554014 1818955.6864 1620822414.901432
988763.912588 1818964.289522 1620822415.751046
988771.850179 1818970.825551 1620822416.400513
988788.365119 1818984.364861 1620822417.752275
988800.587894 1818994.475582 1620822418.750808
988812.802264 1819004.594194 1620822419.75253
988821.343214 1819011.65767 1620822420.45266
988823.764149 1819013.673627 1620822420.651234
988849.86779 1819035.44254 1620822422.852435
988853.368265 1819038.306504 1620822423.152235
988857.440417 1819041.625531 1620822423.501107
988877.194229 1819057.302994 1620822425.201223
988985.782214 1819131.268156 1620822433.902294
988996.755438 1819138.680166 1620822434.752397
988992.213407 1819135.618855 1620822434.400925
989023.8817 1819156.654574 1620822436.801286
989027.899815 1819159.330713 1620822437.101493
989046.121196 1819171.387509 1620822438.451619
989041.394366 1819168.258385 1620822438.101218
989055.649911 1819177.638181 1620822439.152249
989083.669615 1819196.244687 1620822441.202179
989087.722906 1819199.019834 1620822441.501302
989097.217898 1819205.495993 1620822442.202657
989132.023553 1819229.076802 1620822444.751628
989136.78282 1819232.312621 1620822445.101843
989159.990159 1819247.852197 1620822446.802457
989164.138688 1819250.576879 1620822447.101302
989168.946816 1819253.702231 1620822447.451748
989216.75582 1819285.61049 1620822451.00069
989223.23777 1819289.963096 1620822451.501228
989218.705138 1819286.921024 1620822451.151126
989248.62342 1819306.620059 1620822453.501095
989246.744048 1819305.418465 1620822453.351436
989275.663565 1819323.345197 1620822455.701149
989287.559824 1819330.402585 1620822456.700484
989289.901359 1819331.788075 1620822456.901656
989310.981312 1819344.54979 1620822458.751302
989317.99885 1819348.788637 1620822459.40226
989321.750106 1819351.042781 1620822459.751622
989339.03451 1819361.441725 1620822461.451774
989345.21998 1819365.000205 1620822462.151177
989356.296885 1819369.565585 1620822463.500414
989353.499555 1819368.764155 1620822463.152349
989361.767208 1819370.279816 1620822464.201225
989371.060418 1819367.736773 1620822465.55343
989376.139425 1819360.644054 1620822466.851739
989376.679454 1819358.08109 1620822467.201101
989376.605838 1819344.421468 1620822468.751705
989375.922608 1819322.823195 1620822470.752704
989375.688831 1819310.580572 1620822471.751672
989375.586129 1819296.999616 1620822472.801659
989375.567283 1819292.35885 1620822473.15156
989375.558796 1819288.33846 1620822473.451705
989375.395663 1819264.666736 1620822475.151108
989375.191387 1819254.504048 1620822475.850072
989374.94431 1819239.655548 1620822476.851647
989374.88283 1819235.129372 1620822477.151368
989374.428783 1819193.278047 1620822479.851015
989374.29267 1819182.286159 1620822480.553179
989374.04907 1819166.556245 1620822481.553321
989373.889258 1819156.321511 1620822482.201952
989373.816689 1819150.815874 1620822482.553049
989373.577184 1819125.103154 1620822484.20121
989373.3354 1819103.880255 1620822485.601524
989373.154188 1819092.005094 1620822486.401728
989372.794901 1819071.613122 1620822487.800843
989372.634272 1819062.367986 1620822488.451942
989372.724033 1819067.323958 1620822488.099946
989372.171378 1819040.694799 1620822490.101519
989371.665951 1819023.714913 1620822491.801878
989371.512654 1819018.975127 1620822492.50119
989371.294363 1819013.250351 1620822493.800402
989371.223602 1819012.215366 1620822494.151613
989370.677262 1819008.54739 1620822495.802172
989370.967204 1819009.810655 1620822495.151506
989370.074953 1819006.800722 1620822496.801215
989368.961853 1819004.704954 1620822498.801864
989368.100284 1819003.721634 1620822499.802373
989366.284628 1819002.579461 1620822500.802585
989365.265816 1819002.220472 1620822501.151331
989362.136187 1819001.607066 1620822502.003738
989355.827107 1819000.678113 1620822503.30056
989349.045719 1818999.525186 1620822504.501567
989346.887278 1818999.112985 1620822504.85169
989339.761183 1818997.52945 1620822505.85178
989334.039394 1818996.098712 1620822506.553056
989324.312443 1818993.292446 1620822507.602574
989301.214408 1818985.774535 1620822509.801781
989297.231287 1818984.397446 1620822510.151515
989281.98373 1818979.022569 1620822511.451865
989265.707663 1818972.816927 1620822512.801786
989261.49771 1818971.147042 1620822513.152454
989249.540657 1818966.493646 1620822514.151416
989234.170993 1818960.751154 1620822515.451712
989237.708869 1818962.022938 1620822515.151384
989224.178255 1818957.284104 1620822516.300493
989199.803099 1818949.184628 1620822518.351429
989190.246536 1818946.001885 1620822519.151423
989173.510832 1818940.313032 1620822520.554254
989169.990927 1818938.960045 1620822520.853001
989149.997525 1818931.18551 1620822522.553731
989145.910115 1818929.433949 1620822522.901658
989138.305849 1818926.100886 1620822523.553575
989114.693919 1818915.000173 1620822525.553926
989100.380519 1818907.870131 1620822526.752831
989092.160952 1818903.506691 1620822527.451047
989076.716959 1818895.116745 1620822528.801623
989072.76975 1818893.027912 1620822529.15056
989046.915533 1818879.714571 1620822531.500569
989050.191514 1818881.372176 1620822531.2013
989011.017479 1818859.197831 1620822534.901376
989007.991122 1818857.307395 1620822535.201409
989004.462809 1818855.104074 1620822535.554094
988990.977669 1818846.562579 1620822536.900071
988972.536006 1818834.720354 1620822538.801356
988962.853936 1818828.494812 1620822539.800696
988956.173632 1818824.149255 1620822540.501545
988950.064264 1818820.12332 1620822541.151568
988895.464646 1818779.56611 1620822547.351342
988883.053827 1818769.091983 1620822548.851799
988877.774968 1818764.430223 1620822549.501451
988874.958316 1818761.903548 1620822549.851813
988872.170293 1818759.337165 1620822550.201656
988863.264713 1818750.71962 1620822551.352704
988841.558748 1818728.134026 1620822554.251866
988836.646552 1818723.069429 1620822554.90157
988833.981456 1818720.291923 1620822555.251845
988826.2852 1818712.201792 1620822556.252061
988815.581015 1818701.036216 1620822557.601639
988808.711419 1818693.872976 1620822558.451883
988791.845208 1818676.126714 1620822560.502449
988780.417097 1818663.958782 1620822561.851896
988782.970061 1818666.690868 1620822561.55412
988774.416656 1818657.506231 1620822562.553773
988765.720861 1818648.15276 1620822563.553525
988753.363373 1818634.898054 1620822564.951411
988750.677766 1818632.03896 1620822565.251877
988710.611671 1818589.06584 1620822569.651725
988706.012312 1818584.06085 1620822570.150969
988690.142954 1818567.108077 1620822571.852048
988680.682394 1818557.007914 1620822572.852388
988674.080572 1818549.842816 1620822573.55419
988677.37004 1818553.442708 1620822573.202572
988664.635255 1818539.605571 1620822574.553589
988651.313904 1818525.296258 1620822575.952888
988648.436281 1818522.219148 1620822576.252103
988629.926779 1818502.943747 1620822578.151684
988614.655308 1818487.303159 1620822579.701666
988592.649179 1818465.414767 1620822581.90069
988586.035903 1818459.047471 1620822582.554063
988589.605394 1818462.475821 1620822582.201588
988568.498921 1818442.641861 1620822584.252028
988561.80454 1818436.386125 1620822584.901617
988558.200534 1818433.018071 1620822585.252178
988544.408797 1818419.962482 1620822586.602135
988530.545737 1818406.576474 1620822588.003111
988515.622444 1818392.650163 1620822589.652122
988508.690311 1818387.294299 1620822590.500653
988500.989898 1818383.294374 1620822591.500685
988498.671248 1818382.54566 1620822591.801719
988488.209375 1818381.640155 1620822593.151641
988483.212733 1818382.695747 1620822593.802094
988470.36232 1818390.097534 1620822595.501935
988463.419758 1818396.906375 1620822596.500875
988465.476111 1818394.745761 1620822596.202287
988459.965148 1818400.662411 1620822597.002832
988441.534843 1818422.089318 1620822599.5019
988443.820049 1818419.332291 1620822599.201959
988427.036612 1818439.940525 1620822601.351665
988418.650827 1818450.467822 1620822602.401929
988409.124415 1818462.113287 1620822603.553703
988411.640935 1818459.062684 1620822603.252082
988391.497576 1818483.527789 1620822605.601737
988379.412624 1818498.213509 1620822606.951712
988376.682286 1818501.525629 1620822607.251268
988367.073819 1818513.129354 1620822608.30125
988354.757244 1818527.854535 1620822609.652057
988357.935395 1818524.064235 1620822609.301776
988340.09637 1818545.454186 1620822611.301845
988332.188403 1818555.254198 1620822612.300581
988327.664795 1818561.111246 1620822612.951819
988320.43869 1818572.083941 1620822614.301497
988318.509332 1818576.898719 1620822614.951926
988317.947745 1818579.433267 1620822615.301561
988318.064733 1818586.766738 1620822616.301693
988324.215755 1818598.042574 1620822618.00171
988332.916894 1818606.443282 1620822619.351911
988337.641167 1818610.692184 1620822620.001997
988345.328406 1818617.625729 1620822621.002093
988356.383138 1818627.697847 1620822622.351752
988358.946769 1818630.020809 1620822622.652471
988375.543145 1818644.670683 1620822624.500836
988370.938233 1818640.675905 1620822624.001655
988386.885848 1818654.270555 1620822625.701906
988402.886911 1818667.58838 1620822627.352164
988414.124464 1818677.010837 1620822628.500811
988423.935365 1818685.217548 1620822629.502966
988437.222949 1818696.180835 1620822630.852109
988445.599363 1818702.985541 1620822631.701144
988463.753436 1818717.642645 1620822633.554183
988476.864171 1818728.285407 1620822634.901635
988486.434949 1818736.202466 1620822635.902375
988483.102931 1818733.424401 1620822635.553568
988502.391033 1818749.708751 1620822637.601794
988514.401438 1818759.697532 1620822638.900333
988508.407102 1818754.800876 1620822638.253623
988529.913668 1818772.343904 1620822640.601905
988527.196031 1818770.149925 1620822640.301794
988534.41149 1818775.9635 1620822641.101762
