988155.4103 1818830.313296 1620285959.909587
988155.40759 1818830.311679 1620285960.312624
988155.414926 1818830.312729 1620285962.509854
988166.737163 1818838.740659 1620285969.560132
988169.330087 1818841.046494 1620285970.560069
988168.812663 1818840.572552 1620285970.360723
988171.501453 1818843.103714 1620285971.410099
988178.813902 1818851.026657 1620285974.058652
988182.562481 1818854.976815 1620285975.260515
988185.101357 1818857.381883 1620285976.119788
988197.954042 1818858.241535 1620285980.560238
988197.438765 1818858.803217 1620285980.360061
988199.852465 1818855.596647 1620285981.359288
988202.535021 1818851.279481 1620285982.408889
988208.087626 1818842.63547 1620285984.059479
988208.84533 1818841.470986 1620285984.258869
988213.828394 1818833.783182 1620285985.509368
988223.008078 1818819.797734 1620285987.560419
988226.882246 1818814.051894 1620285988.35957
988225.900848 1818815.501264 1620285988.159628
988235.142212 1818801.750286 1620285990.009904
988236.157366 1818800.226689 1620285990.209261
988255.365448 1818770.859121 1620285994.059581
988256.334171 1818769.367632 1620285994.259796
988265.514286 1818755.498395 1620285996.309628
988266.310873 1818754.339634 1620285996.51246
988280.807905 1818731.306722 1620286000.359974
988281.489036 1818730.085673 1620286000.559617
988287.446289 1818717.385237 1620286002.610971
988293.322031 1818689.605589 1620286006.060492
988293.194979 1818680.611475 1620286007.116939
988292.06324 1818670.326912 1620286008.309319
988290.4866 1818663.283214 1620286009.11794
988289.996398 1818661.512094 1620286009.30937
988287.614269 1818654.456425 1620286010.117246
988278.979103 1818637.778706 1620286012.117396
988273.445127 1818629.990863 1620286013.117502
988272.238035 1818628.504283 1620286013.309679
988258.643929 1818614.56127 1620286015.360302
988257.209671 1818613.47174 1620286015.559071
988253.044756 1818610.476377 1620286016.160049
988234.705539 1818607.43286 1620286020.610645
988234.246912 1818607.95583 1620286020.809525
988230.539457 1818615.685786 1620286022.859558
988230.222734 1818616.570274 1620286023.059441
988229.882742 1818617.469143 1620286023.259841
988224.835799 1818626.466263 1620286025.310255
988224.325737 1818627.279735 1620286025.509339
988217.861614 1818636.316321 1620286027.559322
988214.316006 1818639.908414 1620286028.358829
988209.022786 1818645.865067 1620286029.558744
988209.86085 1818644.824816 1620286029.358973
988203.491665 1818654.091513 1620286031.009362
988201.981151 1818656.48683 1620286031.409432
988194.806424 1818667.675853 1620286033.209279
988186.659185 1818685.370833 1620286036.659353
988188.735932 1818690.12522 1620286037.859409
988188.223645 1818689.42005 1620286037.658544
988196.344831 1818696.170522 1620286039.658483
988210.255883 1818704.850493 1620286041.90982
988212.722266 1818706.444674 1620286042.309391
988220.330005 1818711.350078 1620286043.559653
988239.114505 1818723.27942 1620286046.610709
988240.407346 1818724.058523 1620286046.809447
988245.660404 1818727.150577 1620286047.610246
988255.967121 1818733.10688 1620286049.258352
988257.040785 1818733.731989 1620286049.460589
988267.720403 1818739.787382 1620286052.509386
988269.927405 1818740.43783 1620286053.30973
988269.314455 1818740.319888 1620286053.119967
988277.7432 1818737.223209 1620286055.359587
988276.974074 1818737.949015 1620286055.160321
988287.962008 1818716.494789 1620286058.810012
988290.336292 1818709.364519 1620286059.8102
988290.763137 1818707.87079 1620286060.009444
988293.428175 1818693.333842 1620286061.808467
988292.515397 1818700.00553 1620286061.009624
988291.395371 1818666.840107 1620286064.808323
988288.77143 1818657.885937 1620286065.809436
988290.475223 1818663.240582 1620286065.209727
988280.916529 1818640.467164 1620286067.809559
988278.612056 1818636.735421 1620286068.259318
988274.07464 1818630.332591 1620286069.059384
988262.272745 1818617.375577 1620286070.859333
988259.377254 1818614.862757 1620286071.258711
988246.174802 1818605.680983 1620286072.910212
988237.800762 1818600.282658 1620286073.910294
988236.522848 1818599.474447 1620286074.05965
988227.833352 1818593.923142 1620286075.059333
988218.673781 1818587.86304 1620286076.11794
988216.914875 1818586.697831 1620286076.309462
988205.857242 1818579.357318 1620286077.560073
988168.003474 1818554.786386 1620286082.009871
988164.852213 1818552.799309 1620286082.409728
988155.940021 1818547.075362 1620286083.610343
988157.337377 1818547.986562 1620286083.409324
988146.522432 1818540.930321 1620286085.059375
988139.90218 1818536.659566 1620286086.118815
988138.588298 1818535.818502 1620286086.309186
988124.870259 1818527.019203 1620286088.359869
988123.690723 1818526.219485 1620286088.560058
988113.154677 1818519.195802 1620286090.409362
988104.417083 1818513.389333 1620286091.809687
988097.096302 1818508.571415 1620286092.859233
988095.683124 1818507.642168 1620286093.060055
988014.629629 1818476.543294 1620286103.910424
988005.779381 1818476.075033 1620286104.910542
987997.283069 1818475.243026 1620286105.909437
987995.627654 1818475.027878 1620286106.115703
987993.975179 1818474.805802 1620286106.309597
987976.114825 1818470.204861 1620286108.560024
987968.775513 1818466.972573 1620286109.610609
987970.108908 1818467.617405 1620286109.408957
987961.294117 1818463.08737 1620286110.810077
987949.303364 1818455.719795 1620286113.06004
987948.248418 1818455.020361 1620286113.259539
987925.876568 1818439.465256 1620286116.909825
987927.070712 1818440.406431 1620286116.709639
987915.099222 1818429.467238 1620286118.959911
987914.131329 1818428.413203 1620286119.15904
987909.294969 1818422.64321 1620286120.159011
987904.619996 1818415.861703 1620286121.160189
987900.200997 1818408.194128 1620286122.160141
987896.122426 1818400.455927 1620286123.160016
987892.167479 1818393.120655 1620286124.159935
987887.059972 1818385.189579 1620286125.359986
987883.382694 1818380.454108 1620286126.160141
987878.545071 1818375.229158 1620286127.160751
987877.500662 1818374.224868 1620286127.362051
987872.980095 1818370.355637 1620286128.160009
987859.470315 1818360.839846 1620286130.209688
987849.244186 1818354.187913 1620286131.659377
987847.848226 1818353.276912 1620286131.859546
987834.369671 1818344.265954 1620286133.910101
987833.184765 1818343.477571 1620286134.119547
987831.967331 1818342.655064 1620286134.310076
987818.911741 1818333.983834 1620286136.359083
987820.267973 1818334.884459 1620286136.159065
987804.870445 1818325.597647 1620286138.61111
987799.628822 1818325.163817 1620286139.611144
987800.641747 1818325.055445 1620286139.409602
987790.988994 1818331.19963 1620286141.859187
987789.103716 1818335.558896 1620286142.859298
987789.483315 1818339.894307 1620286143.859274
987791.809179 1818343.619294 1620286144.859176
987796.081527 1818347.032937 1620286145.859162
987800.075708 1818350.010345 1620286146.659359
987801.118835 1818350.797085 1620286146.859353
987802.186187 1818351.57779 1620286147.059235
987836.26272 1818365.967903 1620286152.910082
987837.490776 1818365.806733 1620286153.119643
987849.515477 1818361.639846 1620286157.359774
987850.214189 1818359.764671 1620286158.359562
987849.030482 1818355.600279 1620286159.61013
987846.088586 1818352.880207 1620286160.409794
987839.544223 1818348.729181 1620286161.610323
987833.314135 1818344.817952 1620286162.610149
987826.858691 1818340.107546 1620286163.611178
987825.551391 1818339.02451 1620286163.817893
987796.867251 1818319.961074 1620286167.659497
987790.729187 1818315.948902 1620286168.459223
987784.111275 1818311.602467 1620286169.309169
987782.542953 1818310.562229 1620286169.509361
987755.064879 1818292.581104 1620286172.959611
987752.045047 1818290.580823 1620286173.359946
987750.579661 1818289.604151 1620286173.559112
987711.327924 1818264.020999 1620286179.409418
987710.072271 1818263.205252 1620286179.610555
987704.802228 1818259.630043 1620286180.409641
987692.331988 1818248.39948 1620286182.459169
987693.433695 1818249.684682 1620286182.259125
987674.205233 1818222.826978 1620286185.910182
987672.930769 1818221.450705 1620286186.119327
987591.191394 1818166.136199 1620286197.008954
987590.153845 1818165.762759 1620286197.209532
987581.837359 1818165.865687 1620286199.0591
987576.914566 1818169.514062 1620286200.659205
987575.0709 1818171.920767 1620286201.459284
987574.629128 1818172.563538 1620286201.659209
987573.160973 1818174.740202 1620286202.259026
987564.137466 1818188.039702 1620286204.710045
987558.121478 1818196.904993 1620286205.959355
987552.862161 1818204.497905 1620286206.959019
987547.471642 1818212.13512 1620286207.959349
987542.519777 1818219.120193 1620286208.958898
987538.728082 1818224.559057 1620286209.959906
987541.656254 1818220.330051 1620286209.160069
987538.068882 1818225.522783 1620286210.159194
987528.874413 1818238.877342 1620286213.009258
987522.762642 1818248.371838 1620286214.659133
987518.860636 1818254.967262 1620286215.660096
987515.370498 1818261.21978 1620286216.659438
987512.771596 1818266.086928 1620286217.659769
987510.503145 1818270.594141 1620286218.659208
987507.918171 1818275.596188 1620286219.659731
987505.258969 1818280.675786 1620286220.659203
987505.796751 1818279.637681 1620286220.45919
987499.135593 1818292.366197 1620286222.709967
987494.585717 1818300.972553 1620286223.959864
987493.806711 1818302.450672 1620286224.159024
987489.760093 1818310.156462 1620286225.159716
987485.49958 1818318.231505 1620286226.159767
987481.189194 1818326.479468 1620286227.159657
987476.84418 1818334.86821 1620286228.159618
987472.51559 1818343.2369 1620286229.159073
987468.166707 1818351.713459 1620286230.159196
987463.785802 1818360.118005 1620286231.158875
987459.480475 1818368.310498 1620286232.159666
987455.178339 1818376.558506 1620286233.159593
987451.762819 1818383.044591 1620286233.958983
987446.876123 1818392.428437 1620286235.159325
987446.081139 1818393.950532 1620286235.35866
987439.004852 1818407.210463 1620286237.409816
987438.448671 1818408.270178 1620286237.61042
987437.361959 1818410.349313 1620286238.009063
987436.484825 1818426.235536 1620286241.659485
987439.830455 1818428.726643 1620286242.660589
987444.434082 1818428.840948 1620286243.911032
987443.736884 1818429.050366 1620286243.709183
987459.142252 1818408.084279 1620286248.959089
987459.50176 1818406.944832 1620286249.159546
987480.955224 1818373.536912 1620286255.809134
987483.097403 1818370.537076 1620286256.409489
987482.378693 1818371.533122 1620286256.209673
987489.909068 1818360.974016 1620286258.259705
987503.60321 1818340.959622 1620286261.910903
987502.880235 1818342.027774 1620286261.709207
987504.307586 1818339.909665 1620286262.119762
987509.766104 1818331.711276 1620286263.759268
987514.017861 1818324.684537 1620286265.610816
987514.427903 1818317.297683 1620286268.459009
987514.070254 1818316.798476 1620286268.658833
987512.623985 1818315.276423 1620286269.258041
987492.232172 1818307.95548 1620286274.910091
987492.857831 1818307.55044 1620286274.710683
987486.430821 1818316.507106 1620286276.959346
987485.828637 1818317.644178 1620286277.159309
987485.180074 1818318.81632 1620286277.360139
987478.256073 1818332.093962 1620286279.409433
987478.976102 1818330.692553 1620286279.208847
987439.697829 1818405.660573 1620286289.659708
987440.241631 1818404.674807 1620286289.458818
987434.669388 1818414.896776 1620286291.710516
987431.194209 1818421.199829 1620286292.95911
987422.496347 1818437.80951 1620286295.760303
987421.447043 1818439.889638 1620286296.159276
987420.928315 1818440.882104 1620286296.359303
987418.337743 1818445.75312 1620286297.361193
987413.936549 1818453.75615 1620286298.959304
987410.204836 1818460.645852 1620286300.160287
987407.037046 1818466.734017 1620286301.160534
987403.536452 1818473.440383 1620286302.358959
987400.575858 1818479.318085 1620286303.559113
987392.194873 1818495.256227 1620286306.408851
987388.482422 1818502.419915 1620286307.458799
987387.761849 1818503.79154 1620286307.659544
987378.80809 1818520.319168 1620286309.910501
987374.50164 1818528.481946 1620286310.910315
987370.092592 1818536.891941 1620286311.910447
987365.356525 1818545.887301 1620286312.959936
987364.453049 1818547.597228 1620286313.159557
987360.919485 1818554.289206 1620286313.960023
987360.074533 1818555.847091 1620286314.158806
987348.784786 1818577.382733 1620286317.409272
987345.704703 1818583.402987 1620286318.258719
987340.17764 1818593.952869 1620286319.610912
987336.61615 1818600.631218 1620286320.409678
987332.751542 1818607.955861 1620286321.258058
987325.032631 1818622.350174 1620286322.859077
987321.073229 1818629.835089 1620286323.70892
987316.211421 1818639.018772 1620286324.958508
987312.781743 1818645.685522 1620286325.960248
987315.790711 1818640.041761 1620286325.11898
987305.107875 1818660.060918 1620286327.959195
987308.536039 1818653.624582 1620286327.119991
987303.405558 1818663.271112 1620286328.360376
987291.526127 1818685.484163 1620286330.960458
987295.435399 1818678.164304 1620286330.118775
987276.943905 1818713.285567 1620286334.209316
987272.304575 1818722.143836 1620286335.209279
987267.648555 1818731.053431 1620286336.259848
987263.063616 1818739.767683 1620286337.459717
987259.380837 1818746.7889 1620286338.459614
987260.133317 1818745.371306 1620286338.259087
987250.080592 1818764.673176 1620286340.709069
987245.534781 1818773.470428 1620286341.709884
987241.982841 1818780.223611 1620286342.509238
987237.596763 1818788.497305 1620286343.709106
987234.875318 1818793.585769 1620286344.50979
987233.510517 1818796.115198 1620286344.910833
987211.171694 1818847.000261 1620286351.959129
987211.629402 1818845.06083 1620286351.75923
987209.142608 1818857.357894 1620286353.009109
987207.541486 1818868.974505 1620286354.208955
987207.35236 1818870.850391 1620286354.408985
987206.255266 1818887.034629 1620286356.459503
987206.209205 1818888.526319 1620286356.660586
987205.934892 1818912.425574 1620286359.709453
987206.014185 1818919.076624 1620286360.509646
987205.984572 1818917.434486 1620286360.309713
987206.175032 1818937.288093 1620286362.95962
987206.278148 1818944.742399 1620286363.958363
987206.269341 1818943.19091 1620286363.760073
987206.299708 1818946.29111 1620286364.158701
987206.429956 1818963.117796 1620286366.209337
987206.591763 1818971.750772 1620286367.209086
987207.065886 1819006.937136 1620286371.259924
987207.071037 1819005.293459 1620286371.058824
987210.726723 1819029.296004 1620286374.509825
987211.117758 1819030.340302 1620286374.709759
987217.507638 1819036.968328 1620286376.758341
987224.12158 1819037.533662 1620286377.959342
987231.261353 1819037.388772 1620286378.960334
987232.811032 1819037.354294 1620286379.15862
987246.686564 1819036.999012 1620286380.809036
987250.315486 1819036.97101 1620286381.209486
987248.494209 1819036.984927 1620286381.008908
987269.114948 1819036.719296 1620286383.258455
987278.337039 1819036.70613 1620286384.45979
987283.738335 1819036.770995 1620286385.25863
987290.933539 1819036.751916 1620286386.259048
987292.477929 1819036.733019 1620286386.459763
987305.964497 1819037.053984 1620286388.258711
987311.437404 1819037.706962 1620286389.25938
987316.124815 1819038.490765 1620286390.259781
987321.964374 1819039.616524 1620286391.258576
987329.061114 1819041.359814 1620286392.259399
987338.16463 1819043.950632 1620286393.458664
987346.143759 1819046.610304 1620286394.458684
987354.302189 1819049.593021 1620286395.510577
987370.883452 1819062.107059 1620286398.710074
987370.337472 1819061.351135 1620286398.509673
987373.588682 1819070.262028 1620286400.759249
987373.570746 1819071.243944 1620286400.960255
987331.274353 1819122.381862 1620286409.208536
987332.214357 1819120.789359 1620286409.008658
987322.829562 1819141.627507 1620286411.459294
987319.262377 1819150.521386 1620286412.459432
987320.011836 1819148.729516 1620286412.258738
987317.044302 1819155.853917 1620286413.059411
987302.716494 1819200.28787 1620286417.708927
987301.942551 1819204.414584 1620286418.119103
987299.561105 1819221.106742 1620286419.758864
987299.768132 1819219.124013 1620286419.558882
987299.143943 1819243.083792 1620286422.209062
987300.834022 1819250.003445 1620286423.20864
987304.66748 1819255.028954 1620286424.208991
987312.937854 1819258.109663 1620286425.65849
987319.864108 1819258.214444 1620286426.659426
987327.76768 1819258.113531 1620286427.659307
987332.752283 1819258.045667 1620286428.25899
987339.5318 1819257.988471 1620286429.118915
987348.947582 1819257.848089 1620286430.309764
987366.80676 1819257.995781 1620286432.760024
987362.730433 1819257.918045 1620286432.160001
987376.363949 1819258.172267 1620286434.208599
987386.557405 1819258.272451 1620286435.858643
987388.816839 1819258.278842 1620286436.259235
987390.883355 1819258.278495 1620286436.659365
987394.135555 1819258.273122 1620286437.458773
987398.624549 1819258.260618 1620286439.119252
987436.717793 1819257.119613 1620286447.80895
987442.807086 1819256.975428 1620286448.808143
987439.185963 1819257.011761 1620286448.208687
987449.220603 1819256.957348 1620286449.859653
987450.456869 1819256.961869 1620286450.059251
987472.198379 1819257.04756 1620286453.309515
987473.558951 1819257.053941 1620286453.509592
987490.708464 1819257.130202 1620286456.116999
987496.79274 1819257.101673 1620286457.117886
987504.291723 1819256.983046 1620286458.359725
987512.512982 1819256.82942 1620286459.808619
987517.442794 1819256.830626 1620286460.808614
987519.181797 1819256.863852 1620286461.209975
987523.387861 1819256.91992 1620286462.859192
987522.900398 1819256.909253 1620286462.459373
987523.830075 1819256.963982 1620286464.309501
987523.862306 1819256.952431 1620286465.308564
987523.889142 1819256.822239 1620286466.309432
987523.901899 1819256.806944 1620286467.30966
987524.146277 1819256.810095 1620286468.31037
987524.9754 1819256.819347 1620286469.309227
987525.452548 1819256.834342 1620286469.709691
987525.991303 1819256.844641 1620286470.11909
987532.447239 1819257.294089 1620286472.959028
987533.834008 1819257.293651 1620286473.358823
987545.070325 1819257.805464 1620286476.012546
987546.057052 1819257.821621 1620286476.208727
987551.5495 1819257.77778 1620286477.25866
987557.277951 1819257.550264 1620286478.259311
987559.699735 1819257.45735 1620286478.659231
987570.473234 1819257.285129 1620286480.308656
987580.140598 1819257.778269 1620286481.709379
987588.316709 1819258.664695 1620286482.909479
987592.433785 1819259.272471 1620286483.50995
987598.064237 1819260.163952 1620286484.309081
987605.34892 1819261.310129 1620286485.309692
987603.877835 1819261.081878 1620286485.118599
987618.784032 1819263.336051 1620286487.159094
987647.970085 1819264.817332 1620286491.207735
987652.605029 1819264.654621 1620286491.809132
987664.119108 1819264.099303 1620286493.257968
987672.288571 1819263.720875 1620286494.257725
987677.237973 1819263.529621 1620286494.859091
987678.87521 1819263.472976 1620286495.059415
987706.567818 1819262.144221 1620286498.708544
987710.522516 1819261.923748 1620286499.309717
987715.026978 1819261.935709 1620286500.119337
987720.797565 1819263.960182 1620286501.358982
987724.89079 1819269.810179 1620286502.80852
987725.475151 1819275.317876 1620286503.808534
987725.302553 1819271.910397 1620286503.209784
987725.496919 1819276.511165 1620286504.008625
987725.648316 1819291.836418 1620286506.259382
987725.691763 1819299.701933 1620286507.309722
987725.727786 1819302.769895 1620286507.708706
987725.861336 1819317.160182 1620286509.558991
987725.870336 1819323.380736 1620286510.357952
987725.870249 1819321.833447 1620286510.158845
987725.796015 1819341.681607 1620286512.810712
987725.892239 1819337.276707 1620286512.20853
987725.444272 1819354.367899 1620286514.658469
987725.082576 1819359.551852 1620286515.709262
987724.550411 1819361.977963 1620286516.30942
987722.932621 1819365.733414 1620286517.309555
987723.339848 1819365.0531 1620286517.122113
987688.62067 1819373.463085 1620286522.759706
987692.032086 1819373.370122 1620286522.36007
987674.508073 1819373.683466 1620286524.358767
987650.742468 1819373.994033 1620286527.159405
987627.108114 1819374.032713 1620286530.209042
987616.226318 1819370.872532 1620286531.659308
987617.638764 1819371.591229 1620286531.459333
987605.736837 1819363.222764 1620286533.309221
987599.858813 1819357.738115 1620286534.309444
987601.017167 1819358.869311 1620286534.118511
987589.213227 1819347.373316 1620286536.16005
987544.841695 1819331.867602 1620286543.808777
987539.110554 1819329.650985 1620286544.808445
987537.05828 1819328.237357 1620286545.209127
987530.697976 1819312.901081 1620286547.859076
987530.690096 1819314.273585 1620286547.658273
987530.648193 1819299.487515 1620286549.709182
987530.48558 1819296.387581 1620286550.116214
987530.030084 1819286.779172 1620286551.309715
987529.776138 1819278.839706 1620286552.309149
987529.620513 1819272.088459 1620286553.308998
987529.577772 1819265.611368 1620286554.758446
987529.559966 1819264.113917 1620286555.809942
987529.487567 1819263.51483 1620286556.809901
987529.536838 1819263.833738 1620286556.209028
987529.574719 1819263.385808 1620286558.259177
987529.90376 1819263.330001 1620286559.259044
987530.076853 1819263.270781 1620286560.309291
987530.180972 1819262.909276 1620286561.310311
987530.331133 1819262.199437 1620286562.309101
987530.89019 1819261.072036 1620286563.310044
987531.345677 1819260.419663 1620286563.708463
987535.646594 1819257.862299 1620286565.358999
987538.751338 1819257.322657 1620286566.159109
987552.589653 1819257.349221 1620286568.808678
987558.782218 1819257.364003 1620286569.808625
987561.378396 1819257.359894 1620286570.209805
987565.444365 1819257.336896 1620286570.810617
987605.745774 1819261.311593 1620286576.25921
987610.808197 1819262.187248 1620286576.910386
987616.968964 1819263.142408 1620286577.709274
987629.741477 1819264.282561 1620286579.36016
987637.852582 1819264.647627 1620286580.359121
987646.2297 1819264.939243 1620286581.358406
987654.689418 1819265.191068 1620286582.358391
987662.960124 1819265.390826 1620286583.35906
987671.227928 1819265.456267 1620286584.359156
987674.532169 1819265.397819 1620286584.759728
987690.569141 1819264.165945 1620286586.759828
987695.358774 1819263.669687 1620286587.359648
987698.527961 1819263.364528 1620286587.759838
987720.417668 1819262.100134 1620286590.808397
987726.31684 1819261.011986 1620286591.809671
987731.835796 1819258.499136 1620286592.809692
987752.303702 1819240.219865 1620286596.459093
987758.602218 1819233.941046 1620286597.458205
987756.074311 1819236.485029 1620286597.058323
987770.411168 1819222.021645 1620286599.308275
987778.413641 1819214.123803 1620286600.557876
987793.037281 1819199.941025 1620286602.808472
987790.433926 1819202.435809 1620286602.409628
987806.327326 1819187.124276 1620286604.859351
987808.863468 1819184.559417 1620286605.258556
987818.500177 1819173.857247 1620286606.859209
987824.118135 1819166.936515 1620286607.859424
987829.863559 1819160.169852 1620286608.859529
987835.810553 1819153.73426 1620286609.858696
987841.764752 1819147.475298 1620286610.909393
987843.641625 1819145.327219 1620286611.309728
987847.011087 1819140.016025 1620286612.308562
987846.734532 1819130.962626 1620286613.90949
987845.589849 1819128.922155 1620286614.309177
987843.222838 1819125.978684 1620286614.909308
987835.39219 1819119.062136 1620286616.359341
987836.60681 1819120.051233 1620286616.159924
987811.568615 1819101.857536 1620286619.809943
987814.500267 1819103.907105 1620286619.408539
987796.404369 1819091.344969 1620286621.858227
987789.170652 1819086.396179 1620286622.909187
987782.03564 1819081.442206 1620286623.910065
987779.173025 1819079.448274 1620286624.308936
987766.808354 1819070.793598 1620286626.359143
987765.795958 1819070.08807 1620286626.559855
987753.636713 1819048.160121 1620286632.808689
987752.753373 1819050.528113 1620286632.409284
987763.595348 1819037.624763 1620286634.859029
987769.39352 1819032.923462 1620286635.85908
987775.032941 1819028.255587 1620286636.858872
987780.639289 1819023.319918 1620286637.858239
987777.224719 1819026.339914 1620286637.25886
987793.234802 1819012.40508 1620286639.858953
987795.929882 1819010.077443 1620286640.258884
987802.714462 1819004.047259 1620286641.259346
987806.867893 1819000.411034 1620286641.858887
987814.362344 1818994.298189 1620286642.908273
987853.713522 1818970.251599 1620286647.958394
987855.394263 1818969.429303 1620286648.159612
987907.625466 1818950.063817 1620286654.809515
987910.410259 1818948.644295 1620286655.409038
987909.532747 1818949.178667 1620286655.209696
987915.566948 1818937.497175 1620286657.859003
987915.986141 1818931.787643 1620286658.858106
987916.426278 1818925.367406 1620286659.861449
987917.087842 1818918.693913 1620286660.859016
987918.412902 1818911.974213 1620286661.858796
987917.50799 1818916.013748 1620286661.25903
987925.046496 1818898.141631 1620286663.909287
987926.863003 1818895.423514 1620286664.308983
987931.471026 1818888.569078 1620286665.308881
987937.736243 1818879.137496 1620286666.708958
987940.41033 1818875.08416 1620286667.308927
987944.887248 1818868.296745 1620286668.30889
987949.343844 1818861.503467 1620286669.308973
987953.800218 1818854.584211 1620286670.308906
987960.283788 1818844.510354 1620286671.709096
987963.094463 1818840.110881 1620286672.308902
987964.959662 1818837.217249 1620286672.708913
987966.793094 1818834.367254 1620286673.118266
987976.892393 1818819.037678 1620286675.3586
987982.188008 1818810.673052 1620286676.6117
987985.475404 1818805.481658 1620286677.408377
987991.600503 1818796.369845 1620286678.857969
987996.622553 1818791.21786 1620286679.85881
988002.421656 1818787.446023 1620286680.858829
988004.79769 1818786.322838 1620286681.258781
988011.434423 1818783.884489 1620286682.308914
988044.792903 1818775.30757 1620286687.358274
988052.815849 1818773.320712 1620286688.811189
988050.836376 1818773.761291 1620286688.409327
988062.317159 1818773.267481 1620286690.858891
988064.399633 1818773.816327 1620286691.259009
988081.894584 1818783.480434 1620286694.309201
988092.368743 1818790.084163 1620286695.959054
988094.962857 1818791.752623 1620286696.359469
988103.995969 1818797.69272 1620286697.809203
988110.327824 1818801.839492 1620286698.857296
988116.171195 1818805.735794 1620286699.858225
988113.861692 1818804.203801 1620286699.459026
988127.414954 1818813.016282 1620286701.909256
988126.346601 1818812.338622 1620286701.70913
988135.209816 1818817.847172 1620286703.359503
988137.319012 1818819.131604 1620286703.783877
988147.59378 1818825.458487 1620286705.857814
988150.099135 1818827.059725 1620286706.458978
988149.295559 1818826.541278 1620286706.258943
988156.311087 1818831.128734 1620286708.909941
988156.635616 1818831.350529 1620286709.308876
988156.745081 1818831.424207 1620286709.509102
988156.882921 1818831.516007 1620286711.759262
988156.879973 1818831.520972 1620286711.558433
988156.878302 1818831.521282 1620286714.808502
