353400.174202 4026183.508013 1620285959.960219
353400.171867 4026183.506674 1620285960.312624
353400.173879 4026183.504971 1620285962.460597
353411.501984 4026191.651341 1620285969.509547
353414.131787 4026193.910025 1620285970.509585
353413.738267 4026193.560546 1620285970.360723
353416.594212 4026196.171476 1620285971.459435
353423.742561 4026203.692016 1620285974.008771
353427.558559 4026207.602601 1620285975.2101
353430.290477 4026210.118934 1620285976.119788
353443.158265 4026210.778899 1620285980.560238
353442.65165 4026211.348667 1620285980.360061
353445.015828 4026208.104141 1620285981.359288
353447.772265 4026203.509818 1620285982.458736
353452.865698 4026195.305483 1620285984.008912
353453.606333 4026194.131958 1620285984.209806
353458.451512 4026186.393833 1620285985.459671
353467.385018 4026172.299639 1620285987.509815
353471.644135 4026165.766056 1620285988.410028
353470.683248 4026167.232541 1620285988.209047
353479.224422 4026154.085908 1620285989.959166
353479.971122 4026152.932232 1620285990.118961
353499.21903 4026122.492186 1620285994.059581
353499.928968 4026121.361702 1620285994.208604
353509.130451 4026106.971619 1620285996.309628
353509.718328 4026106.09597 1620285996.459422
353524.05007 4026082.538937 1620286000.359974
353524.712311 4026081.307135 1620286000.559617
353530.587805 4026068.159459 1620286002.660269
353535.917635 4026040.637642 1620286006.060492
353535.650752 4026031.64429 1620286007.116939
353534.440098 4026021.813104 1620286008.259475
353532.672639 4026014.355792 1620286009.11794
353532.154839 4026012.592053 1620286009.30937
353529.662708 4026005.572462 1620286010.117246
353520.767122 4025989.026725 1620286012.117396
353515.111337 4025981.323856 1620286013.117502
353513.880974 4025979.855839 1620286013.309679
353500.068289 4025966.122262 1620286015.360302
353498.6169 4025965.05488 1620286015.559071
353494.072795 4025961.902407 1620286016.208529
353476.015853 4025959.365007 1620286020.610645
353475.565294 4025959.895177 1620286020.809525
353471.977498 4025967.683809 1620286022.859558
353471.674482 4025968.57334 1620286023.059441
353471.42507 4025969.253878 1620286023.210106
353466.44065 4025978.554406 1620286025.310255
353466.06138 4025979.17855 1620286025.459343
353459.61864 4025988.514209 1620286027.559322
353456.128391 4025992.161903 1620286028.358829
353450.927051 4025998.201645 1620286029.558744
353451.541435 4025997.409346 1620286029.409446
353445.703873 4026006.215939 1620286030.959969
353443.681287 4026009.547189 1620286031.509206
353437.248006 4026019.926849 1620286033.160159
353429.210768 4026038.281145 1620286036.709247
353431.465193 4026042.953084 1620286037.90944
353430.927312 4026042.262446 1620286037.709399
353439.56488 4026049.067207 1620286039.760107
353453.702214 4026057.56702 1620286042.009711
353455.568744 4026058.731934 1620286042.309391
353463.253767 4026063.519738 1620286043.559653
353482.553083 4026075.348266 1620286046.659232
353483.531378 4026075.917794 1620286046.809447
353489.164318 4026079.112577 1620286047.659319
353498.956729 4026084.568705 1620286049.209489
353500.049366 4026085.186051 1620286049.409507
353510.964134 4026091.170991 1620286052.459367
353513.310046 4026091.840418 1620286053.30973
353512.845818 4026091.764839 1620286053.159106
353521.254928 4026088.302455 1620286055.410065
353520.514823 4026089.070032 1620286055.209485
353530.974884 4026067.613793 1620286058.810012
353533.238648 4026060.445652 1620286059.8102
353533.64233 4026058.945086 1620286060.009444
353536.081749 4026044.364748 1620286061.808467
353535.27256 4026051.051526 1620286061.009624
353533.636825 4026017.899038 1620286064.808323
353530.709682 4026008.54104 1620286065.859269
353532.795855 4026014.759731 1620286065.159962
353522.746601 4025991.685429 1620286067.809559
353520.925118 4025988.808149 1620286068.15995
353516.052929 4025982.040262 1620286069.009452
353504.09406 4025969.204006 1620286070.809447
353501.571863 4025967.000003 1620286071.15915
353487.459434 4025957.434606 1620286072.910212
353479.000346 4025952.165724 1620286073.910294
353477.709696 4025951.377269 1620286074.05965
353468.932731 4025945.96029 1620286075.059333
353460.119202 4025940.325752 1620286076.059466
353458.346732 4025939.18832 1620286076.259347
353447.623217 4025932.310681 1620286077.45938
353409.289232 4025908.240509 1620286081.909797
353405.303811 4025905.809917 1620286082.409728
353396.301435 4025900.223732 1620286083.610343
353397.713145 4025901.113334 1620286083.409324
353387.437356 4025894.629328 1620286084.95992
353380.426134 4025890.26078 1620286086.059435
353379.105857 4025889.440873 1620286086.259405
353365.226544 4025880.841293 1620286088.30934
353364.011262 4025880.059279 1620286088.510511
353353.076916 4025873.005475 1620286090.409362
353344.584262 4025867.551638 1620286091.759397
353337.209165 4025862.856603 1620286092.809659
353335.779301 4025861.947815 1620286093.008492
353253.87548 4025831.878698 1620286103.910424
353245.01675 4025831.547945 1620286104.910542
353236.506349 4025830.847895 1620286105.909437
353234.847365 4025830.65845 1620286106.115703
353233.606408 4025830.511464 1620286106.259339
353215.627758 4025826.27284 1620286108.509743
353207.866356 4025823.01945 1620286109.610609
353209.209956 4025823.643643 1620286109.408957
353200.619778 4025819.406721 1620286110.759252
353188.480525 4025812.236049 1620286113.008512
353187.686466 4025811.728223 1620286113.159246
353164.234475 4025795.9437 1620286116.959078
353165.439953 4025796.867977 1620286116.759884
353153.354029 4025786.086247 1620286119.009706
353152.615351 4025785.304237 1620286119.15904
353147.688641 4025779.608636 1620286120.159011
353142.907618 4025772.898874 1620286121.160189
353138.36883 4025765.298944 1620286122.160141
353134.169419 4025757.623086 1620286123.160016
353130.099912 4025750.348291 1620286124.159935
353125.097081 4025742.802929 1620286125.310052
353121.117039 4025737.816569 1620286126.160141
353116.197539 4025732.666103 1620286127.160751
353115.137376 4025731.67791 1620286127.362051
353110.252556 4025727.646249 1620286128.209556
353096.54402 4025718.346411 1620286130.259184
353086.565589 4025712.077442 1620286131.659377
353085.155278 4025711.188016 1620286131.859546
353071.534816 4025702.385339 1620286133.910101
353070.337494 4025701.615266 1620286134.119547
353069.41855 4025701.016113 1620286134.259638
353055.91495 4025692.342093 1620286136.359083
353057.285366 4025693.221759 1620286136.159065
353041.741381 4025684.173017 1620286138.61111
353036.492298 4025683.820604 1620286139.611144
353037.24815 4025683.719788 1620286139.458476
353027.945109 4025689.991538 1620286141.859187
353026.127334 4025694.380705 1620286142.859298
353026.574374 4025698.710807 1620286143.859274
353028.958458 4025702.40015 1620286144.859176
353033.284451 4025705.74785 1620286145.859162
353037.325459 4025708.66358 1620286146.659359
353038.380958 4025709.434213 1620286146.859353
353039.187768 4025710.007293 1620286147.009772
353073.765459 4025724.060824 1620286152.910082
353074.991178 4025723.880543 1620286153.119643
353086.95275 4025719.526175 1620286157.359774
353087.62241 4025717.639884 1620286158.359562
353086.37381 4025713.493323 1620286159.61013
353083.155263 4025710.658385 1620286160.458276
353076.779451 4025706.768742 1620286161.610323
353070.487716 4025702.953819 1620286162.610149
353063.958172 4025698.343114 1620286163.611178
353062.633859 4025697.28025 1620286163.817893
353033.263125 4025678.41719 1620286167.708895
353026.667291 4025674.24818 1620286168.559466
353021.15809 4025670.75034 1620286169.259238
353019.574936 4025669.737513 1620286169.459573
352992.192389 4025652.421359 1620286172.85961
352988.364462 4025649.972518 1620286173.359946
352986.883694 4025649.01849 1620286173.559112
352946.909252 4025623.842109 1620286179.458954
352945.96042 4025623.245616 1620286179.610555
352940.303887 4025619.525753 1620286180.460041
352927.708185 4025608.388136 1620286182.509074
352928.543784 4025609.35718 1620286182.359417
352909.141162 4025583.077839 1620286185.959306
352908.164809 4025582.062665 1620286186.119327
352826.339531 4025528.320611 1620286196.858843
352824.510938 4025527.653723 1620286197.209532
352816.011967 4025527.968157 1620286199.117141
352811.442831 4025531.469331 1620286200.610261
352809.521637 4025534.047018 1620286201.459284
352809.198518 4025534.532013 1620286201.610241
352807.52317 4025537.099941 1620286202.309023
352798.837244 4025550.338111 1620286204.710045
352792.958227 4025559.29813 1620286205.959355
352787.816207 4025566.973834 1620286206.959019
352782.543657 4025574.695886 1620286207.959349
352777.699684 4025581.75889 1620286208.958898
352773.992007 4025587.257438 1620286209.959906
352777.06179 4025582.682619 1620286209.11932
352773.501387 4025587.992275 1620286210.119167
352764.869984 4025600.957695 1620286212.859081
352758.582195 4025611.001329 1620286214.610234
352754.779676 4025617.642047 1620286215.611316
352751.351404 4025624.003986 1620286216.611534
352748.78743 4025628.967513 1620286217.610804
352746.590176 4025633.511292 1620286218.610828
352744.101508 4025638.518604 1620286219.610075
352741.390551 4025643.90212 1620286220.659203
352741.912271 4025642.855513 1620286220.45919
352735.448046 4025655.689321 1620286222.709967
352731.03132 4025664.367584 1620286223.959864
352730.466345 4025665.483055 1620286224.11643
352726.550833 4025673.228163 1620286225.117371
352722.420318 4025681.35801 1620286226.117539
352718.029429 4025690.086244 1620286227.159657
352713.814211 4025698.54368 1620286228.159618
352709.826068 4025706.558229 1620286229.117416
352705.397386 4025715.526132 1620286230.159196
352701.146518 4025723.999932 1620286231.158875
352696.967943 4025732.260476 1620286232.159666
352692.793422 4025740.576493 1620286233.159593
352689.478252 4025747.116563 1620286233.958983
352684.736747 4025756.577661 1620286235.159325
352684.157895 4025757.729862 1620286235.310825
352677.221258 4025771.229144 1620286237.358964
352676.69727 4025772.278257 1620286237.559353
352675.37815 4025774.88517 1620286238.059268
352674.723213 4025790.393246 1620286241.612774
352678.254336 4025792.990388 1620286242.660589
352682.860375 4025793.033149 1620286243.911032
352682.166336 4025793.253433 1620286243.709183
352697.247924 4025772.044993 1620286248.959089
352697.58977 4025770.8998 1620286249.159546
352718.870644 4025736.648616 1620286255.910836
352720.622735 4025734.120256 1620286256.409489
352719.919408 4025735.127611 1620286256.209673
352727.471011 4025724.177354 1620286258.310584
352740.671611 4025704.219988 1620286261.910903
352739.96514 4025705.299525 1620286261.709207
352741.185853 4025703.42531 1620286262.060972
352746.837996 4025694.63072 1620286263.80929
352750.752137 4025687.923134 1620286265.558606
352751.129993 4025680.386535 1620286268.459009
352750.764536 4025679.892818 1620286268.658833
352748.994687 4025678.134571 1620286269.359322
352728.785993 4025671.388055 1620286274.910091
352729.405442 4025670.973234 1620286274.710683
352723.116768 4025680.031034 1620286276.959346
352722.532176 4025681.177623 1620286277.159309
352722.057122 4025682.059071 1620286277.309662
352715.183176 4025695.747104 1620286279.409433
352715.881521 4025694.33431 1620286279.208847
352677.763146 4025769.923202 1620286289.659708
352678.156993 4025769.183677 1620286289.508864
352672.877582 4025779.238841 1620286291.710516
352669.4999 4025785.596782 1620286292.95911
352660.800442 4025802.884095 1620286295.860688
352660.041911 4025804.44068 1620286296.159276
352659.538538 4025805.441346 1620286296.359303
352657.023326 4025810.353302 1620286297.361193
352652.604521 4025818.696581 1620286299.010267
352649.120796 4025825.374509 1620286300.160287
352646.047206 4025831.512755 1620286301.160534
352642.650375 4025838.274461 1620286302.358959
352639.90252 4025843.950848 1620286303.510676
352631.646348 4025860.269613 1620286306.408851
352627.870911 4025867.839619 1620286307.510741
352627.34539 4025868.875013 1620286307.659544
352618.64731 4025885.544104 1620286309.910501
352614.467153 4025893.77495 1620286310.910315
352610.188227 4025902.254643 1620286311.910447
352605.375906 4025911.765653 1620286313.008983
352604.714316 4025913.049073 1620286313.159557
352601.074305 4025920.194033 1620286314.008955
352600.463437 4025921.368138 1620286314.158806
352589.506897 4025943.08225 1620286317.409272
352586.519973 4025949.151214 1620286318.258719
352581.156142 4025959.788471 1620286319.610912
352577.697974 4025966.523105 1620286320.409678
352573.946693 4025973.908835 1620286321.258058
352566.680719 4025987.968877 1620286322.808894
352562.817987 4025995.552518 1620286323.659867
352557.887158 4026005.233153 1620286324.958508
352554.560641 4026011.954139 1620286325.960248
352557.482293 4026006.262823 1620286325.11898
352547.109179 4026026.450812 1620286327.959195
352550.437763 4026019.960296 1620286327.119991
352545.874905 4026028.870074 1620286328.259659
352533.92076 4026052.088702 1620286330.960458
352537.716784 4026044.707061 1620286330.118775
352519.992382 4026079.677935 1620286334.158664
352515.491364 4026088.606319 1620286335.159858
352510.748271 4026098.035455 1620286336.259848
352506.467886 4026106.480549 1620286337.409049
352502.906859 4026113.542626 1620286338.409261
352503.454569 4026112.472138 1620286338.259087
352493.917843 4026131.498955 1620286340.659119
352489.290825 4026140.802089 1620286341.709884
352485.843375 4026147.611423 1620286342.509238
352481.585308 4026155.954446 1620286343.709106
352478.942589 4026161.085921 1620286344.50979
352477.782211 4026163.319391 1620286344.858779
352456.170357 4026214.387786 1620286351.910439
352456.493666 4026212.929482 1620286351.75923
352454.197694 4026225.266909 1620286353.009109
352452.77694 4026236.910019 1620286354.208955
352452.654412 4026238.323949 1620286354.360307
352451.77743 4026254.612501 1620286356.409266
352451.753738 4026256.118152 1620286356.611599
352451.83661 4026279.971248 1620286359.659066
352452.028309 4026287.042822 1620286360.509646
352451.986055 4026285.812875 1620286360.359162
352452.472293 4026305.254313 1620286362.95962
352452.691309 4026312.708048 1620286363.958363
352452.658381 4026311.156481 1620286363.760073
352452.726715 4026313.87028 1620286364.118975
352453.114239 4026330.659247 1620286366.159149
352453.424842 4026339.715286 1620286367.209086
352454.454793 4026375.306206 1620286371.309825
352454.429197 4026373.668668 1620286371.118568
352458.454987 4026397.204205 1620286374.509825
352458.862311 4026398.242569 1620286374.709759
352465.356118 4026404.772173 1620286376.758341
352471.979765 4026405.234763 1620286377.959342
352479.118274 4026404.978855 1620286378.960334
352480.272626 4026404.933534 1620286379.119762
352494.988989 4026404.338713 1620286380.859053
352498.16855 4026404.264813 1620286381.209486
352496.347237 4026404.307046 1620286381.008908
352516.9667 4026403.720801 1620286383.258455
352526.189863 4026403.564264 1620286384.45979
352531.592914 4026403.545167 1620286385.25863
352538.788816 4026403.414226 1620286386.259048
352540.333126 4026403.371317 1620286386.459763
352553.826549 4026403.48266 1620286388.258711
352559.310364 4026404.050644 1620286389.25938
352564.010608 4026404.761683 1620286390.259781
352569.868475 4026405.796814 1620286391.258576
352576.993297 4026407.430016 1620286392.259399
352586.138349 4026409.879665 1620286393.458664
352594.159928 4026412.415658 1620286394.458684
352602.365855 4026415.271953 1620286395.510577
352619.143955 4026427.529938 1620286398.710074
352618.73188 4026426.969175 1620286398.558697
352621.976339 4026435.643976 1620286400.759249
352621.973666 4026436.626306 1620286400.960255
352580.466451 4026488.428844 1620286409.208536
352581.381827 4026486.821507 1620286409.008658
352572.319699 4026507.808435 1620286411.459294
352568.890291 4026516.759 1620286412.459432
352569.430802 4026515.419176 1620286412.309486
352566.593176 4026522.681032 1620286413.119593
352553.115832 4026566.789595 1620286417.708927
352552.492253 4026570.411021 1620286418.058774
352550.244708 4026588.153175 1620286419.809036
352550.554318 4026584.6779 1620286419.458972
352550.208133 4026609.646972 1620286422.209062
352552.006026 4026616.541305 1620286423.20864
352555.918146 4026621.507909 1620286424.208991
352563.912701 4026624.431293 1620286425.610381
352571.166399 4026624.457576 1620286426.659426
352579.069494 4026624.233772 1620286427.659307
352584.462848 4026624.078814 1620286428.309563
352590.442804 4026623.937996 1620286429.059293
352601.034037 4026623.626102 1620286430.408611
352618.44779 4026623.510308 1620286432.808651
352613.686508 4026623.493072 1620286432.119004
352627.673385 4026623.536986 1620286434.208599
352638.443904 4026623.472067 1620286435.959894
352640.403051 4026623.446758 1620286436.309452
352641.955555 4026623.422583 1620286436.611609
352644.915296 4026623.366414 1620286437.309047
352649.820401 4026623.28122 1620286439.059602
352688.019184 4026621.545862 1620286447.80895
352694.107074 4026621.306986 1620286448.808143
352689.886168 4026621.419972 1620286448.118223
352700.829704 4026621.185904 1620286449.909948
352702.998229 4026621.155173 1620286450.258835
352723.503536 4026620.92218 1620286453.309515
352725.887962 4026620.893294 1620286453.659464
352741.705039 4026620.720165 1620286456.059601
352747.80037 4026620.601455 1620286457.059319
352755.899562 4026620.348649 1620286458.408527
352763.820294 4026620.077237 1620286459.808619
352768.750803 4026620.001799 1620286460.808614
352770.276224 4026620.009513 1620286461.158909
352774.698075 4026619.998677 1620286462.859192
352774.361987 4026619.995309 1620286462.559339
352775.141035 4026620.03587 1620286464.309501
352775.173091 4026620.023816 1620286465.308564
352775.197907 4026619.893189 1620286466.309432
352775.210428 4026619.877694 1620286467.30966
352775.454888 4026619.877046 1620286468.31037
352776.284269 4026619.873409 1620286469.309227
352776.698404 4026619.879277 1620286469.657528
352777.656054 4026619.911563 1620286470.358235
352782.92291 4026620.216804 1620286472.709357
352785.33224 4026620.214646 1620286473.409868
352795.428667 4026620.534685 1620286475.808641
352797.135698 4026620.54838 1620286476.159941
352802.603706 4026620.431679 1620286477.208165
352808.305644 4026620.119132 1620286478.208651
352810.410735 4026620.002862 1620286478.558892
352821.795596 4026619.631898 1620286480.308656
352830.782061 4026619.930211 1620286481.610777
352840.005839 4026620.775117 1620286482.959967
352844.484994 4026621.375728 1620286483.609023
352849.435144 4026622.082157 1620286484.309081
352856.738646 4026623.115236 1620286485.309692
352854.52598 4026622.805034 1620286485.008994
352869.491987 4026624.838897 1620286487.057592
352899.037065 4026625.975564 1620286491.158665
352904.442652 4026625.702897 1620286491.859086
352915.560256 4026624.991089 1620286493.257968
352923.724955 4026624.485598 1620286494.257725
352929.081161 4026624.196587 1620286494.909576
352931.941784 4026624.056159 1620286495.259895
352957.639146 4026622.403459 1620286498.658623
352961.936195 4026622.0938 1620286499.309717
352965.921835 4026622.006177 1620286500.00897
352972.442013 4026624.118728 1620286501.408505
352976.429046 4026629.757925 1620286502.80852
352977.099115 4026635.25729 1620286503.808534
352976.835089 4026631.581781 1620286503.158931
352977.182452 4026637.673773 1620286504.209982
352977.52912 4026651.775399 1620286506.259382
352977.694859 4026659.641314 1620286507.309722
352977.767226 4026662.324819 1620286507.65956
352978.113903 4026675.9255 1620286509.408775
352978.247419 4026683.706985 1620286510.409105
352978.211682 4026681.385572 1620286510.113868
352978.448485 4026701.991392 1620286512.858557
352978.476873 4026696.852 1620286512.158646
352978.302682 4026714.02814 1620286514.609875
352978.047316 4026719.294841 1620286515.659645
352977.521573 4026721.943605 1620286516.30942
352975.852077 4026725.892219 1620286517.360075
352976.542931 4026724.664283 1620286517.009845
352942.195664 4026733.973832 1620286522.710577
352944.753328 4026733.864469 1620286522.408288
352926.772762 4026734.453741 1620286524.459275
352904.29924 4026735.094546 1620286527.125124
352880.644418 4026735.543249 1620286530.158423
352869.680836 4026732.7024 1620286531.609036
352872.54367 4026733.95274 1620286531.208809
352858.711075 4026725.035817 1620286533.309221
352852.449885 4026719.363881 1620286534.359535
352854.519941 4026721.306394 1620286534.00877
352842.49675 4026709.972213 1620286536.059254
352797.017694 4026694.559107 1620286543.858487
352791.284435 4026692.33859 1620286544.858387
352789.479158 4026691.113377 1620286545.209127
352782.877113 4026675.18176 1620286547.959175
352782.923452 4026677.923625 1620286547.559152
352782.644123 4026662.840601 1620286549.65907
352782.465415 4026660.14394 1620286550.008936
352781.805436 4026649.758765 1620286551.309715
352781.412604 4026641.449978 1620286552.359722
352781.15579 4026634.770922 1620286553.359774
352781.023964 4026628.595084 1620286554.758446
352780.979514 4026627.057959 1620286555.858124
352780.896036 4026626.475081 1620286556.85917
352780.95913 4026626.848114 1620286556.160065
352780.986309 4026626.369266 1620286558.259177
352781.314528 4026626.308336 1620286559.259044
352781.491563 4026626.23601 1620286560.359181
352781.58954 4026625.851937 1620286561.358979
352781.740283 4026625.125284 1620286562.359167
352782.310972 4026623.957959 1620286563.360188
352782.711396 4026623.37518 1620286563.708463
352787.149422 4026620.699289 1620286565.40889
352789.859123 4026620.186912 1620286566.123649
352804.21174 4026619.972981 1620286568.859102
352810.42412 4026619.887509 1620286569.859004
352812.700671 4026619.848071 1620286570.209805
352817.112379 4026619.753813 1620286570.860113
352857.135577 4026623.11053 1620286576.25921
352862.212309 4026623.907599 1620286576.910386
352867.621366 4026624.673259 1620286577.610601
352881.180762 4026625.708843 1620286579.36016
352889.298655 4026625.947855 1620286580.359121
352897.681455 4026626.109271 1620286581.358406
352906.146247 4026626.229607 1620286582.358391
352914.421192 4026626.300807 1620286583.35906
352922.691147 4026626.237717 1620286584.359156
352925.583613 4026626.145704 1620286584.70934
352941.615872 4026624.694127 1620286586.708619
352946.797521 4026624.075729 1620286587.359648
352949.56771 4026623.763201 1620286587.708638
352971.524893 4026622.151781 1620286590.759911
352977.718505 4026620.936358 1620286591.809671
352983.199148 4026618.337361 1620286592.809692
353003.998187 4026599.113291 1620286596.559706
353010.208061 4026592.70942 1620286597.558586
353008.034968 4026594.97851 1620286597.209716
353021.21268 4026581.255154 1620286599.308275
353030.039591 4026572.271448 1620286600.71016
353043.4986 4026558.819754 1620286602.808472
353041.255381 4026561.037733 1620286602.459126
353056.591201 4026545.794637 1620286604.859351
353058.777737 4026543.518235 1620286605.209178
353068.559455 4026532.336549 1620286606.859209
353074.070585 4026525.327532 1620286607.859424
353079.711594 4026518.470623 1620286608.859529
353085.559347 4026511.941698 1620286609.858696
353091.660842 4026505.309341 1620286610.959572
353093.260786 4026503.411763 1620286611.309728
353096.548137 4026498.047461 1620286612.308562
353096.000931 4026488.7383 1620286613.959504
353094.954233 4026486.974173 1620286614.309177
353092.309889 4026483.831295 1620286614.959724
353084.29461 4026477.03067 1620286616.409365
353086.434418 4026478.729099 1620286616.059477
353060.507594 4026460.434775 1620286619.809943
353063.101303 4026462.189212 1620286619.459068
353045.177843 4026450.156523 1620286621.858227
353037.508983 4026445.079065 1620286622.959052
353030.288393 4026440.230403 1620286623.959749
353027.759194 4026438.52609 1620286624.308936
353015.258284 4026430.062458 1620286626.359143
353013.272258 4026428.731656 1620286626.759656
353001.601048 4026407.925738 1620286632.759017
353000.972352 4026409.714073 1620286632.459394
353011.529184 4026396.939041 1620286634.859029
353017.538896 4026391.909318 1620286635.909383
353023.071938 4026387.151934 1620286636.910681
353028.649668 4026382.102904 1620286637.908513
353024.71093 4026385.693404 1620286637.210034
353040.780617 4026371.25513 1620286639.858953
353043.109962 4026369.181467 1620286640.209402
353049.793197 4026363.057397 1620286641.209399
353054.574921 4026358.74243 1620286641.909405
353061.98967 4026352.532732 1620286642.959583
353098.11972 4026329.449063 1620286647.659036
353101.447746 4026327.733067 1620286648.057861
353154.217724 4026307.127037 1620286654.809515
353157.193307 4026305.5107 1620286655.458251
353155.653273 4026306.454693 1620286655.11854
353161.964927 4026294.435226 1620286657.859003
353162.295417 4026288.7184 1620286658.858106
353162.635806 4026282.290446 1620286659.861449
353163.193715 4026275.60576 1620286660.859016
353164.501378 4026268.525991 1620286661.909136
353163.518413 4026273.253609 1620286661.209438
353171.051801 4026254.584082 1620286663.959599
353172.608449 4026252.18023 1620286664.308983
353177.110542 4026245.253226 1620286665.308881
353183.012677 4026236.062739 1620286666.657099
353185.84143 4026231.627504 1620286667.308927
353190.213442 4026224.769568 1620286668.30889
353194.565038 4026217.906085 1620286669.308973
353198.914454 4026210.91661 1620286670.308906
353205.012332 4026201.112591 1620286671.658827
353207.984967 4026196.296827 1620286672.308902
353209.57876 4026193.737582 1620286672.658913
353212.487746 4026189.069315 1620286673.309958
353221.667721 4026174.663851 1620286675.408324
353226.013944 4026167.551342 1620286676.459082
353230.030622 4026160.991421 1620286677.459185
353236.040322 4026151.814711 1620286678.909258
353241.025457 4026146.651188 1620286679.909762
353246.795571 4026142.853229 1620286680.909176
353248.857703 4026141.853173 1620286681.258781
353255.457433 4026139.311322 1620286682.308914
353288.996042 4026130.128568 1620286687.409849
353296.680262 4026128.102819 1620286688.811189
353294.959992 4026128.508984 1620286688.458827
353306.435419 4026127.952961 1620286690.909564
353308.273323 4026128.418427 1620286691.259009
353325.920881 4026137.811879 1620286694.309201
353334.85278 4026143.246238 1620286695.708916
353339.443464 4026146.086132 1620286696.408127
353348.2462 4026151.682516 1620286697.809203
353354.944269 4026155.926403 1620286698.908181
353360.838082 4026159.721031 1620286699.909888
353358.801157 4026158.418494 1620286699.559139
353372.176918 4026166.808373 1620286701.959435
353370.558561 4026165.816538 1620286701.658859
353380.0464 4026171.513064 1620286703.409329
353381.643666 4026172.451114 1620286703.70924
353392.061062 4026178.634889 1620286705.809324
353395.014722 4026180.462454 1620286706.508873
353393.578017 4026179.577218 1620286706.158586
353401.088188 4026184.309794 1620286708.909941
353401.342247 4026184.478679 1620286709.208565
353401.568656 4026184.634966 1620286709.611271
353401.666289 4026184.692017 1620286711.658061
353401.663051 4026184.691525 1620286711.30892
353401.666639 4026184.690142 1620286714.709085
