353380.491883 4026173.248764 1620821019.846629
353380.490477 4026173.247847 1620821020.146685
353380.902675 4026173.521382 1620821021.846823
353380.706902 4026173.391648 1620821021.497207
353383.818092 4026175.500919 1620821023.84631
353385.812029 4026176.890479 1620821024.548133
353387.900051 4026178.370064 1620821025.196619
353390.388757 4026180.140026 1620821025.896197
353393.031456 4026181.997267 1620821026.548196
353403.233602 4026188.944731 1620821028.596676
353401.394845 4026187.712753 1620821028.246176
353414.973493 4026197.314171 1620821030.896506
353413.548548 4026196.141198 1620821030.595916
353415.660277 4026197.909797 1620821031.058838
353439.691686 4026213.58021 1620821036.796747
353443.300706 4026210.840213 1620821037.796044
353445.358075 4026208.019849 1620821038.446165
353444.256351 4026209.651405 1620821038.096783
353453.374268 4026194.994893 1620821040.796661
353454.680325 4026192.804205 1620821041.147182
353456.019657 4026190.560517 1620821041.496427
353458.623118 4026186.248858 1620821042.146486
353465.38828 4026175.422486 1620821043.696446
353473.560613 4026162.701465 1620821045.496517
353474.462649 4026161.286668 1620821045.696436
353482.633855 4026148.162852 1620821047.548712
353481.360402 4026150.265242 1620821047.246365
353502.99571 4026115.934471 1620821052.246351
353508.260558 4026107.482814 1620821053.596743
353510.644204 4026103.625703 1620821054.246101
353511.865692 4026101.631967 1620821054.596349
353519.800496 4026089.082391 1620821056.796568
353522.193081 4026085.220659 1620821057.445275
353524.62037 4026080.985692 1620821058.1462
353527.738849 4026074.790382 1620821059.146355
353531.2648 4026066.025647 1620821060.446033
353532.903783 4026061.062216 1620821061.1461
353534.121967 4026056.448253 1620821061.796162
353536.376235 4026041.48983 1620821063.84519
353536.582102 4026036.206081 1620821064.496015
353536.426093 4026030.641757 1620821065.146988
353534.642406 4026018.390336 1620821066.496201
353530.971509 4026006.409722 1620821067.846156
353528.488356 4026000.48262 1620821068.546885
353524.489542 4025992.318723 1620821069.546944
353522.923954 4025989.563163 1620821069.8961
353516.119289 4025979.555959 1620821071.245238
353512.351603 4025975.13172 1620821071.896336
353503.37722 4025966.64974 1620821073.24558
353500.768871 4025964.639808 1620821073.596607
353492.680574 4025959.285155 1620821074.596414
353483.709622 4025954.071299 1620821075.596613
353467.532461 4025944.733699 1620821077.296181
353464.734863 4025942.934861 1620821077.596562
353452.170014 4025934.752718 1620821078.947765
353442.323495 4025928.362694 1620821079.995743
353426.413191 4025918.677836 1620821081.646512
353423.07771 4025916.679587 1620821081.996971
353420.220837 4025914.970842 1620821082.29657
353402.016132 4025903.785991 1620821084.296511
353395.65335 4025899.831653 1620821085.147149
353384.267187 4025892.693387 1620821086.846275
353388.634658 4025895.416637 1620821086.19682
353371.143261 4025884.369711 1620821088.697
353367.429452 4025882.051938 1620821089.19692
353355.772638 4025874.741036 1620821090.895443
353360.383908 4025877.68821 1620821090.196777
353346.55892 4025868.716184 1620821092.246367
353333.963044 4025860.637591 1620821093.947202
353307.367234 4025844.03214 1620821098.445261
353300.644249 4025840.25591 1620821099.296323
353297.674522 4025838.830933 1620821099.64649
353276.74385 4025833.101823 1620821101.845866
353273.150748 4025832.747301 1620821102.196062
353262.650572 4025832.164039 1620821103.196759
353248.416374 4025831.751128 1620821104.54847
353244.801325 4025831.558001 1620821104.896327
353243.267705 4025831.445544 1620821105.058905
353179.747286 4025826.477686 1620821113.596836
353175.247829 4025833.622582 1620821114.59717
353168.752023 4025844.059113 1620821115.94647
353172.164162 4025838.562584 1620821115.245411
353167.265223 4025846.456574 1620821116.245516
353158.249924 4025860.805747 1620821117.99636
353156.662454 4025863.305219 1620821118.296307
353143.252563 4025884.125921 1620821120.846433
353141.435035 4025886.910656 1620821121.195763
353123.120249 4025915.659438 1620821124.896355
353118.402328 4025923.432725 1620821125.896544
353113.76904 4025931.440601 1620821126.896289
353110.819097 4025936.852935 1620821127.548561
353104.891941 4025948.693637 1620821128.896373
353103.379254 4025951.886048 1620821129.24555
353100.586566 4025957.839852 1620821129.896368
353093.207194 4025973.35109 1620821131.596892
353087.447875 4025985.363846 1620821132.947586
353085.97237 4025988.421277 1620821133.296731
353083.07823 4025994.411362 1620821133.996805
353082.464604 4025995.678582 1620821134.146353
353047.958113 4026068.96287 1620821142.846612
353044.070294 4026077.134529 1620821143.846509
353041.430899 4026082.662115 1620821144.548553
353036.524483 4026092.659898 1620821145.846353
353035.148076 4026095.376216 1620821146.197107
353028.408434 4026108.336106 1620821147.846554
353031.1199 4026103.19171 1620821147.196002
353019.72388 4026123.893776 1620821149.84573
353014.998658 4026131.801104 1620821150.89638
353013.402271 4026134.423798 1620821151.246573
353005.495051 4026147.362791 1620821152.946518
353004.066517 4026149.670912 1620821153.246487
352999.233309 4026157.400712 1620821154.245703
352997.520233 4026160.102238 1620821154.596886
352989.512661 4026172.596981 1620821156.246313
352981.346357 4026185.093145 1620821157.956779
352976.508336 4026192.270707 1620821158.946528
352975.050413 4026194.393044 1620821159.24652
352966.633166 4026206.210575 1620821160.946827
352964.096957 4026209.64416 1620821161.445637
352959.714318 4026215.528612 1620821162.297371
352957.865012 4026217.964029 1620821162.646492
352950.554846 4026227.371966 1620821163.997164
352941.108165 4026239.09998 1620821165.696476
352939.383452 4026241.18222 1620821165.997061
352937.368692 4026243.570799 1620821166.346543
352929.52882 4026252.555106 1620821167.696518
352917.107882 4026265.775736 1620821169.896602
352915.070501 4026267.872539 1620821170.246422
352912.980186 4026270.002215 1620821170.596216
352898.166786 4026284.35712 1620821172.896775
352891.431636 4026290.617653 1620821173.896632
352889.041125 4026292.763209 1620821174.245559
352877.742092 4026302.669862 1620821175.946429
352882.012076 4026298.989198 1620821175.296788
352873.241386 4026306.458407 1620821176.646417
352867.483825 4026311.584683 1620821177.69659
352864.295701 4026316.563786 1620821178.70046
352865.629003 4026326.543949 1620821180.548265
352870.425692 4026331.569248 1620821181.59703
352868.56334 4026329.914625 1620821181.246481
352886.806313 4026342.07339 1620821183.947773
352894.862247 4026346.636539 1620821184.947412
352889.591977 4026343.65371 1620821184.29691
352906.067211 4026352.905402 1620821186.296711
352908.609824 4026354.345497 1620821186.596132
352923.198001 4026362.712362 1620821188.347014
352925.540678 4026364.084702 1620821188.645546
352930.652808 4026367.133862 1620821189.346559
352944.501371 4026375.665355 1620821191.346477
352951.33743 4026379.893148 1620821192.346546
352955.60027 4026382.52219 1620821192.999269
352966.116445 4026388.992623 1620821194.697095
352971.191795 4026392.135999 1620821195.548347
352975.954033 4026395.053433 1620821196.346539
352988.475059 4026401.55355 1620821198.397825
352997.579645 4026402.869464 1620821199.747197
352995.125579 4026402.867874 1620821199.395822
353009.937558 4026398.637066 1620821201.549022
353016.375767 4026393.486611 1620821202.596909
353024.096966 4026386.56121 1620821203.947623
353020.166202 4026390.140523 1620821203.245512
353031.784185 4026379.434203 1620821205.29644
353040.470662 4026371.586532 1620821206.646626
353042.88067 4026369.443121 1620821206.99697
353047.88149 4026365.007434 1620821207.696561
353050.459184 4026362.744703 1620821208.059096
353068.566412 4026347.848809 1620821210.346638
353082.00473 4026338.500888 1620821211.896591
353089.822149 4026333.89181 1620821212.748213
353094.568692 4026331.366018 1620821213.245891
353100.838773 4026328.327591 1620821213.896608
353114.117866 4026323.029069 1620821215.245741
353127.687698 4026318.652782 1620821216.597146
353134.15303 4026316.844585 1620821217.246588
353157.423023 4026312.102822 1620821219.946805
353160.012124 4026311.733269 1620821220.296766
353162.328047 4026311.429975 1620821220.597159
353176.290129 4026310.15552 1620821222.296816
353182.74693 4026309.694125 1620821222.997079
353192.384518 4026309.347916 1620821223.996723
353195.796862 4026309.346541 1620821224.346477
353216.089634 4026310.663521 1620821226.397282
353219.06104 4026311.001321 1620821226.696801
353240.174579 4026314.678967 1620821228.896809
353249.838163 4026316.990917 1620821229.946517
353258.846435 4026319.709216 1620821230.946849
353261.910687 4026320.782501 1620821231.297061
353272.972249 4026325.328784 1620821232.59621
353278.925785 4026328.156638 1620821233.298977
353293.157593 4026336.238311 1620821234.997277
353301.351199 4026341.409219 1620821235.996687
353304.178587 4026343.168323 1620821236.346434
353312.240631 4026347.725903 1620821237.347592
353320.622213 4026351.328003 1620821238.346706
353326.190402 4026353.061016 1620821238.99699
353340.758025 4026354.060904 1620821240.696795
353337.828986 4026354.318577 1620821240.3468
353350.137744 4026351.117688 1620821241.997238
353359.178432 4026343.563822 1620821243.696831
353357.583581 4026345.41584 1620821243.346948
353365.015523 4026335.097465 1620821245.058118
353366.310276 4026333.00794 1620821245.346762
353373.721993 4026321.187289 1620821247.057164
353376.975577 4026316.123473 1620821247.74718
353378.400565 4026313.912444 1620821248.058022
353397.01723 4026284.744732 1620821251.947847
353401.619054 4026277.110705 1620821252.946899
353403.232402 4026274.416847 1620821253.296872
353407.842058 4026266.680295 1620821254.297788
353408.541679 4026265.520622 1620821254.445942
353417.672368 4026252.123425 1620821256.347035
353420.33668 4026247.815799 1620821256.997112
353423.17474 4026243.342599 1620821257.696663
353432.346158 4026228.677123 1620821259.896802
353433.004212 4026227.626518 1620821260.057728
353452.205498 4026196.608952 1620821264.74914
353454.166686 4026193.472717 1620821265.24665
353458.505214 4026186.569524 1620821266.296834
353462.010187 4026180.938902 1620821267.096694
353467.519319 4026172.15058 1620821268.296737
353480.118741 4026152.496591 1620821270.996221
353482.469969 4026148.931483 1620821271.496888
353487.921453 4026140.608933 1620821272.645722
353494.260072 4026130.874744 1620821273.996824
353498.865705 4026123.70714 1620821274.996383
353501.804203 4026119.13371 1620821275.646682
353504.843336 4026114.33795 1620821276.34661
353508.908671 4026107.774852 1620821277.346613
353512.913009 4026101.335007 1620821278.397475
353515.332631 4026097.448427 1620821279.058026
353519.355077 4026090.907731 1620821280.099272
353523.208374 4026084.513329 1620821281.096928
353527.333232 4026076.90964 1620821282.296128
353531.145826 4026067.899386 1620821283.646803
353532.862661 4026062.851399 1620821284.346817
353535.287123 4026052.231311 1620821285.696886
353536.02903 4026046.786027 1620821286.346639
353536.609977 4026035.115533 1620821287.696645
353535.986184 4026026.49059 1620821288.696783
353535.671128 4026023.932704 1620821288.996205
353532.769056 4026012.09548 1620821290.346497
353528.209205 4026000.597218 1620821291.696787
353523.778544 4025992.434067 1620821292.69614
353522.01301 4025989.690469 1620821293.058173
353516.447035 4025982.257542 1620821294.057934
353505.443741 4025971.113777 1620821295.747386
353500.300066 4025967.150775 1620821296.446743
353483.086282 4025955.949723 1620821298.646624
353477.603318 4025952.421017 1620821299.347886
353469.598079 4025947.087626 1620821300.346357
353461.135613 4025941.658532 1620821301.347237
353451.931448 4025935.81106 1620821302.397513
353446.108906 4025932.126173 1620821303.059089
353430.947355 4025922.376625 1620821304.746985
353428.349961 4025920.69055 1620821305.058599
353422.37117 4025916.853692 1620821305.74763
353419.850778 4025915.240253 1620821306.059997
353400.699089 4025902.947906 1620821308.446189
353403.350445 4025904.636399 1620821308.09688
353386.568265 4025894.324386 1620821310.696863
353388.6322 4025895.470991 1620821310.347152
353376.57944 4025890.927173 1620821312.397364
353370.930286 4025891.581628 1620821313.397499
353369.106546 4025892.423848 1620821313.748456
353367.670945 4025893.387769 1620821314.060921
353362.373346 4025900.00157 1620821315.446914
353360.095745 4025903.657906 1620821316.097311
353356.110508 4025909.99211 1620821317.147034
353323.372039 4025962.722603 1620821323.997884
353308.442639 4025986.330451 1620821326.697116
353310.403219 4025983.214079 1620821326.346864
353298.816799 4026001.636948 1620821328.397471
353292.762481 4026011.176656 1620821329.446689
353294.776726 4026007.989782 1620821329.096928
353282.991224 4026026.641001 1620821331.147169
353273.604253 4026041.496006 1620821332.845995
353270.929959 4026045.700566 1620821333.346961
353269.343209 4026048.180513 1620821333.646953
353260.947388 4026061.583828 1620821335.346874
353257.076853 4026068.890628 1620821336.347147
353255.370601 4026076.01926 1620821337.34776
353255.991649 4026080.747677 1620821338.059464
353260.884359 4026088.176376 1620821339.397267
353266.630957 4026092.084607 1620821340.397748
353265.718097 4026091.531573 1620821340.246049
353301.638621 4026116.260148 1620821346.44684
353302.664921 4026117.895054 1620821346.747638
353309.881956 4026128.157922 1620821348.747955
353308.560789 4026126.814201 1620821348.445865
353311.564047 4026129.662922 1620821349.097251
353321.330824 4026136.235343 1620821350.797338
353325.537882 4026138.880406 1620821351.445896
353333.94792 4026144.172283 1620821352.69691
353353.676877 4026156.721383 1620821355.697005
353355.897021 4026158.132774 1620821356.059193
353366.697685 4026164.904764 1620821357.748619
353364.373662 4026163.458206 1620821357.397373
353370.312661 4026167.127878 1620821358.296165
353397.160949 4026183.388076 1620821362.446937
353399.379454 4026184.746224 1620821362.797288
353403.5712 4026187.331143 1620821363.447054
353414.323056 4026194.855291 1620821365.14718
353422.522484 4026202.81174 1620821366.697452
353420.814492 4026200.969657 1620821366.34796
353428.376562 4026210.293342 1620821368.059594
353433.24487 4026221.499945 1620821369.796545
353431.73584 4026216.750902 1620821369.098242
353433.864845 4026226.139304 1620821370.446166
353428.98939 4026241.862651 1620821372.79753
353427.61486 4026243.992433 1620821373.147035
353422.360459 4026252.099408 1620821374.497695
353417.076934 4026260.33258 1620821375.846938
353418.45279 4026258.151706 1620821375.497013
353410.301254 4026271.071864 1620821377.497312
353404.384008 4026280.3658 1620821378.845997
353403.025022 4026282.471918 1620821379.146971
353395.318566 4026294.612426 1620821380.846021
353393.059263 4026298.233317 1620821381.347177
353392.149202 4026299.691246 1620821381.549987
353381.957938 4026316.142008 1620821383.74753
353380.546825 4026318.405039 1620821384.059206
353375.61987 4026326.148102 1620821385.097117
353370.6846 4026333.830557 1620821386.147133
353367.399913 4026338.855921 1620821386.845994
353364.260123 4026343.271737 1620821387.497025
353355.895973 4026351.990771 1620821389.058289
353345.809022 4026357.468814 1620821390.747695
353339.233522 4026358.692834 1620821391.748706
353332.027544 4026358.337268 1620821392.748819
353329.77323 4026357.954929 1620821393.058374
353321.803415 4026355.601424 1620821394.09617
353314.015691 4026352.056675 1620821395.096926
353300.891061 4026344.475408 1620821396.797391
353293.258378 4026339.713138 1620821397.797689
353295.547889 4026341.148999 1620821397.496944
353285.647989 4026334.878263 1620821398.797629
353277.867641 4026330.34604 1620821399.797487
353275.045067 4026328.861548 1620821400.14711
353260.848827 4026322.947726 1620821401.846408
353243.495276 4026318.768822 1620821403.846443
353234.380948 4026316.806538 1620821404.846144
353237.580012 4026317.445659 1620821404.497371
353219.273953 4026314.48901 1620821406.497169
353216.054756 4026314.162213 1620821406.847256
353212.840393 4026313.892183 1620821407.197558
353189.826615 4026313.820432 1620821409.748613
353181.922262 4026314.224227 1620821410.747574
353177.185673 4026314.286676 1620821411.447006
353171.247981 4026313.067156 1620821412.446376
353169.425263 4026312.092793 1620821412.797867
353167.784507 4026310.847172 1620821413.148277
353164.171288 4026305.53837 1620821414.197399
353162.868399 4026288.379287 1620821416.748726
353163.332647 4026283.098642 1620821417.446315
353164.410969 4026274.603427 1620821418.497638
353166.480091 4026266.135897 1620821419.497343
353165.591829 4026269.112345 1620821419.146857
353175.093402 4026249.406674 1620821421.497499
353173.542654 4026251.864173 1620821421.197113
353177.707004 4026245.333678 1620821421.997881
353188.001698 4026229.384024 1620821423.997533
353196.646903 4026215.680374 1620821425.747991
353197.39833 4026214.488355 1620821425.897979
353206.805387 4026199.563433 1620821427.748251
353208.631509 4026196.634289 1620821428.097494
353217.80724 4026182.049345 1620821429.797554
353221.336139 4026176.353136 1620821430.447176
353228.728411 4026164.730131 1620821431.797821
353234.075723 4026156.422006 1620821432.798207
353235.969478 4026153.703022 1620821433.147374
353244.166089 4026145.493339 1620821434.497178
353248.521424 4026142.792672 1620821435.147096
353250.929006 4026141.625957 1620821435.497485
353263.035709 4026137.472961 1620821437.147281
353270.805544 4026135.393959 1620821438.147185
353278.276856 4026133.552626 1620821439.147654
353287.756833 4026131.175632 1620821440.497164
353285.373954 4026131.764953 1620821440.147237
353291.072414 4026130.370448 1620821440.998003
353323.524462 4026136.682112 1620821445.847302
353328.366391 4026139.677281 1620821446.54846
353332.910853 4026142.55348 1620821447.197711
353335.364862 4026144.120104 1620821447.549525
353341.323332 4026147.904243 1620821448.397549
353359.007117 4026158.904829 1620821450.949281
353362.34215 4026160.973314 1620821451.447254
353360.014242 4026159.533642 1620821451.097639
353373.051234 4026167.649617 1620821453.147676
353380.759014 4026172.469864 1620821454.497182
353379.170708 4026171.473815 1620821454.197701
353386.848781 4026176.270657 1620821455.897407
353391.69946 4026179.22083 1620821457.597611
353393.195075 4026180.097179 1620821458.747762
353392.501992 4026179.700607 1620821458.097506
353393.497232 4026180.240187 1620821460.096638
353393.526507 4026180.252877 1620821461.097333
353393.505084 4026180.237046 1620821462.79717
353393.507925 4026180.237895 1620821462.497044
