353380.491883 4026173.248764 1620821019.846629
353380.490477 4026173.247847 1620821020.146685
353380.902675 4026173.521382 1620821021.846823
353380.706902 4026173.391648 1620821021.497207
353383.949591 4026175.592352 1620821023.896248
353385.812029 4026176.890479 1620821024.548133
353387.900051 4026178.370064 1620821025.196619
353390.388757 4026180.140026 1620821025.896197
353393.031456 4026181.997267 1620821026.548196
353403.233602 4026188.944731 1620821028.596676
353401.657038 4026187.890154 1620821028.296097
353415.203142 4026197.513622 1620821030.947314
353413.794249 4026196.331554 1620821030.646227
353417.006107 4026199.13586 1620821031.346129
353439.280928 4026213.741291 1620821036.699206
353442.973381 4026211.207562 1620821037.695405
353445.187622 4026208.26807 1620821038.396236
353444.104243 4026209.86208 1620821038.061681
353453.374268 4026194.994893 1620821040.796661
353454.491632 4026193.120329 1620821041.096509
353455.825421 4026190.883993 1620821041.445072
353458.419095 4026186.58833 1620821042.097114
353465.842581 4026174.712439 1620821043.79654
353473.560613 4026162.701465 1620821045.496517
353475.361912 4026159.857912 1620821045.896379
353482.845825 4026147.815475 1620821047.597064
353481.360402 4026150.265242 1620821047.246365
353503.199587 4026115.614985 1620821052.296239
353508.445001 4026107.178095 1620821053.646423
353511.004776 4026103.035606 1620821054.346144
353512.211514 4026101.07013 1620821054.696375
353519.620563 4026089.375223 1620821056.74762
353522.015915 4026085.518738 1620821057.396946
353524.273925 4026081.625046 1620821058.052349
353527.445136 4026075.429466 1620821059.052682
353531.135606 4026066.36665 1620821060.396743
353532.693338 4026061.772385 1620821061.054381
353534.037123 4026056.800926 1620821061.747061
353536.349515 4026041.882562 1620821063.796131
353536.576954 4026036.622295 1620821064.44623
353536.426093 4026030.641757 1620821065.146988
353534.745614 4026018.843215 1620821066.445988
353530.971509 4026006.409722 1620821067.846156
353528.488356 4026000.48262 1620821068.546885
353524.489542 4025992.318723 1620821069.546944
353523.152682 4025989.953043 1620821069.845148
353516.119289 4025979.555959 1620821071.245238
353512.351603 4025975.13172 1620821071.896336
353503.37722 4025966.64974 1620821073.24558
353500.768871 4025964.639808 1620821073.596607
353492.680574 4025959.285155 1620821074.596414
353483.232383 4025953.817694 1620821075.647682
353467.532461 4025944.733699 1620821077.296181
353464.268607 4025942.633995 1620821077.646433
353451.705488 4025934.446189 1620821078.996991
353441.848539 4025928.062476 1620821080.057747
353425.935882 4025918.391572 1620821081.696594
353422.602349 4025916.39485 1620821082.060991
353419.270775 4025914.399415 1620821082.396594
353401.209482 4025903.286077 1620821084.396616
353396.000955 4025900.04899 1620821085.096284
353384.267187 4025892.693387 1620821086.846275
353388.954206 4025895.617205 1620821086.146282
353370.018118 4025883.663261 1620821088.847206
353367.429452 4025882.051938 1620821089.19692
353355.772638 4025874.741036 1620821090.895443
353360.383908 4025877.68821 1620821090.196777
353346.55892 4025868.716184 1620821092.246367
353333.963044 4025860.637591 1620821093.947202
353308.47906 4025844.694556 1620821098.296844
353300.227121 4025840.045196 1620821099.347274
353297.241017 4025838.637663 1620821099.696367
353277.253536 4025833.162459 1620821101.796724
353273.668002 4025832.79119 1620821102.147233
353263.179392 4025832.183815 1620821103.14722
353248.416374 4025831.751128 1620821104.54847
353245.314491 4025831.592163 1620821104.846418
353241.237784 4025831.269658 1620821105.246601
353179.747286 4025826.477686 1620821113.596836
353175.247829 4025833.622582 1620821114.59717
353168.752023 4025844.059113 1620821115.94647
353171.923544 4025838.949563 1620821115.296336
353167.016929 4025846.856307 1620821116.296274
353158.249924 4025860.805747 1620821117.99636
353156.397187 4025863.721199 1620821118.346323
353143.773542 4025883.326687 1620821120.746699
353141.955559 4025886.111524 1620821121.096618
353123.585964 4025914.891714 1620821124.796208
353118.636429 4025923.038852 1620821125.846547
353113.997428 4025931.032716 1620821126.846512
353111.042406 4025936.432487 1620821127.496461
353104.891941 4025948.693637 1620821128.896373
353103.379254 4025951.886048 1620821129.24555
353100.586566 4025957.839852 1620821129.896368
353092.992286 4025973.797583 1620821131.646364
353087.447875 4025985.363846 1620821132.947586
353085.97237 4025988.421277 1620821133.296731
353082.872942 4025994.833383 1620821134.058944
353081.446662 4025997.789239 1620821134.396769
353048.359616 4026068.129432 1620821142.746747
353044.253413 4026076.741665 1620821143.797282
353041.799839 4026081.909761 1620821144.445467
353036.719069 4026092.272023 1620821145.795987
353035.344204 4026094.988813 1620821146.1464
353028.619725 4026107.939576 1620821147.79604
353031.325388 4026102.79699 1620821147.146686
353019.937315 4026123.516832 1620821149.796753
353015.226875 4026131.431281 1620821150.84664
353013.630534 4026134.04565 1620821151.196986
353005.495051 4026147.362791 1620821152.946518
353004.066517 4026149.670912 1620821153.246487
352999.233309 4026157.400712 1620821154.245703
352997.520233 4026160.102238 1620821154.596886
352989.512661 4026172.596981 1620821156.246313
352981.346357 4026185.093145 1620821157.956779
352976.508336 4026192.270707 1620821158.946528
352975.050413 4026194.393044 1620821159.24652
352966.376986 4026206.561002 1620821160.996435
352964.842455 4026208.633222 1620821161.297298
352959.452559 4026215.875546 1620821162.346744
352957.601363 4026218.312458 1620821162.696527
352950.281209 4026227.717968 1620821164.059124
352941.108165 4026239.09998 1620821165.696476
352939.098373 4026241.522306 1620821166.058769
352937.078458 4026243.91218 1620821166.396937
352928.953488 4026253.198664 1620821167.796984
352917.393196 4026265.481361 1620821169.845556
352915.366119 4026267.569374 1620821170.196871
352913.583922 4026269.395699 1620821170.496591
352898.500538 4026284.041578 1620821172.846649
352891.772639 4026290.310568 1620821173.846637
352889.385912 4026292.452984 1620821174.196937
352877.742092 4026302.669862 1620821175.946429
352882.34342 4026298.698989 1620821175.245671
352872.928831 4026306.717896 1620821176.696619
352867.265433 4026311.818909 1620821177.748404
352864.120266 4026317.110179 1620821178.796599
352865.460644 4026326.291212 1620821180.496875
352870.153106 4026331.333496 1620821181.548749
352868.316314 4026329.678067 1620821181.197154
352886.806313 4026342.07339 1620821183.947773
352894.862247 4026346.636539 1620821184.947412
352889.591977 4026343.65371 1620821184.29691
352906.067211 4026352.905402 1620821186.296711
352909.034662 4026354.586096 1620821186.647706
352923.198001 4026362.712362 1620821188.347014
352925.540678 4026364.084702 1620821188.645546
352930.652808 4026367.133862 1620821189.346559
352944.501371 4026375.665355 1620821191.346477
352951.672553 4026380.102177 1620821192.3975
352956.278195 4026382.944978 1620821193.096864
352966.719558 4026389.36142 1620821194.796046
352970.585615 4026391.755193 1620821195.446582
352976.545636 4026395.417857 1620821196.445746
352988.795093 4026401.657498 1620821198.446722
352997.93153 4026402.852303 1620821199.796095
352995.826794 4026402.890435 1620821199.496638
353009.619179 4026398.854942 1620821201.496553
353016.078287 4026393.744292 1620821202.549171
353024.096966 4026386.56121 1620821203.947623
353019.887761 4026390.393273 1620821203.196304
353031.784185 4026379.434203 1620821205.29644
353040.810657 4026371.282796 1620821206.696762
353042.88067 4026369.443121 1620821206.99697
353048.246595 4026364.685586 1620821207.746955
353050.831689 4026362.420689 1620821208.096642
353069.402368 4026347.222736 1620821210.445614
353081.107046 4026339.072901 1620821211.797045
353090.291133 4026333.634504 1620821212.796954
353093.61353 4026331.865594 1620821213.146757
353100.354653 4026328.549639 1620821213.846782
353113.112612 4026323.38265 1620821215.146746
353126.694032 4026318.951526 1620821216.497464
353133.655555 4026316.971668 1620821217.197164
353157.041109 4026312.165337 1620821219.896789
353159.632472 4026311.785521 1620821220.246493
353161.943198 4026311.477838 1620821220.548084
353176.290129 4026310.15552 1620821222.296816
353182.74693 4026309.694125 1620821222.997079
353192.872646 4026309.343006 1620821224.059016
353195.796862 4026309.346541 1620821224.346477
353216.089634 4026310.663521 1620821226.397282
353219.554909 4026311.060119 1620821226.747192
353239.705469 4026314.572365 1620821228.846585
353249.38031 4026316.871832 1620821229.896892
353258.409098 4026319.558668 1620821230.896969
353261.472884 4026320.62546 1620821231.246611
353272.972249 4026325.328784 1620821232.59621
353278.506915 4026327.949223 1620821233.246478
353293.157593 4026336.238311 1620821234.997277
353301.351199 4026341.409219 1620821235.996687
353303.773976 4026342.919173 1620821236.296735
353311.831704 4026347.518697 1620821237.297357
353320.193633 4026351.172817 1620821238.296391
353326.190402 4026353.061016 1620821238.99699
353340.758025 4026354.060904 1620821240.696795
353338.25863 4026354.298505 1620821240.3961
353350.471888 4026350.947241 1620821242.058859
353359.178432 4026343.563822 1620821243.696831
353357.815788 4026345.161411 1620821243.397059
353365.015523 4026335.097465 1620821245.058118
353366.526381 4026332.657144 1620821245.397092
353373.949419 4026320.832245 1620821247.096786
353377.212635 4026315.757366 1620821247.797107
353378.880286 4026313.177509 1620821248.146723
353396.784318 4026285.122468 1620821251.896851
353401.619054 4026277.110705 1620821252.946899
353403.004419 4026274.804191 1620821253.247133
353407.60907 4026267.066802 1620821254.245834
353409.24269 4026264.35867 1620821254.597059
353417.672368 4026252.123425 1620821256.347035
353420.33668 4026247.815799 1620821256.997112
353423.377946 4026243.0235 1620821257.747425
353431.702636 4026229.720218 1620821259.747459
353433.226106 4026227.275997 1620821260.096906
353452.400029 4026196.299525 1620821264.796996
353453.770378 4026194.107738 1620821265.146953
353458.078395 4026187.251178 1620821266.196016
353462.463598 4026180.218092 1620821267.197251
353467.060646 4026172.89267 1620821268.197288
353479.651067 4026153.209945 1620821270.896934
353482.942434 4026148.216497 1620821271.596993
353487.683182 4026140.976234 1620821272.597061
353493.795883 4026131.591112 1620821273.896727
353498.63733 4026124.062526 1620821274.947814
353501.581346 4026119.481171 1620821275.596403
353504.843336 4026114.33795 1620821276.34661
353508.908671 4026107.774852 1620821277.346613
353512.913009 4026101.335007 1620821278.397475
353515.519887 4026097.148706 1620821279.096644
353519.551382 4026090.592713 1620821280.14644
353523.568076 4026083.883695 1620821281.19711
353527.011328 4026077.555352 1620821282.196212
353531.022407 4026068.253656 1620821283.59748
353532.636896 4026063.59069 1620821284.246723
353535.218877 4026052.642313 1620821285.645746
353536.02903 4026046.786027 1620821286.346639
353536.615308 4026035.55144 1620821287.645698
353536.036098 4026026.914941 1620821288.645773
353535.671128 4026023.932704 1620821288.996205
353532.769056 4026012.09548 1620821290.346497
353528.209205 4026000.597218 1620821291.696787
353523.778544 4025992.434067 1620821292.69614
353522.01301 4025989.690469 1620821293.058173
353516.151487 4025981.901557 1620821294.098064
353504.729947 4025970.526897 1620821295.845749
353499.542661 4025966.610957 1620821296.547613
353483.480038 4025956.197109 1620821298.597405
353477.603318 4025952.421017 1620821299.347886
353469.598079 4025947.087626 1620821300.346357
353461.135613 4025941.658532 1620821301.347237
353451.931448 4025935.81106 1620821302.397513
353445.659693 4025931.838788 1620821303.096991
353430.947355 4025922.376625 1620821304.746985
353427.917562 4025920.412552 1620821305.096822
353422.37117 4025916.853692 1620821305.74763
353419.433403 4025914.971709 1620821306.097369
353400.331535 4025902.714225 1620821308.497097
353402.964643 4025904.39054 1620821308.147986
353386.857726 4025894.480391 1620821310.646894
353388.919153 4025895.636338 1620821310.297278
353376.870653 4025890.950328 1620821312.346875
353370.930286 4025891.581628 1620821313.397499
353369.106546 4025892.423848 1620821313.748456
353367.443497 4025893.568421 1620821314.097113
353362.187736 4025900.284735 1620821315.497086
353359.913462 4025903.948151 1620821316.146918
353355.922334 4025910.313809 1620821317.197156
353323.644864 4025962.296839 1620821323.946827
353308.722467 4025985.885699 1620821326.648052
353310.682308 4025982.77097 1620821326.297186
353298.816799 4026001.636948 1620821328.397471
353292.762481 4026011.176656 1620821329.446689
353294.776726 4026007.989782 1620821329.096928
353282.710638 4026027.090856 1620821331.197829
353273.332761 4026041.922686 1620821332.897193
353271.462852 4026044.859629 1620821333.246224
353269.606993 4026047.769456 1620821333.597804
353261.17307 4026061.208383 1620821335.296137
353257.234704 4026068.531636 1620821336.300916
353255.385487 4026075.667251 1620821337.297117
353255.89815 4026080.425317 1620821337.996275
353260.884359 4026088.176376 1620821339.397267
353266.630957 4026092.084607 1620821340.397748
353264.528635 4026090.788501 1620821340.061176
353301.638621 4026116.260148 1620821346.44684
353302.828455 4026118.172387 1620821346.797141
353310.115012 4026128.379862 1620821348.796462
353308.560789 4026126.814201 1620821348.445865
353311.814554 4026129.869892 1620821349.147014
353321.649378 4026136.43452 1620821350.846101
353326.197642 4026139.296786 1620821351.548054
353333.271369 4026143.750891 1620821352.597567
353353.359123 4026156.518667 1620821355.646225
353355.580211 4026157.93096 1620821355.997828
353366.697685 4026164.904764 1620821357.748619
353364.373662 4026163.458206 1620821357.397373
353371.281165 4026167.71242 1620821358.447387
353397.160949 4026183.388076 1620821362.446937
353399.379454 4026184.746224 1620821362.797288
353403.897731 4026187.533728 1620821363.496283
353414.614544 4026195.102252 1620821365.197484
353422.047926 4026202.284279 1620821366.59861
353420.561474 4026200.707179 1620821366.297126
353428.186857 4026210.003877 1620821367.997573
353433.24487 4026221.499945 1620821369.796545
353431.603556 4026216.424806 1620821369.059481
353433.874912 4026226.494915 1620821370.496888
353428.794402 4026242.168687 1620821372.846213
353427.417763 4026244.296538 1620821373.197712
353422.171721 4026252.386977 1620821374.548362
353416.879071 4026260.647142 1620821375.896698
353418.256497 4026258.460698 1620821375.54864
353410.087011 4026271.40799 1620821377.548592
353404.158992 4026280.715998 1620821378.897361
353402.570246 4026283.181079 1620821379.247078
353394.866046 4026295.334954 1620821380.94807
353393.285871 4026297.8693 1620821381.297535
353391.693908 4026300.420649 1620821381.646926
353382.194129 4026315.763773 1620821383.697191
353380.546825 4026318.405039 1620821384.059206
353375.61987 4026326.148102 1620821385.097117
353370.6846 4026333.830557 1620821386.147133
353367.399913 4026338.855921 1620821386.845994
353364.011242 4026343.597721 1620821387.548819
353356.471399 4026351.537259 1620821388.947117
353346.119764 4026357.367569 1620821390.696945
353339.578756 4026358.667682 1620821391.698031
353332.395044 4026358.391523 1620821392.697366
353329.77323 4026357.954929 1620821393.058374
353322.189305 4026355.748417 1620821394.059966
353314.015691 4026352.056675 1620821395.096926
353300.891061 4026344.475408 1620821396.797391
353293.258378 4026339.713138 1620821397.797689
353295.547889 4026341.148999 1620821397.496944
353285.647989 4026334.878263 1620821398.797629
353277.867641 4026330.34604 1620821399.797487
353274.637741 4026328.650387 1620821400.197529
353260.416845 4026322.809265 1620821401.897018
353243.040484 4026318.657488 1620821403.896103
353233.923009 4026316.718372 1620821404.897081
353237.119728 4026317.348608 1620821404.549349
353218.815019 4026314.438284 1620821406.549861
353215.594724 4026314.120259 1620821406.895965
353212.380888 4026313.85955 1620821407.246307
353190.251316 4026313.803188 1620821409.696946
353182.285106 4026314.206941 1620821410.697229
353177.185673 4026314.286676 1620821411.447006
353171.247981 4026313.067156 1620821412.446376
353169.425263 4026312.092793 1620821412.797867
353167.784507 4026310.847172 1620821413.148277
353164.057031 4026305.24156 1620821414.247083
353162.841574 4026288.743136 1620821416.697205
353163.332647 4026283.098642 1620821417.446315
353164.410969 4026274.603427 1620821418.497638
353166.480091 4026266.135897 1620821419.497343
353165.591829 4026269.112345 1620821419.146857
353175.353599 4026248.997565 1620821421.549698
353173.798813 4026251.454384 1620821421.247837
353179.019968 4026243.313622 1620821422.247338
353187.753768 4026229.77914 1620821423.94788
353196.161562 4026216.453554 1620821425.647983
353197.900296 4026213.68956 1620821425.997725
353206.54633 4026199.979689 1620821427.697452
353208.36723 4026197.054214 1620821428.05976
353217.80724 4026182.049345 1620821429.797554
353221.336139 4026176.353136 1620821430.447176
353228.728411 4026164.730131 1620821431.797821
353234.075723 4026156.422006 1620821432.798207
353235.691772 4026154.077533 1620821433.097624
353244.166089 4026145.493339 1620821434.497178
353248.844209 4026142.62188 1620821435.197809
353250.929006 4026141.625957 1620821435.497485
353263.427452 4026137.363757 1620821437.197542
353271.188027 4026135.29683 1620821438.197621
353278.651289 4026133.452839 1620821439.199561
353287.756833 4026131.175632 1620821440.497164
353285.71679 4026131.679994 1620821440.197664
353292.706297 4026129.994213 1620821441.247103
353323.865513 4026136.889857 1620821445.897137
353328.714538 4026139.897013 1620821446.598166
353333.260705 4026142.77721 1620821447.247281
353335.716211 4026144.344532 1620821447.597938
353340.629223 4026147.462487 1620821448.2973
353357.312538 4026157.845554 1620821450.697235
353362.012307 4026160.769003 1620821451.397639
353359.679266 4026159.324663 1620821451.058803
353373.051234 4026167.649617 1620821453.147676
353381.01368 4026172.629435 1620821454.549721
353379.170708 4026171.473815 1620821454.197701
353387.029012 4026176.381461 1620821455.947798
353391.794048 4026179.277236 1620821457.646409
353393.154868 4026180.074714 1620821458.69726
353392.365116 4026179.619452 1620821457.997952
353393.496439 4026180.240126 1620821460.060821
353393.526073 4026180.252918 1620821461.059971
353393.505084 4026180.237046 1620821462.79717
353393.507925 4026180.237895 1620821462.497044
