353359.398218 4026159.729849 1621856892.698567
353359.660098 4026159.890902 1621856895.897696
353359.514843 4026159.802967 1621856895.547359
353360.133628 4026160.176343 1621856896.547616
353362.328462 4026161.505803 1621856898.248225
353362.675028 4026161.716313 1621856898.447516
353366.970539 4026164.342483 1621856900.297699
353369.731144 4026166.03874 1621856901.146512
353377.585456 4026170.75662 1621856902.847876
353382.969949 4026173.987129 1621856903.847218
353384.935251 4026175.174974 1621856904.206889
353388.678168 4026177.452826 1621856904.848255
353398.546632 4026183.709258 1621856906.546034
353402.498251 4026186.384798 1621856907.247865
353404.166486 4026187.573544 1621856907.546671
353407.996976 4026190.571352 1621856908.247876
353420.724836 4026203.276045 1621856910.797451
353422.314893 4026205.023976 1621856911.147367
353430.144312 4026212.240528 1621856912.847038
353430.886778 4026212.677241 1621856912.997466
353439.934332 4026213.484494 1621856914.847444
353441.302414 4026212.668204 1621856915.207438
353444.385861 4026209.208868 1621856916.247536
353449.287056 4026201.335077 1621856917.945932
353450.255066 4026199.740457 1621856918.247928
353451.438154 4026197.774032 1621856918.597218
353458.551138 4026185.915563 1621856920.448006
353459.38965 4026184.52088 1621856920.648162
353466.135751 4026173.699904 1621856922.146787
353472.853558 4026163.270025 1621856923.546698
353474.554198 4026160.607454 1621856923.897575
353477.966228 4026155.303003 1621856924.597491
353482.82895 4026147.828276 1621856925.59763
353486.184925 4026142.700373 1621856926.297418
353493.695617 4026130.989302 1621856927.947628
353500.568136 4026119.861672 1621856929.597336
353499.352486 4026121.830069 1621856929.297706
353505.795635 4026111.502561 1621856930.947041
353508.002775 4026107.948358 1621856931.597329
353510.925569 4026103.217605 1621856932.597516
353518.136584 4026091.412106 1621856934.847332
353520.573592 4026087.432287 1621856935.497767
353524.183884 4026081.235993 1621856936.49772
353527.369133 4026075.183784 1621856937.497757
353530.288878 4026068.441317 1621856938.546371
353533.458355 4026058.690619 1621856939.897639
353532.843985 4026060.971212 1621856939.597283
353534.647357 4026053.239003 1621856940.597461
353535.916967 4026042.344697 1621856941.9472
353536.069671 4026036.922634 1621856942.597277
353534.786034 4026022.352321 1621856944.297402
353534.216629 4026019.430603 1621856944.648271
353528.096087 4026001.163668 1621856946.847729
353526.771338 4025998.276252 1621856947.20797
353522.346927 4025990.179436 1621856948.208956
353516.924684 4025982.469646 1621856949.206234
353510.555191 4025975.290168 1621856950.204016
353493.58678 4025961.994438 1621856952.397125
353486.74101 4025957.627753 1621856953.209923
353479.347966 4025952.942965 1621856954.047741
353467.525493 4025945.346312 1621856955.397443
353456.926208 4025938.629099 1621856956.597498
353453.864879 4025936.694663 1621856956.946751
353439.701419 4025927.804611 1621856958.597184
353436.750112 4025925.956791 1621856958.947275
353425.324113 4025918.871691 1621856960.297436
353422.376139 4025917.018139 1621856960.648386
353411.430238 4025910.124892 1621856961.947179
353403.398427 4025905.062149 1621856962.946335
353397.42598 4025901.315053 1621856963.797528
353389.902687 4025896.596737 1621856964.997545
353378.917306 4025889.714444 1621856966.847318
353374.408807 4025886.902956 1621856967.54724
353372.458166 4025885.689607 1621856967.84801
353363.912432 4025880.339867 1621856969.20272
353357.998678 4025876.639677 1621856970.206971
353347.501741 4025869.953879 1621856971.897277
353352.890648 4025873.428672 1621856971.047533
353338.550119 4025864.197444 1621856973.247357
353327.77272 4025857.302589 1621856974.946443
353323.881075 4025854.843325 1621856975.597225
353316.214804 4025849.999359 1621856976.946294
353314.119894 4025848.68406 1621856977.297491
353312.261657 4025847.529934 1621856977.597437
353295.924898 4025838.695079 1621856979.946045
353293.224446 4025837.60285 1621856980.297531
353285.198018 4025835.100691 1621856981.297581
353282.7202 4025834.540448 1621856981.597409
353276.893235 4025833.515521 1621856982.297542
353231.509957 4025830.072485 1621856987.647736
353226.577059 4025829.184968 1621856988.297322
353217.038859 4025826.529748 1621856989.647244
353219.407906 4025827.308187 1621856989.296758
353204.498196 4025821.171116 1621856991.699495
353197.80969 4025818.51356 1621856992.896478
353196.157699 4025818.097709 1621856993.204607
353194.233172 4025817.796727 1621856993.547356
353188.759418 4025818.325531 1621856994.547806
353179.457817 4025826.09961 1621856996.547206
353178.049748 4025828.23801 1621856996.897744
353171.171181 4025839.199617 1621856998.54622
353172.450887 4025837.152098 1621856998.247252
353142.325882 4025884.998351 1621857004.947272
353137.672245 4025892.358378 1621857005.947219
353134.725897 4025897.058316 1621857006.597177
353128.630173 4025906.830578 1621857007.94733
353130.215483 4025904.28172 1621857007.596698
353127.270756 4025909.040258 1621857008.247882
353115.11779 4025929.101873 1621857010.946557
353110.758856 4025936.795906 1621857011.947466
353109.286781 4025939.515838 1621857012.29793
353107.850213 4025942.267837 1621857012.647489
353102.761935 4025952.479819 1621857013.947163
353096.550572 4025965.479918 1621857015.64739
353097.81078 4025962.852957 1621857015.297553
353090.598007 4025977.962671 1621857017.297702
353085.815555 4025988.136998 1621857018.647559
353084.565263 4025990.811854 1621857018.997189
353079.899863 4026000.730966 1621857020.297473
353077.444938 4026005.93475 1621857020.997252
353075.144914 4026010.782788 1621857021.647289
353067.11356 4026027.94394 1621857023.847157
353060.264256 4026042.554472 1621857025.697682
353057.66001 4026048.003237 1621857026.397404
353051.966931 4026059.89141 1621857027.89764
353049.540367 4026065.001798 1621857028.546193
353045.823116 4026072.882009 1621857029.546147
353047.123397 4026070.128827 1621857029.206357
353037.187799 4026090.738887 1621857031.896891
353033.295781 4026098.332377 1621857032.897429
353033.885829 4026097.186398 1621857032.747453
353024.88555 4026114.180487 1621857034.945588
353022.185259 4026119.020824 1621857035.597347
353020.733476 4026121.545973 1621857035.948661
353015.034733 4026131.199858 1621857037.297913
353010.347882 4026138.805041 1621857038.3468
353007.260752 4026143.66823 1621857038.997232
353003.815049 4026149.043132 1621857039.698596
353002.325318 4026151.353946 1621857039.997502
352991.258571 4026168.196989 1621857042.205564
352989.303398 4026171.191735 1621857042.597636
352979.896664 4026185.685977 1621857044.597539
352973.335671 4026195.488318 1621857045.947213
352968.313958 4026202.783744 1621857046.946109
352963.228005 4026210.01095 1621857047.947084
352957.987192 4026217.260211 1621857048.946193
352961.408464 4026212.550983 1621857048.297413
352955.845589 4026220.116677 1621857049.345891
352950.344799 4026227.221247 1621857050.347107
352939.304751 4026240.660927 1621857052.347185
352931.812124 4026249.150374 1621857053.647258
352933.555496 4026247.203586 1621857053.346671
352919.84794 4026262.18698 1621857055.699147
352921.912139 4026259.989445 1621857055.347311
352911.50742 4026270.820132 1621857057.047244
352900.674565 4026281.426403 1621857058.698992
352898.292418 4026283.686895 1621857059.047906
352896.235555 4026285.62182 1621857059.346409
352883.270237 4026297.403114 1621857061.247854
352876.717491 4026303.078809 1621857062.247791
352866.92173 4026311.807179 1621857063.946327
352864.574009 4026315.037923 1621857064.597328
352863.366104 4026318.516946 1621857065.252429
352865.253197 4026325.391329 1621857066.59749
352871.287924 4026329.895197 1621857067.946326
352874.876657 4026332.06057 1621857068.597302
352881.133891 4026335.812785 1621857069.59727
352885.944786 4026338.681568 1621857070.297224
352898.447452 4026346.253441 1621857071.997299
352903.403316 4026349.218957 1621857072.647834
352913.524435 4026355.535187 1621857073.997173
352917.233261 4026357.945071 1621857074.497358
352924.542368 4026362.720691 1621857075.497522
352933.043994 4026368.109701 1621857076.699418
352935.045775 4026369.370906 1621857076.997123
352937.457131 4026370.879802 1621857077.346519
352941.884377 4026373.656643 1621857077.99716
352948.87365 4026378.031304 1621857078.997349
352960.291353 4026385.287546 1621857080.698735
352962.529379 4026386.667879 1621857081.047295
352976.351145 4026395.318185 1621857083.24741
352984.684231 4026399.888439 1621857084.597223
352997.278648 4026402.056493 1621857086.597428
353005.770252 4026399.672695 1621857087.946237
353012.068165 4026395.739859 1621857088.997332
353017.904984 4026391.005976 1621857089.997409
353019.87705 4026389.284195 1621857090.347245
353021.636733 4026387.724512 1621857090.647727
353033.536234 4026376.939344 1621857092.647648
353038.165288 4026372.808808 1621857093.347281
353040.517268 4026370.674364 1621857093.698748
353052.146747 4026360.325928 1621857095.347167
353057.392396 4026355.886062 1621857096.047122
353067.557036 4026348.010477 1621857097.348027
353070.398037 4026345.968187 1621857097.698798
353073.290297 4026343.949177 1621857098.046609
353221.271557 4026312.882802 1621857113.39708
353224.847832 4026313.409891 1621857113.746587
353228.433936 4026313.937074 1621857114.09746
353253.958631 4026318.503077 1621857116.647165
353255.381647 4026318.916735 1621857116.797193
353288.871188 4026333.667397 1621857120.699549
353296.895009 4026338.408363 1621857121.699229
353299.277498 4026339.891439 1621857121.996955
353304.866608 4026343.350703 1621857122.699736
353310.567474 4026346.620374 1621857123.397119
353327.430828 4026353.102522 1621857125.397552
353333.398861 4026353.955371 1621857126.096833
353335.910497 4026354.05853 1621857126.397011
353354.795628 4026347.256986 1621857128.997317
353360.013884 4026341.661891 1621857129.997221
353356.472378 4026345.71171 1621857129.297668
353368.000195 4026329.682858 1621857131.699423
353371.089438 4026324.758179 1621857132.34688
353372.76279 4026322.066718 1621857132.700315
353376.095641 4026316.644188 1621857133.397619
353384.256995 4026303.345979 1621857135.097236
353385.974793 4026300.595939 1621857135.447594
353396.953975 4026283.179766 1621857137.647182
353401.899002 4026275.322781 1621857138.647546
353408.44463 4026264.949522 1621857139.997621
353413.119288 4026257.437848 1621857140.997166
353417.861402 4026250.369678 1621857141.997124
353416.193793 4026252.797535 1621857141.647163
353423.87467 4026241.111187 1621857143.347179
353426.949404 4026236.326915 1621857144.047633
353432.929771 4026226.804723 1621857145.39745
353437.594098 4026219.488247 1621857146.397356
353439.219364 4026216.928746 1621857146.747267
353443.752832 4026209.839972 1621857147.747251
353446.615708 4026205.345825 1621857148.396688
353449.458711 4026200.930699 1621857149.047325
353462.024233 4026181.017693 1621857151.745852
353463.745803 4026178.199982 1621857152.097488
353468.882633 4026170.092525 1621857153.097527
353475.997243 4026158.930675 1621857154.447294
353482.743405 4026148.189561 1621857155.746927
353481.216907 4026150.644607 1621857155.447154
353491.214537 4026134.788345 1621857157.447473
353497.906857 4026124.2911 1621857158.797143
353503.744975 4026115.165969 1621857159.997154
353499.632272 4026121.587893 1621857159.146174
353509.078829 4026106.767185 1621857161.146129
353512.81945 4026100.81564 1621857161.997238
353517.108439 4026093.916428 1621857162.996933
353524.152408 4026081.808423 1621857164.699091
353525.512675 4026079.240523 1621857165.047037
353529.219354 4026071.377313 1621857166.097858
353530.160962 4026069.006917 1621857166.396942
353534.371504 4026054.746519 1621857168.097243
353535.721718 4026044.618962 1621857169.297381
353535.78535 4026032.109843 1621857170.796933
353535.522456 4026029.096089 1621857171.146965
353534.862015 4026023.429745 1621857171.79701
353530.519307 4026006.632286 1621857173.698926
353528.162286 4026000.946403 1621857174.34702
353525.139215 4025994.937858 1621857175.04726
353521.567569 4025989.117104 1621857175.747082
353519.572754 4025986.290713 1621857176.097778
353513.184539 4025978.608092 1621857177.097662
353500.280891 4025966.990994 1621857178.797294
353495.983635 4025963.935401 1621857179.297616
353475.570027 4025950.842111 1621857181.497276
353464.054501 4025943.399904 1621857182.698846
353457.805348 4025939.319717 1621857183.34735
353444.646173 4025930.812833 1621857184.746986
353441.895717 4025929.051283 1621857185.047263
353440.52083 4025928.175791 1621857185.209508
353421.982522 4025916.456721 1621857187.247135
353408.904532 4025908.228236 1621857188.746157
353403.01855 4025904.554034 1621857189.447143
353405.943128 4025906.383805 1621857189.097273
353397.955837 4025901.369243 1621857190.097331
353388.965853 4025895.728628 1621857191.447117
353382.716538 4025892.349893 1621857192.447064
353368.1405 4025892.894512 1621857194.997362
353370.648634 4025891.498178 1621857194.497745
353362.915227 4025899.257973 1621857196.346179
353360.323297 4025903.403813 1621857197.047317
353353.332592 4025914.750154 1621857198.746188
353350.375797 4025919.479724 1621857199.397159
353351.987985 4025916.910068 1621857199.047498
353347.03827 4025924.744401 1621857200.097468
353341.869097 4025932.917477 1621857201.147071
353330.893572 4025950.232209 1621857203.346468
353326.993493 4025956.457561 1621857204.146164
353320.023565 4025967.659029 1621857205.647397
353318.462498 4025970.185173 1621857205.99701
353312.580521 4025979.578232 1621857207.397107
353307.718154 4025987.244591 1621857208.746714
353305.494059 4025990.76578 1621857209.396999
353300.224229 4025999.152577 1621857210.797328
353295.999246 4026005.915132 1621857211.797076
353298.992075 4026001.109893 1621857211.097484
353294.660789 4026008.082611 1621857212.096529
353276.135233 4026037.648855 1621857215.796964
353274.27476 4026040.501985 1621857216.147069
353265.717209 4026053.639323 1621857217.796988
353263.989871 4026056.343616 1621857218.147007
353256.809877 4026068.950667 1621857219.846922
353255.193961 4026075.086168 1621857220.699147
353256.108575 4026081.75917 1621857221.698643
353258.43855 4026085.770643 1621857222.397079
353266.125566 4026091.645516 1621857223.747291
353270.532254 4026094.241504 1621857224.397125
353268.487898 4026093.036026 1621857224.097457
353282.089376 4026101.202211 1621857226.097234
353284.366796 4026102.648555 1621857226.447025
353290.498067 4026106.89845 1621857227.447047
353298.875887 4026115.174463 1621857229.097543
353300.435031 4026117.180778 1621857229.44734
353305.029832 4026122.935468 1621857230.446823
353316.454591 4026132.826367 1621857232.44705
353324.721943 4026138.298014 1621857233.797333
353326.93947 4026139.650949 1621857234.14719
353335.287649 4026144.721293 1621857235.44719
353333.366769 4026143.570066 1621857235.147115
353346.560384 4026151.458064 1621857237.147071
353353.476367 4026155.618993 1621857238.147135
353355.515476 4026156.875298 1621857238.447571
353365.06106 4026162.855595 1621857239.848052
353372.153493 4026167.298136 1621857240.847438
353380.84767 4026172.676089 1621857242.047107
353393.329398 4026180.485119 1621857243.747055
353395.581642 4026181.910355 1621857244.047215
353398.211659 4026183.599239 1621857244.397157
353419.327721 4026200.598806 1621857247.597127
353424.963761 4026207.330352 1621857248.747154
353423.622634 4026205.604938 1621857248.447077
353430.077438 4026215.24918 1621857250.147311
353430.880115 4026217.08769 1621857250.447308
353432.140013 4026231.22772 1621857252.49687
353428.568243 4026239.7211 1621857253.699142
353424.211668 4026247.224763 1621857254.746765
353419.590485 4026254.744221 1621857255.796691
353416.66139 4026259.480096 1621857256.446946
353417.342465 4026258.37642 1621857256.29685
353406.826516 4026275.263113 1621857258.497373
353399.290213 4026286.972979 1621857259.997011
353398.545235 4026288.119753 1621857260.147155
353396.833008 4026290.760166 1621857260.496626
353393.65284 4026295.677766 1621857261.14744
353388.458092 4026303.632543 1621857262.20641
353376.420719 4026322.206498 1621857264.746984
353372.613545 4026328.1885 1621857265.597058
353369.234209 4026333.708496 1621857266.397168
353370.480104 4026331.647011 1621857266.097975
353362.02668 4026345.083089 1621857268.09698
353357.046099 4026350.563262 1621857269.09741
353349.086699 4026355.971695 1621857270.497195
353346.926272 4026356.84927 1621857270.846938
353342.732215 4026357.913923 1621857271.497386
353330.508955 4026357.752513 1621857273.206047
353322.666823 4026355.836848 1621857274.206522
353317.092776 4026353.672378 1621857274.896567
353302.625795 4026345.743774 1621857276.746828
353297.164225 4026342.333518 1621857277.447144
353293.231311 4026339.903954 1621857277.94695
353279.477459 4026332.041012 1621857279.647057
353275.2984 4026329.91402 1621857280.147058
353272.728507 4026328.689845 1621857280.447044
353263.500978 4026324.751568 1621857281.497535
353257.587015 4026322.643919 1621857282.147101
353244.3888 4026318.948424 1621857283.54696
353221.340681 4026315.034062 1621857285.897365
353217.84661 4026314.621045 1621857286.24737
353203.092738 4026313.375107 1621857287.747223
353193.353296 4026313.288836 1621857288.796925
353187.661911 4026313.488516 1621857289.447058
353190.244359 4026313.375563 1621857289.146915
353175.334184 4026313.687723 1621857291.148767
353168.060184 4026310.388625 1621857292.447103
353164.215624 4026305.307907 1621857293.447417
353162.43342 4026298.318975 1621857294.497231
353162.222963 4026293.691298 1621857295.146104
353162.302887 4026291.153599 1621857295.497569
353162.744963 4026283.59311 1621857296.497395
353165.924938 4026267.241135 1621857298.546961
353169.976339 4026258.002074 1621857299.747093
353174.482544 4026250.303654 1621857300.796941
353179.024704 4026242.918495 1621857301.797086
353177.404711 4026245.510759 1621857301.447104
353236.623212 4026151.574934 1621857313.797734
353237.681718 4026150.291267 1621857313.997112
353254.375129 4026139.749197 1621857316.496785
353257.059021 4026138.80611 1621857316.846706
353270.279535 4026135.024279 1621857318.546937
353269.143572 4026135.328999 1621857318.396368
353285.905548 4026130.973971 1621857320.746129
353288.212973 4026130.366275 1621857321.097396
353294.650274 4026128.871852 1621857322.097769
353303.196812 4026127.969811 1621857323.448
353304.413232 4026127.992553 1621857323.646967
353346.187501 4026150.308116 1621857330.997681
353356.921599 4026157.186303 1621857332.997109
353357.497957 4026157.565457 1621857333.146913
353362.231922 4026160.552854 1621857335.206011
353362.718539 4026160.860142 1621857335.847247
353362.82816 4026160.93327 1621857336.20595
