988115.018411 1818805.910787 1621856892.545819
988115.278025 1818806.075355 1621856895.897696
988115.134191 1818805.985196 1621856895.547359
988115.746941 1818806.368045 1621856896.547616
988118.004001 1818807.783777 1621856898.296728
988118.722938 1818808.235967 1621856898.698735
988122.659908 1818810.730482 1621856900.346681
988124.885208 1818812.145528 1621856901.047817
988132.771644 1818817.057445 1621856902.797669
988138.360067 1818820.528446 1621856903.847218
988140.306172 1818821.746379 1621856904.206889
988144.012286 1818824.081528 1621856904.848255
988154.060765 1818830.684054 1621856906.597557
988157.688378 1818833.224865 1621856907.247865
988159.611957 1818834.645549 1621856907.59757
988163.386629 1818837.725431 1621856908.29777
988175.420834 1818850.138944 1621856910.747769
988176.761845 1818851.658545 1621856911.04814
988184.679045 1818859.340016 1621856912.797451
988186.403108 1818860.351108 1621856913.147418
988194.689285 1818860.896018 1621856914.847444
988196.069535 1818860.101293 1621856915.207438
988199.20557 1818856.69117 1621856916.247536
988204.387335 1818848.639186 1621856917.997483
988205.561912 1818846.771076 1621856918.347877
988206.610638 1818845.083731 1621856918.648382
988213.515132 1818833.969178 1621856920.397592
988215.023021 1818831.546974 1621856920.747031
988221.498991 1818821.533523 1621856922.146787
988228.376322 1818811.211951 1621856923.546698
988229.868434 1818808.954527 1621856923.848403
988233.610854 1818803.327367 1621856924.597491
988238.834873 1818795.564738 1621856925.648487
988242.261178 1818790.497715 1621856926.346892
988249.935172 1818778.92502 1621856927.997649
988256.961069 1818767.928683 1621856929.647258
988255.717766 1818769.872633 1621856929.347057
988262.299467 1818759.687387 1621856930.997622
988264.685475 1818755.96019 1621856931.698936
988267.652892 1818751.322911 1621856932.698971
988274.571182 1818740.386922 1621856934.797418
988277.256707 1818736.144215 1621856935.497767
988280.961913 1818730.006348 1621856936.49772
988284.239997 1818724.005907 1621856937.497757
988287.263402 1818717.311343 1621856938.546371
988290.688445 1818707.23061 1621856939.946776
988289.933612 1818709.883749 1621856939.597283
988291.856442 1818702.18247 1621856940.597461
988293.323122 1818690.899888 1621856941.997542
988293.537458 1818685.472246 1621856942.647572
988292.335648 1818670.477385 1621856944.397782
988291.772949 1818667.545089 1621856944.747495
988286.293196 1818650.441993 1621856946.796616
988285.025091 1818647.531677 1621856947.147416
988280.778162 1818639.354827 1621856948.147325
988275.239989 1818631.164395 1621856949.206234
988268.648599 1818623.547018 1621856950.247416
988253.474255 1818611.183118 1621856952.247388
988245.02458 1818605.583034 1621856953.247564
988239.437241 1818601.910272 1621856953.897655
988227.743873 1818594.154235 1621856955.24744
988215.945255 1818586.408169 1621856956.597498
988212.915134 1818584.426899 1621856956.946751
988198.895133 1818575.320141 1621856958.597184
988195.973647 1818573.427164 1621856958.947275
988184.24799 1818565.897776 1621856960.346423
988181.316551 1818563.987366 1621856960.698617
988170.06987 1818556.664018 1621856962.047022
988162.217109 1818551.535235 1621856963.046755
988157.697175 1818548.608021 1621856963.698418
988149.321636 1818543.164941 1621856965.047849
988139.036909 1818536.500573 1621856966.797465
988134.586648 1818533.627336 1621856967.497715
988132.654147 1818532.381617 1621856967.797503
988124.170195 1818526.89424 1621856969.147325
988118.311644 1818523.091147 1621856970.146478
988107.95325 1818516.276481 1621856971.84799
988112.045151 1818519.011806 1621856971.206383
988099.096752 1818510.380621 1621856973.207611
988088.103992 1818503.105697 1621856974.946443
988084.252023 1818500.586898 1621856975.597225
988076.663902 1818495.625652 1621856976.946294
988074.590217 1818494.278301 1621856977.297491
988072.439685 1818492.895493 1621856977.647158
988056.557278 1818484.010402 1621856979.946045
988053.874814 1818482.876629 1621856980.297531
988045.890289 1818480.250712 1621856981.297581
988043.010234 1818479.559888 1621856981.647738
988037.613268 1818478.537113 1621856982.297542
987991.918327 1818474.32488 1621856987.698796
987987.014061 1818473.341925 1621856988.347346
987977.559866 1818470.502028 1621856989.699326
987979.564799 1818471.212294 1621856989.397507
987965.156959 1818464.943895 1621856991.746353
987959.067332 1818462.399573 1621856992.846969
987957.147743 1818461.87078 1621856993.204607
987955.503615 1818461.574712 1621856993.497267
987950.019225 1818461.910447 1621856994.497472
987940.533186 1818469.318622 1621856996.496552
987939.096155 1818471.418375 1621856996.847707
987931.842813 1818482.57652 1621856998.54622
987933.372025 1818480.212072 1621856998.205312
987902.296856 1818527.909801 1621857004.947272
987897.530627 1818535.194747 1621857005.947219
987894.512371 1818539.847133 1621857006.597177
987888.267122 1818549.520996 1621857007.94733
987889.891434 1818546.997732 1621857007.596698
987886.873888 1818551.708721 1621857008.247882
987874.186884 1818571.952496 1621857010.997296
987869.720137 1818579.579357 1621857011.997333
987868.423217 1818581.893375 1621857012.29793
987866.944435 1818584.622015 1621857012.647489
987861.506719 1818595.139098 1621857013.997216
987855.288422 1818607.649765 1621857015.64739
987856.402923 1818605.415274 1621857015.346417
987848.961005 1818620.409504 1621857017.346607
987844.205441 1818630.131494 1621857018.647559
987842.914063 1818632.785913 1621857018.997189
987837.911112 1818643.000497 1621857020.347143
987835.561465 1818647.792466 1621857020.997252
987833.003233 1818652.983659 1621857021.698114
987825.469793 1818668.445197 1621857023.698375
987817.629204 1818684.505883 1621857025.747849
987814.936314 1818689.925706 1621857026.447343
987809.641815 1818700.544437 1621857027.797275
987806.941396 1818706.012961 1621857028.496862
987803.103545 1818713.833654 1621857029.497904
987804.446165 1818711.098498 1621857029.146301
987794.197901 1818731.565412 1621857031.847355
987789.993403 1818739.469214 1621857032.897429
987791.609238 1818736.441898 1621857032.497706
987781.340115 1818755.180659 1621857034.945588
987778.565639 1818759.977211 1621857035.597347
987777.075171 1818762.478848 1621857035.948661
987771.006389 1818772.39196 1621857037.346423
987766.187634 1818779.937738 1621857038.397589
987763.014233 1818784.759807 1621857039.047412
987759.482541 1818790.083451 1621857039.747102
987757.701151 1818792.754067 1621857040.096967
987747.140115 1818808.279877 1621857042.145447
987745.377184 1818810.890835 1621857042.497172
987735.50067 1818825.602868 1621857044.545804
987728.546416 1818835.656784 1621857045.947213
987723.413249 1818842.871425 1621857046.946109
987718.216927 1818850.016873 1621857047.947084
987712.86546 1818857.181961 1621857048.946193
987716.358608 1818852.527674 1621857048.297413
987710.680284 1818860.004071 1621857049.345891
987705.071187 1818867.020483 1621857050.347107
987693.826495 1818880.283541 1621857052.347185
987685.907942 1818888.97323 1621857053.699192
987687.681956 1818887.055524 1621857053.397253
987673.736873 1818901.817197 1621857055.747107
987675.84542 1818899.636353 1621857055.397197
987665.247658 1818910.314739 1621857057.09745
987654.234948 1818920.749813 1621857058.74637
987651.813243 1818922.974055 1621857059.097389
987649.37867 1818925.18904 1621857059.449011
987637.592432 1818935.558576 1621857061.146267
987630.621274 1818941.430343 1621857062.207926
987620.592869 1818950.038353 1621857063.897619
987618.11756 1818953.217601 1621857064.545923
987616.758003 1818956.655552 1621857065.20697
987618.322763 1818963.619861 1621857066.546419
987624.195017 1818968.265322 1621857067.897231
987627.713217 1818970.469327 1621857068.546221
987633.870302 1818974.293329 1621857069.547276
987638.963691 1818977.437978 1621857070.297224
987650.968406 1818984.967245 1621857071.946534
987656.25188 1818988.242651 1621857072.647834
987666.271025 1818994.713754 1621857073.997173
987668.844822 1818996.443594 1621857074.347177
987678.598498 1819003.01963 1621857075.698888
987685.58781 1819007.586807 1621857076.699418
987687.916118 1819009.101185 1621857077.047294
987689.956235 1819010.424432 1621857077.346519
987694.67889 1819013.490179 1621857078.047147
987701.600511 1819017.977422 1621857079.047405
987712.879052 1819025.387777 1621857080.746192
987715.089663 1819026.795525 1621857081.097477
987728.145589 1819035.261497 1621857083.208711
987736.407461 1819040.015136 1621857084.546376
987748.954172 1819042.536696 1621857086.547893
987757.485792 1819040.406043 1621857087.897646
987763.857269 1819036.649782 1621857088.947135
987770.060926 1819031.793011 1621857089.997409
987772.059 1819030.102523 1621857090.347245
987773.842252 1819028.570772 1621857090.647727
987785.904836 1819017.97458 1621857092.647648
987790.59632 1819013.917533 1621857093.347281
987792.980576 1819011.820441 1621857093.698748
987805.140341 1819001.344669 1621857095.397382
987810.079107 1818997.299939 1621857096.047122
987820.779933 1818989.307947 1621857097.397314
987823.233937 1818987.587896 1621857097.698798
987826.156475 1818985.614589 1621857098.046609
987975.072991 1818956.943429 1621857113.447446
987978.640366 1818957.523714 1621857113.797014
987982.217681 1818958.109067 1621857114.146242
988006.677756 1818962.845354 1621857116.597064
988009.970251 1818963.879113 1621857116.946117
988041.413205 1818978.451356 1621857120.647605
988049.368044 1818983.298831 1621857121.647278
988052.121384 1818985.069799 1621857121.996955
988057.654635 1818988.614602 1621857122.699736
988063.302545 1818991.971621 1621857123.397119
988080.484836 1818998.81111 1621857125.447148
988086.439762 1818999.691591 1621857126.147116
988089.344011 1818999.806033 1621857126.497576
988107.207611 1818993.535914 1621857128.946649
988112.560885 1818988.090655 1621857129.947098
988109.204255 1818991.776576 1621857129.297668
988120.976784 1818975.932887 1621857131.699423
988124.141382 1818971.058066 1621857132.34688
988125.855923 1818968.39362 1621857132.700315
988129.271773 1818963.02492 1621857133.397619
988137.8873 1818949.47051 1621857135.145482
988139.649045 1818946.746952 1621857135.497563
988150.134269 1818930.683868 1621857137.547254
988155.458759 1818922.502981 1621857138.596984
988162.167627 1818912.230082 1621857139.946531
988166.966283 1818904.782353 1621857140.947238
988171.810424 1818897.767376 1621857141.947376
988170.346855 1818899.825372 1621857141.647163
988178.206418 1818888.262772 1621857143.347179
988181.35433 1818883.528077 1621857144.047633
988187.480397 1818874.102394 1621857145.39745
988192.256648 1818866.861148 1621857146.397356
988193.921071 1818864.327864 1621857146.747267
988198.562974 1818857.3122 1621857147.747251
988201.713126 1818852.538998 1621857148.447734
988204.630905 1818848.15637 1621857149.097517
988217.526106 1818828.387447 1621857151.797165
988219.293415 1818825.594397 1621857152.145915
988224.567905 1818817.565928 1621857153.146423
988231.857901 1818806.512517 1621857154.497745
988239.014871 1818795.48763 1621857155.847443
988237.194877 1818798.314113 1621857155.497568
988247.425737 1818782.64343 1621857157.497463
988254.53112 1818771.869448 1621857158.897806
988259.516295 1818764.340876 1621857159.897419
988256.294542 1818769.202187 1621857159.247367
988265.920494 1818754.60542 1621857161.247355
988269.077882 1818749.742581 1621857161.945789
988273.692112 1818742.572076 1621857162.996933
988280.921555 1818730.578073 1621857164.699091
988282.321208 1818728.032274 1621857165.047037
988286.148664 1818720.229616 1621857166.097858
988287.126747 1818717.874742 1621857166.396942
988291.647471 1818703.258238 1621857168.145263
988292.988557 1818694.408597 1621857169.208191
988293.274616 1818680.221792 1621857170.896821
988293.025196 1818677.194597 1621857171.247131
988292.419791 1818671.50824 1621857171.897329
988288.60912 1818655.972223 1621857173.648164
988286.376956 1818650.245998 1621857174.297171
988283.257709 1818643.755542 1621857175.04726
988279.777845 1818637.881487 1621857175.747082
988277.827694 1818635.025167 1621857176.097778
988271.223337 1818626.869117 1621857177.146986
988258.010732 1818614.798563 1621857178.897302
988255.032133 1818612.620243 1621857179.247258
988233.446415 1818598.278889 1621857181.597113
988223.473303 1818591.609719 1621857182.647071
988217.289162 1818587.432737 1621857183.298283
988204.246578 1818578.707738 1621857184.699631
988201.069235 1818576.600436 1621857185.047263
988197.895879 1818574.518765 1621857185.397403
988180.036845 1818562.839598 1621857187.39716
988167.992199 1818555.000111 1621857188.797452
988162.587325 1818551.508394 1621857189.447143
988165.482372 1818553.382913 1621857189.097273
988157.576002 1818548.246145 1621857190.097331
988148.375441 1818542.276795 1621857191.49771
988142.17838 1818538.858135 1621857192.497536
988128.141495 1818539.146484 1621857194.946227
988130.16517 1818538.062136 1621857194.54731
988122.758587 1818545.313967 1621857196.29722
988120.115434 1818549.39795 1621857196.997012
988112.988889 1818560.575748 1621857198.698484
988109.732522 1818565.610563 1621857199.397159
988111.384026 1818563.066924 1621857199.047498
988106.064575 1818571.200501 1621857200.146312
988100.765246 1818579.301198 1621857201.206468
988090.288419 1818595.269901 1621857203.247238
988085.292758 1818602.969966 1621857204.247161
988078.873491 1818612.939184 1621857205.59716
988077.271259 1818615.445837 1621857205.946518
988071.214424 1818624.798885 1621857207.346416
988066.211133 1818632.421461 1621857208.699178
988063.760152 1818636.172417 1621857209.396999
988058.362004 1818644.474173 1621857210.797328
988054.033546 1818651.168534 1621857211.797076
988056.887204 1818646.740936 1621857211.147271
988052.430434 1818653.679766 1621857212.146217
988033.41043 1818682.987692 1621857215.846773
988031.504971 1818685.809255 1621857216.205305
988022.76408 1818698.788137 1621857217.846765
988021.004382 1818701.459401 1621857218.20489
988013.574786 1818714.294706 1621857219.946876
988012.257761 1818718.971145 1621857220.596918
988012.979528 1818726.364171 1621857221.698643
988015.038126 1818730.144827 1621857222.347882
988022.839132 1818736.402424 1621857223.747291
988027.203822 1818739.0659 1621857224.397125
988024.844535 1818737.619692 1621857224.047596
988038.970232 1818746.413765 1621857226.147054
988040.902521 1818747.684731 1621857226.447025
988047.246105 1818752.257037 1621857227.497418
988055.431061 1818760.718109 1621857229.146953
988056.957901 1818762.754773 1621857229.497625
988061.491066 1818768.567403 1621857230.497414
988072.806497 1818778.576788 1621857232.497458
988080.688545 1818783.947757 1621857233.797333
988082.884214 1818785.334637 1621857234.14719
988091.468782 1818790.729735 1621857235.497764
988089.248196 1818789.35214 1621857235.147115
988102.314276 1818797.442159 1621857237.147071
988109.163 1818801.708976 1621857238.147135
988111.516548 1818803.210783 1621857238.498251
988120.630887 1818809.122847 1621857239.848052
988128.0104 1818813.903071 1621857240.897433
988135.543569 1818818.726377 1621857241.946996
988148.24541 1818826.943287 1621857243.700601
988150.843898 1818828.644641 1621857244.047215
988153.077385 1818830.127905 1621857244.347074
988175.095006 1818848.598066 1621857247.747131
988179.819976 1818854.511587 1621857248.747154
988178.506164 1818852.765985 1621857248.447077
988184.808686 1818862.506886 1621857250.147311
988185.701621 1818864.673447 1621857250.497573
988186.424709 1818879.219938 1621857252.597067
988183.116289 1818886.592145 1621857253.647228
988178.669584 1818894.026712 1621857254.698808
988173.942454 1818901.466324 1621857255.746031
988170.710444 1818906.512681 1621857256.446946
988172.332317 1818903.97332 1621857256.097348
988160.634042 1818922.136937 1621857258.497373
988153.934973 1818932.205757 1621857259.796544
988152.156117 1818934.860058 1621857260.147155
988150.403508 1818937.472871 1621857260.496626
988146.896471 1818942.716085 1621857261.205382
988141.582407 1818950.580943 1621857262.247534
988129.74431 1818968.23761 1621857264.698195
988125.166097 1818975.197972 1621857265.69827
988122.147782 1818979.976182 1621857266.397168
988123.64022 1818977.594998 1621857266.047063
988114.76623 1818991.234495 1621857268.09698
988109.702376 1818996.635213 1621857269.09741
988101.36785 1819002.046321 1621857270.546062
988099.172265 1819002.869226 1621857270.89741
988094.944772 1819003.807713 1621857271.547096
988082.290461 1819003.274672 1621857273.297598
988074.465638 1819001.087742 1621857274.29741
988069.317762 1818998.941781 1621857274.946865
988055.76368 1818991.217366 1621857276.699157
988050.357985 1818987.729699 1621857277.397244
988045.297024 1818984.496298 1621857278.046839
988034.105335 1818977.826858 1621857279.447071
988028.306363 1818974.723554 1621857280.147058
988025.756461 1818973.45991 1621857280.447044
988016.593608 1818969.379741 1621857281.497535
988010.259215 1818967.022668 1621857282.210234
987997.102044 1818963.160586 1621857283.597399
987974.101978 1818958.942057 1621857285.946912
987970.61557 1818958.478389 1621857286.297478
987956.860598 1818957.096001 1621857287.699375
987946.650515 1818956.831378 1621857288.796925
987940.958177 1818956.942549 1621857289.447058
987943.980243 1818956.861427 1621857289.097373
987928.947385 1818957.006041 1621857291.096951
987921.412019 1818953.539257 1621857292.447103
987917.512432 1818948.093218 1621857293.497231
987915.974918 1818941.386737 1621857294.497231
987915.89931 1818936.435492 1621857295.200381
987915.953156 1818933.84356 1621857295.546126
987916.555864 1818926.278553 1621857296.548315
987920.091839 1818909.979148 1621857298.596974
987923.758369 1818901.954112 1621857299.646852
987928.528056 1818893.938508 1621857300.746179
987933.174435 1818886.623208 1621857301.747103
987931.539025 1818889.203004 1621857301.396852
987992.416766 1818795.850837 1621857313.797734
987994.343216 1818793.678676 1621857314.146794
988010.724966 1818784.172994 1621857316.54681
988013.434199 1818783.283003 1621857316.897412
988027.072285 1818779.64044 1621857318.646915
988024.023996 1818780.401472 1621857318.247516
988041.330406 1818776.188149 1621857320.647497
988043.65976 1818775.611535 1621857320.997025
988050.453103 1818774.112822 1621857322.047152
988059.021157 1818773.284312 1621857323.396739
988061.448222 1818773.409907 1621857323.797222
988100.689589 1818795.473277 1621857330.796979
988111.766542 1818802.777328 1621857332.797386
988113.152831 1818803.717192 1621857333.146913
988117.838594 1818806.777017 1621857335.206011
988118.342246 1818807.106594 1621857335.897508
988118.428697 1818807.166553 1621857336.20595
