355770.525047 4027018.130201 1620802223.570808
355772.7316 4027017.780497 1620802224.371734
355774.559904 4027017.552654 1620802225.171787
355777.734378 4027017.292733 1620802226.82118
355777.358683 4027017.318032 1620802226.623715
355782.342839 4027017.158424 1620802228.871406
355780.767426 4027017.21933 1620802228.271246
355783.563784 4027017.119092 1620802229.271172
355793.761955 4027016.95922 1620802231.720515
355794.787566 4027016.950056 1620802231.921644
355809.399666 4027016.971202 1620802234.372077
355816.114951 4027017.18864 1620802235.37118
355817.506352 4027017.26218 1620802235.571118
355832.539762 4027018.196547 1620802237.821693
355834.992285 4027018.340129 1620802238.221505
355840.827624 4027018.62364 1620802239.221344
355841.945725 4027018.666054 1620802239.421519
355855.061498 4027018.706766 1620802241.871766
355851.945797 4027018.778122 1620802241.27179
355861.851914 4027018.51197 1620802243.721571
355862.755408 4027018.488106 1620802244.321988
355863.543822 4027018.476407 1620802245.771667
355863.40848 4027018.477948 1620802245.371834
355863.574875 4027018.479894 1620802246.371031
355863.584682 4027018.487216 1620802248.821428
355863.587575 4027018.483955 1620802249.220756
355863.587233 4027018.481498 1620802249.820765
355863.612147 4027018.497259 1620802251.871304
355863.61831 4027018.493737 1620802252.871435
355863.615997 4027018.49822 1620802252.271435
355863.618754 4027018.487052 1620802253.272061
355863.624351 4027018.474672 1620802255.271599
355863.625121 4027018.4744 1620802255.071823
355863.619614 4027018.481496 1620802263.321897
355863.609646 4027018.481299 1620802264.321044
355863.603174 4027018.48336 1620802265.371841
355863.613266 4027018.483145 1620802266.371572
355863.610526 4027018.483929 1620802267.370953
355863.613878 4027018.486151 1620802268.771832
355863.614191 4027018.485527 1620802269.771961
355863.614895 4027018.484446 1620802270.372014
355863.616369 4027018.484539 1620802271.372005
355863.61586 4027018.48431 1620802271.171765
355863.615836 4027018.483422 1620802274.821336
355863.617126 4027018.483866 1620802274.421513
355863.624741 4027018.48231 1620802276.271455
355863.627553 4027018.483457 1620802277.32158
355863.623466 4027018.483708 1620802277.721508
355863.628155 4027018.481701 1620802279.170626
355863.630779 4027018.485009 1620802280.221393
355863.62311 4027018.485292 1620802281.221462
355863.631853 4027018.485664 1620802282.871272
355863.63034 4027018.485593 1620802283.2716
355863.625543 4027018.485856 1620802284.271394
355863.628093 4027018.485842 1620802284.671135
355863.63105 4027018.486255 1620802285.471234
355863.629304 4027018.486479 1620802287.921626
355863.630011 4027018.487319 1620802288.321646
355863.630346 4027018.486725 1620802288.121636
355863.626403 4027018.486878 1620802290.770749
355863.628002 4027018.486827 1620802290.971797
355863.625246 4027018.488865 1620802293.421449
355863.624912 4027018.48813 1620802298.821439
355863.624282 4027018.487813 1620802299.22157
355863.625613 4027018.487931 1620802299.421392
355863.629043 4027018.490132 1620802301.271281
355863.619748 4027018.485964 1620802302.921663
355863.62079 4027018.486989 1620802303.321809
355863.620207 4027018.488333 1620802304.771734
355863.622375 4027018.48883 1620802304.370964
355863.626422 4027018.487482 1620802306.821738
355863.617113 4027018.488147 1620802306.420603
355863.617781 4027018.492111 1620802308.871429
355863.619559 4027018.491857 1620802308.671526
355863.61632 4027018.492394 1620802309.071764
355863.624841 4027018.491422 1620802311.071599
355863.616596 4027018.488841 1620802312.920954
355863.62009 4027018.488675 1620802313.321625
355863.622616 4027018.491159 1620802314.722186
355863.61932 4027018.491214 1620802315.321983
355863.621351 4027018.489726 1620802316.371802
355863.625138 4027018.491924 1620802317.821451
355863.619513 4027018.491071 1620802318.821433
355863.620175 4027018.491011 1620802319.221919
355863.625965 4027018.491826 1620802319.821411
355863.628238 4027018.492542 1620802320.821465
355863.625837 4027018.492726 1620802322.82046
355863.620634 4027018.492334 1620802322.221629
355863.627728 4027018.492818 1620802323.028096
355863.624764 4027018.491865 1620802325.271681
355863.623862 4027018.49254 1620802326.721792
355863.623274 4027018.491278 1620802327.321814
355863.620678 4027018.491901 1620802327.121695
355863.629663 4027018.491261 1620802329.371827
355863.627964 4027018.49079 1620802329.771901
355863.626615 4027018.490335 1620802330.171268
355864.935853 4027018.22171 1620802333.771713
355865.518743 4027018.044508 1620802334.371937
355867.096948 4027017.390981 1620802335.82171
355867.565331 4027017.169492 1620802336.221445
355868.831518 4027016.608145 1620802337.271353
355869.538385 4027016.338883 1620802337.871464
355871.229884 4027015.84076 1620802339.271142
355873.262496 4027015.43237 1620802340.870831
355873.763181 4027015.372764 1620802341.271361
355874.997398 4027015.269129 1620802342.271365
355876.282288 4027015.147067 1620802343.271394
355881.002237 4027014.590199 1620802346.921275
355882.302982 4027014.445671 1620802347.921314
355881.253138 4027014.55949 1620802347.12247
355884.089472 4027014.262521 1620802348.970911
355884.519888 4027014.20626 1620802349.171657
355894.122323 4027011.156389 1620802353.823016
355895.090168 4027009.841168 1620802354.421898
355895.992596 4027007.513655 1620802355.221512
355896.175744 4027003.911519 1620802356.272767
355895.763656 4026997.797451 1620802357.921439
355895.882962 4026999.988736 1620802357.321837
355895.702231 4026996.335457 1620802358.321866
355895.577583 4026985.761057 1620802360.771825
355895.570155 4026987.744355 1620802360.371027
355895.587284 4026975.892036 1620802362.421431
355895.583642 4026974.568736 1620802362.621345
355895.37215 4026959.330204 1620802364.871409
355895.450831 4026963.579642 1620802364.271714
355895.011101 4026941.921152 1620802367.12134
355894.822976 4026931.925924 1620802368.321212
355894.855655 4026933.638539 1620802368.121976
355894.508003 4026913.281251 1620802370.372017
355894.531176 4026915.173931 1620802370.172105
355893.312372 4026870.068765 1620802375.421498
355891.953136 4026860.892174 1620802376.872295
355891.521595 4026858.544658 1620802377.270347
355890.242924 4026849.930345 1620802378.922309
355890.329485 4026850.843896 1620802378.721454
355889.926486 4026843.920294 1620802380.772202
355889.884689 4026843.068955 1620802381.37219
355889.896945 4026843.287591 1620802381.172572
355889.785055 4026842.916797 1620802383.82099
355889.79303 4026842.907139 1620802383.622047
355889.72303 4026843.052103 1620802386.87171
355889.742973 4026843.081657 1620802387.271448
355889.78474 4026843.161316 1620802388.271354
355889.763173 4026843.299226 1620802389.871472
355889.752348 4026843.399005 1620802390.87156
355889.758628 4026843.337504 1620802390.271399
355889.88339 4026842.616845 1620802392.921774
355889.78676 4026843.242838 1620802392.321739
355889.926541 4026842.486555 1620802393.321143
355889.969268 4026842.483765 1620802395.371879
355889.970245 4026842.484385 1620802395.572267
355889.958979 4026842.478011 1620802401.822214
355889.958824 4026842.478535 1620802401.420534
355889.955265 4026842.473166 1620802403.871963
355889.953209 4026842.469024 1620802404.874199
355889.954823 4026842.471636 1620802404.272059
355889.955054 4026842.468682 1620802406.321117
355889.953596 4026842.468183 1620802406.921893
355889.95554 4026842.467234 1620802408.371613
355889.955466 4026842.466852 1620802408.57087
355889.954692 4026842.4662 1620802410.820286
355889.954235 4026842.465589 1620802411.421165
355889.9546 4026842.465823 1620802411.22121
355889.900634 4026839.633471 1620802415.871382
355889.826414 4026832.813175 1620802417.871645
355889.751337 4026831.130662 1620802418.271529
355889.647139 4026829.308426 1620802418.671175
355888.706473 4026819.970779 1620802420.322356
355887.70864 4026812.754489 1620802421.371789
355887.264898 4026809.852904 1620802421.771772
355885.731938 4026795.003256 1620802423.772743
355885.944224 4026797.872328 1620802423.37216
355885.323892 4026787.989724 1620802424.771584
355884.93052 4026776.359427 1620802426.371901
355884.716625 4026768.799539 1620802427.372046
355884.758411 4026770.333506 1620802427.17175
355884.268436 4026752.60228 1620802429.421541
355884.233636 4026750.968688 1620802429.621606
355883.977374 4026736.879792 1620802431.272386
355883.949031 4026735.137632 1620802431.471574
355883.754206 4026711.878637 1620802434.322
355869.281372 4026685.974907 1620802439.922163
355866.704478 4026685.721358 1620802440.321913
355865.360407 4026685.62009 1620802440.524766
355850.991865 4026684.431809 1620802442.372491
355852.711596 4026684.591905 1620802442.173233
355810.083132 4026679.309627 1620802446.421585
355812.246128 4026679.469464 1620802446.221589
355722.144638 4026677.525503 1620802454.871652
355713.673723 4026677.401447 1620802455.871845
355710.516768 4026677.360654 1620802456.271955
355706.024699 4026677.284655 1620802456.871458
355692.807324 4026677.025594 1620802458.921926
355690.491546 4026676.980627 1620802459.321488
355689.34678 4026676.954654 1620802459.524079
355677.329671 4026676.729219 1620802461.820125
355672.921442 4026676.641438 1620802462.772002
355674.739476 4026676.67818 1620802462.372061
355670.247449 4026676.602252 1620802463.371933
355657.564955 4026676.442919 1620802465.872012
355655.299064 4026676.409084 1620802466.271508
355656.714115 4026676.429824 1620802466.031074
355642.250727 4026676.80229 1620802468.922233
355638.76277 4026677.674624 1620802469.921866
355639.423099 4026677.457236 1620802469.72133
355631.610617 4026697.674328 1620802475.972059
355631.691332 4026699.786953 1620802476.372339
355631.770662 4026701.937362 1620802476.770962
355631.473269 4026714.168951 1620802478.821728
355630.817858 4026721.068695 1620802479.871611
355631.242535 4026716.749393 1620802479.221831
355629.903563 4026734.521793 1620802481.921659
355629.858495 4026737.223885 1620802482.32164
355629.940296 4026748.77117 1620802483.971577
355629.977807 4026751.478223 1620802484.371246
355630.049457 4026755.386441 1620802484.970988
355630.11108 4026757.859435 1620802485.375176
355630.341323 4026773.423675 1620802487.821312
355630.336525 4026772.042856 1620802487.621763
355630.334796 4026783.974449 1620802489.271706
355630.252735 4026791.51685 1620802490.321959
355630.231247 4026792.898963 1620802490.524353
355630.093559 4026804.019345 1620802492.372435
355630.319933 4026806.975227 1620802492.972114
355632.12317 4026812.884307 1620802494.372324
355633.037988 4026814.312623 1620802494.771274
355640.249469 4026818.828632 1620802496.821536
355643.05992 4026819.406726 1620802497.423596
355650.800872 4026819.748689 1620802498.821764
355657.284943 4026819.763551 1620802499.821706
355661.546878 4026819.6639 1620802500.420754
355672.68712 4026819.409798 1620802501.821005
355677.699547 4026819.338016 1620802502.421999
355674.361767 4026819.382047 1620802502.031556
355696.111002 4026819.110999 1620802504.871901
355690.546993 4026819.235589 1620802504.071846
355697.44116 4026819.076912 1620802505.071486
355725.632664 4026820.400125 1620802509.922352
355728.07922 4026820.530745 1620802510.322883
355738.285756 4026820.739408 1620802511.972214
355740.855313 4026820.713181 1620802512.372149
355747.549067 4026820.574718 1620802513.371439
355751.731344 4026820.464372 1620802513.975151
355753.155903 4026820.429961 1620802514.172776
355778.273599 4026820.085015 1620802517.42208
355776.60412 4026820.097968 1620802517.221799
355796.391913 4026819.731473 1620802519.471612
355799.992247 4026819.629342 1620802519.87166
355818.649868 4026819.149425 1620802521.92162
355813.203186 4026819.252891 1620802521.321964
355831.1635 4026819.001907 1620802523.371207
355832.800144 4026818.97323 1620802523.572274
355855.423098 4026818.469654 1620802527.421849
355857.493794 4026818.397393 1620802528.821505
355857.708046 4026818.37649 1620802529.421628
355857.711386 4026818.364073 1620802530.421769
355857.699823 4026818.393778 1620802531.821697
355857.68797 4026818.420795 1620802532.421666
355857.672011 4026818.46308 1620802533.221456
355857.660971 4026818.468489 1620802535.821588
355857.660217 4026818.475225 1620802537.871509
355857.658385 4026818.475085 1620802537.471849
355857.660035 4026818.475625 1620802538.072007
355857.651299 4026818.489557 1620802541.921664
355857.652055 4026818.488181 1620802542.921671
355857.649811 4026818.488046 1620802543.321429
355857.648436 4026818.488143 1620802543.522852
355857.646481 4026818.487768 1620802544.57089
355857.643829 4026818.488314 1620802546.57189
355857.644825 4026818.487656 1620802547.371115
355857.649553 4026818.48938 1620802548.821702
355857.65079 4026818.490483 1620802549.820589
355857.650563 4026818.491555 1620802550.421646
355857.651479 4026818.491668 1620802551.420628
355857.649742 4026818.493012 1620802551.032693
355857.65412 4026818.495564 1620802553.871571
355857.654681 4026818.495709 1620802553.471534
355857.654329 4026818.496246 1620802555.921931
355857.655832 4026818.497021 1620802556.321665
355857.656917 4026818.499454 1620802557.922561
355857.663394 4026818.496827 1620802558.922131
355857.663018 4026818.497769 1620802559.321623
355857.661454 4026818.500248 1620802559.921945
355857.662313 4026818.499359 1620802561.32147
355857.662371 4026818.500565 1620802562.770959
355857.661556 4026818.49967 1620802563.372051
355857.665439 4026818.498763 1620802564.820984
355857.664687 4026818.498741 1620802565.821402
355857.659861 4026818.499111 1620802566.421678
355857.654926 4026818.49951 1620802566.822241
355857.66643 4026818.497219 1620802568.821541
355857.667686 4026818.497798 1620802569.421669
355857.666805 4026818.49979 1620802570.42084
355857.665465 4026818.500473 1620802570.821566
355857.66124 4026818.500401 1620802572.471444
355857.655669 4026818.50184 1620802573.47139
355857.651656 4026818.502237 1620802574.921584
355857.649847 4026818.501844 1620802575.921589
355857.649406 4026818.501879 1620802576.322182
355857.649057 4026818.501988 1620802576.721893
355857.647444 4026818.50196 1620802577.97058
355857.648032 4026818.501621 1620802578.171369
355857.649274 4026818.498233 1620802580.821533
355857.654263 4026818.49877 1620802581.821735
355857.654225 4026818.49983 1620802582.871572
355857.65559 4026818.499156 1620802582.221637
355857.653212 4026818.500082 1620802583.071854
355857.650834 4026818.500733 1620802586.52286
355857.650985 4026818.500491 1620802586.721447
355857.660762 4026818.50088 1620802588.372259
355857.65852 4026818.500851 1620802589.821743
355857.655737 4026818.501284 1620802590.871556
355857.65715 4026818.501029 1620802590.42161
355857.647204 4026818.503996 1620802592.522583
355857.646999 4026818.503489 1620802593.522949
355857.646371 4026818.503166 1620802593.721799
355857.649325 4026818.50135 1620802596.77195
355857.6496 4026818.500658 1620802597.971074
355857.651345 4026818.499222 1620802598.971041
355857.661832 4026818.499752 1620802599.97206
355857.662448 4026818.500572 1620802600.370888
355857.663663 4026818.501531 1620802601.421864
355857.664643 4026818.50128 1620802602.421845
355857.658299 4026818.501332 1620802603.472151
355857.653022 4026818.500671 1620802603.871693
355857.651058 4026818.500203 1620802604.072232
355857.908892 4026818.482233 1620802608.321713
355857.978082 4026818.479074 1620802609.972353
355858.044659 4026818.477694 1620802610.172005
355861.342865 4026818.400906 1620802612.420787
355863.244052 4026818.361052 1620802613.030344
355863.964214 4026818.349097 1620802613.221877
355871.938694 4026818.142353 1620802615.031369
355896.040389 4026817.510741 1620802618.872277
355902.565497 4026817.294389 1620802619.871013
355899.922289 4026817.380591 1620802619.472113
355907.069833 4026817.176478 1620802620.522501
355912.893947 4026817.023203 1620802621.321852
355934.359248 4026816.551768 1620802623.971124
355937.882079 4026816.525722 1620802624.372338
355947.432707 4026816.441782 1620802625.420854
355949.267757 4026816.416663 1620802625.622714
356020.591654 4026814.876396 1620802633.871234
356026.183364 4026814.75953 1620802634.472092
356035.763255 4026814.505619 1620802635.472283
356049.690992 4026814.085062 1620802636.871824
356059.989751 4026813.772267 1620802637.873972
356055.844432 4026813.902403 1620802637.473477
356064.185991 4026813.636972 1620802638.271743
356085.74875 4026813.199732 1620802640.322965
356083.656874 4026813.23259 1620802640.122712
356125.65505 4026812.079554 1620802644.572273
356131.356156 4026811.834907 1620802645.371307
356134.044615 4026811.747994 1620802645.772052
356149.123831 4026815.136318 1620802648.422697
356151.798602 4026817.236255 1620802649.03532
356156.976868 4026826.475062 1620802650.871794
356157.171471 4026827.680845 1620802651.071563
356157.53902 4026839.644905 1620802652.922393
356157.583704 4026842.380816 1620802653.322184
356157.791922 4026854.674453 1620802654.972171
356157.834979 4026857.941425 1620802655.3726
356158.035861 4026870.803935 1620802656.822021
356158.139712 4026876.410908 1620802657.421698
356158.18288 4026878.272799 1620802657.62192
356158.522745 4026893.27454 1620802659.272801
356159.160931 4026927.387147 1620802662.922514
356159.235102 4026931.126648 1620802663.322103
356159.536307 4026944.071448 1620802664.772069
356159.663788 4026948.762205 1620802665.372068
356159.849261 4026956.303246 1620802666.422941
356160.063397 4026963.964897 1620802667.622709
356160.121575 4026966.392165 1620802668.036366
356156.835012 4026983.599325 1620802670.871635
356152.182768 4026988.876168 1620802671.921779
356153.221826 4026987.982571 1620802671.721786
356151.085394 4026989.707445 1620802672.121948
356103.531557 4027013.025198 1620802678.37142
356093.290877 4027018.028923 1620802679.422517
356083.182939 4027023.065835 1620802680.421455
356079.097937 4027025.170836 1620802680.821309
356062.070163 4027034.234808 1620802682.471979
356051.476503 4027040.048901 1620802683.471474
356035.799155 4027048.759405 1620802684.92164
356025.021353 4027054.705918 1620802685.921032
356014.46124 4027060.357093 1620802686.92252
356020.756748 4027057.005766 1620802686.32241
356003.988659 4027065.987011 1620802687.973017
355998.405769 4027068.988361 1620802688.573133
355982.268449 4027077.645152 1620802690.42143
355983.995681 4027076.718469 1620802690.221508
355961.225427 4027089.385868 1620802692.87161
355958.020438 4027091.459589 1620802693.2719
355945.840572 4027100.589589 1620802694.921463
355939.278741 4027106.121839 1620802695.921934
355933.538106 4027111.111293 1620802696.921499
355928.424382 4027115.659774 1620802697.921943
355931.414317 4027112.984245 1620802697.321658
355919.488486 4027121.827854 1620802699.772074
355916.419255 4027122.838002 1620802700.371109
355910.313642 4027122.962824 1620802701.422157
355904.552388 4027121.025894 1620802702.421843
355902.484157 4027119.720111 1620802702.821767
355896.550877 4027109.709564 1620802704.871253
355897.059354 4027111.846028 1620802704.471866
355895.692645 4027099.35842 1620802706.871875
355895.448466 4027093.576049 1620802707.921604
355895.26594 4027087.67681 1620802708.871861
355895.056668 4027080.741308 1620802709.872943
355895.141695 4027083.586869 1620802709.472955
355894.938024 4027076.467639 1620802710.471633
355894.499669 4027060.530329 1620802712.92287
355894.586026 4027063.865936 1620802712.322905
355895.1238 4027034.665652 1620802717.421558
355895.290831 4027030.646134 1620802717.972374
355895.504792 4027015.070283 1620802719.871551
355895.386662 4027006.061512 1620802720.922999
355895.131629 4026996.992865 1620802721.921936
355895.089436 4026987.97112 1620802722.92169
355895.092434 4026991.55893 1620802722.523916
355895.067072 4026986.15805 1620802723.121962
355894.524111 4026953.745958 1620802726.972091
355894.509057 4026951.063526 1620802727.372113
355894.50638 4026949.809016 1620802727.572295
355894.431972 4026939.778132 1620802729.422048
355894.438032 4026940.788767 1620802729.221641
355896.327296 4026927.536756 1620802731.872162
355897.9652 4026924.854392 1620802732.472361
355896.812807 4026926.61208 1620802732.071807
355907.314868 4026918.319959 1620802734.523933
355906.185243 4026918.699176 1620802734.321853
355940.881669 4026916.123033 1620802739.371434
355949.745843 4026915.901794 1620802740.421649
355958.179586 4026915.632353 1620802741.421397
355954.863219 4026915.737045 1620802741.033901
355970.115897 4026915.302354 1620802743.034896
355980.645159 4026915.122672 1620802744.472028
355988.559841 4026914.946791 1620802745.47191
355997.135259 4026914.709981 1620802746.471912
356010.711847 4026914.362812 1620802747.921714
356006.848207 4026914.454695 1620802747.524475
356031.792497 4026913.795205 1620802749.971428
356042.360362 4026913.511418 1620802750.972018
356036.035577 4026913.675288 1620802750.372497
356057.046056 4026913.17369 1620802752.42157
356066.666594 4026912.928554 1620802753.421655
356076.333194 4026912.631507 1620802754.4217
356086.405985 4026912.26113 1620802755.422702
356096.825799 4026911.89309 1620802756.42213
356107.167105 4026911.711334 1620802757.422959
356117.033249 4026911.674784 1620802758.422105
356113.133115 4026911.727397 1620802758.036296
356151.029128 4026915.279018 1620802762.87124
356155.353829 4026919.482244 1620802763.872131
356157.873635 4026924.908396 1620802764.872597
356158.613503 4026928.458636 1620802765.472908
356158.151991 4026926.084632 1620802765.072127
356160.217428 4026942.956458 1620802767.921932
356160.352599 4026948.953419 1620802768.922021
356160.392115 4026954.686434 1620802769.922037
356160.464175 4026960.599538 1620802770.921879
356160.848899 4026965.977831 1620802771.923038
356161.753054 4026970.01381 1620802772.973193
356161.186393 4026967.779674 1620802772.323179
356162.0006 4026971.114309 1620802774.772249
356161.988611 4026971.17535 1620802775.573261
356161.963809 4026971.500683 1620802778.823099
356162.096496 4026971.829973 1620802779.421813
356162.001214 4026971.603472 1620802779.036022
356163.764932 4026973.959377 1620802781.921785
356165.169257 4026974.667806 1620802782.972219
356165.612055 4026974.791839 1620802783.171851
356171.471306 4026973.205714 1620802785.422178
356174.675878 4026970.894984 1620802786.421225
356178.714414 4026967.682669 1620802787.471617
356185.230702 4026962.499753 1620802788.872101
356196.073919 4026954.328016 1620802790.921983
356198.350834 4026952.652634 1620802791.322006
356199.491676 4026951.833861 1620802791.523832
356205.202507 4026947.853855 1620802792.52456
356215.668353 4026940.868594 1620802794.322079
356222.150621 4026936.663966 1620802795.323171
356223.510766 4026935.789076 1620802795.524996
356236.255626 4026927.513792 1620802797.372256
356237.620079 4026926.624752 1620802797.572582
356270.084636 4026905.811703 1620802801.822019
356271.771766 4026904.751143 1620802802.03617
356315.23691 4026875.726016 1620802807.471811
356325.667504 4026868.30235 1620802808.871916
356329.930265 4026865.3196 1620802809.471531
356327.126699 4026867.284449 1620802809.071556
356343.009138 4026855.919719 1620802812.922112
356344.926672 4026854.013237 1620802813.972711
356345.820328 4026852.934263 1620802814.372119
356348.192561 4026849.068037 1620802815.422175
356350.72293 4026842.499305 1620802816.872207
356351.61398 4026839.675658 1620802817.472215
356352.158408 4026837.910561 1620802817.872126
356353.82638 4026832.044149 1620802819.72253
356354.059282 4026831.214953 1620802820.322137
356354.100566 4026831.098814 1620802820.523597
356354.136267 4026831.056901 1620802822.372393
356354.137422 4026831.088138 1620802823.423276
356354.113977 4026831.092482 1620802824.4228
356354.059042 4026831.066399 1620802825.422012
356354.087975 4026831.085786 1620802825.036182
356354.008906 4026831.122136 1620802827.871968
356354.005879 4026831.135784 1620802828.471908
356354.004984 4026831.137875 1620802828.872064
356354.004303 4026831.138585 1620802829.071799
356353.902984 4026831.126533 1620802832.922887
356353.907943 4026831.124291 1620802832.722382
356353.845895 4026831.168577 1620802836.372597
356353.850247 4026831.175976 1620802836.972521
356353.838918 4026831.184494 1620802837.972272
356353.84755 4026831.176767 1620802839.422078
356353.835332 4026831.19086 1620802840.037935
356353.772649 4026831.202247 1620802843.472093
356353.766586 4026831.206663 1620802843.872198
356353.755687 4026831.20184 1620802845.972582
356353.762173 4026831.202469 1620802846.525529
356353.758302 4026831.215855 1620802847.622267
356353.776654 4026831.102389 1620802848.871854
356353.873178 4026830.69528 1620802849.524241
356354.164354 4026829.412389 1620802850.524751
356354.394342 4026827.682338 1620802851.525709
356354.417898 4026826.789516 1620802851.922416
356352.019336 4026821.879356 1620802853.972916
356352.884956 4026822.732856 1620802853.573008
356346.620038 4026819.917795 1620802855.5727
356348.220021 4026820.227403 1620802855.17256
356335.004967 4026817.153055 1620802858.03287
356329.562929 4026815.204589 1620802859.033119
356322.601622 4026814.0453 1620802860.07213
356315.952703 4026811.923148 1620802861.072007
356287.672422 4026803.720514 1620802864.523831
356283.925954 4026802.621557 1620802864.923029
356263.66046 4026796.465092 1620802866.971572
356253.123607 4026793.273518 1620802867.971656
356242.101985 4026790.013518 1620802868.972495
356230.588258 4026786.66087 1620802869.971796
356235.231536 4026788.056375 1620802869.57149
356198.534972 4026777.078912 1620802872.622279
356193.682317 4026775.599431 1620802873.032812
356188.823545 4026774.113796 1620802873.422394
356169.22649 4026768.067163 1620802875.032815
356156.806941 4026764.239363 1620802876.033411
356144.274282 4026760.401792 1620802877.031107
356126.435067 4026754.931392 1620802878.472043
356114.593224 4026751.315393 1620802879.472125
356102.920197 4026747.789386 1620802880.471901
356091.22925 4026744.288454 1620802881.472059
356079.560847 4026740.671436 1620802882.471606
356067.997755 4026737.130288 1620802883.471945
356072.573525 4026738.580968 1620802883.072051
356045.561403 4026730.22957 1620802885.522828
356031.067412 4026726.391033 1620802886.971628
356021.601423 4026724.208155 1620802887.971732
356025.347038 4026725.056847 1620802887.571836
356007.34548 4026720.846715 1620802889.571645
356000.031952 4026718.896866 1620802890.421149
355994.808445 4026717.545208 1620802891.031699
355986.587563 4026715.099916 1620802892.032437
355978.512586 4026712.549426 1620802893.029532
355967.340992 4026709.233724 1620802894.472047
355960.289041 4026707.177009 1620802895.472644
355961.64366 4026707.569011 1620802895.272257
355927.093157 4026697.188736 1620802901.523907
355917.412434 4026694.134551 1620802902.972988
355910.073788 4026691.885898 1620802903.97292
355913.075421 4026692.806402 1620802903.572971
355906.993015 4026690.969037 1620802904.372674
355893.182675 4026687.367119 1620802906.032188
355863.354327 4026682.575321 1620802909.073174
355843.767191 4026680.499384 1620802910.872105
355837.188203 4026679.933009 1620802911.472053
355841.593169 4026680.306528 1620802911.072645
355801.069781 4026678.303843 1620802914.523163
355806.080375 4026678.413791 1620802914.122189
355769.235374 4026677.95894 1620802916.972158
355755.719243 4026677.781721 1620802917.972521
355741.970852 4026677.592077 1620802918.972983
355747.50131 4026677.659649 1620802918.572767
355716.99839 4026677.321529 1620802920.822266
355709.168928 4026677.148222 1620802921.422575
355696.470189 4026676.955351 1620802922.422345
355691.611196 4026676.912338 1620802922.822031
355655.122074 4026676.45395 1620802926.472205
355647.631444 4026676.464614 1620802927.472152
355650.532459 4026676.41238 1620802927.071779
355643.609864 4026676.809611 1620802928.072219
355634.008055 4026680.452285 1620802930.523464
355633.677343 4026680.728107 1620802930.922783
355633.631498 4026680.768355 1620802931.122154
355633.660719 4026680.737388 1620802932.122126
355631.653109 4026683.001827 1620802934.572643
355631.914152 4026682.608593 1620802934.371794
355629.723666 4026689.05278 1620802936.823071
355630.089394 4026687.14388 1620802936.221699
355629.179487 4026700.041423 1620802939.472049
355629.176276 4026705.618237 1620802940.472199
355629.181441 4026703.278813 1620802940.072239
355629.509507 4026719.558819 1620802942.52522
355629.602382 4026722.403305 1620802942.922411
355629.650729 4026723.825735 1620802943.122545
355630.127092 4026744.389898 1620802945.97556
355629.916987 4026751.874333 1620802946.973702
355630.038103 4026748.842105 1620802946.572605
355629.758355 4026754.955283 1620802947.372853
355628.79545 4026767.228571 1620802949.033567
355628.200428 4026774.345827 1620802950.032603
355627.673618 4026781.044246 1620802951.032067
355627.191229 4026787.557558 1620802952.033199
355626.657591 4026794.183662 1620802953.032722
355625.92218 4026800.411945 1620802954.033347
355624.898295 4026806.398525 1620802955.031931
355623.439378 4026812.486161 1620802956.032782
355621.19314 4026818.643373 1620802957.033871
355619.984669 4026821.067507 1620802957.421513
355598.297483 4026846.126768 1620802961.872333
355594.959201 4026849.724698 1620802962.472049
355597.177344 4026847.315373 1620802962.072606
355590.726386 4026854.564829 1620802963.272396
355577.150345 4026874.894019 1620802966.523632
355573.679375 4026883.562259 1620802967.972841
355575.436009 4026878.798841 1620802967.172844
355568.452783 4026908.765033 1620802971.872369
355567.859088 4026912.971903 1620802972.472417
355567.407871 4026916.939016 1620802973.031972
355567.055915 4026927.953009 1620802974.472443
355567.291758 4026932.307668 1620802975.032978
355567.644929 4026935.930719 1620802975.472292
355568.268297 4026940.432414 1620802976.03279
355569.875841 4026948.415843 1620802977.033186
355575.284949 4026964.128224 1620802979.122512
355580.593319 4026974.526146 1620802980.572567
355584.823836 4026981.447133 1620802981.572978
355591.077403 4026990.112179 1620802982.972795
355589.257635 4026987.779695 1620802982.572565
355592.948285 4026992.361597 1620802983.372756
355604.940668 4027003.812656 1620802985.572734
355602.587612 4027001.82824 1620802985.171887
355626.425681 4027016.292282 1620802988.82238
355627.810523 4027016.781253 1620802989.032583
355632.026813 4027017.935377 1620802989.621641
355648.309724 4027019.749969 1620802991.871943
355663.940407 4027019.910351 1620802993.922448
355673.386504 4027020.469906 1620802995.122469
355705.182911 4027021.600826 1620802998.571942
355715.11136 4027021.428325 1620802999.572757
355724.728116 4027021.122347 1620803000.571866
355728.183367 4027020.944468 1620803000.97262
355739.878852 4027019.782018 1620803002.622126
355744.665617 4027019.25544 1620803003.622426
355747.392801 4027019.040246 1620803004.472162
355748.754952 4027018.976576 1620803005.072339
355749.385214 4027018.93593 1620803005.471855
355749.800473 4027018.875166 1620803007.522916
355749.798183 4027018.874195 1620803008.572055
