990512.204401 1819701.407428 1620802223.671062
990514.118531 1819701.141629 1620802224.371734
990515.845618 1819700.951971 1620802225.121035
990519.033108 1819700.736356 1620802226.77051
990518.563196 1819700.761954 1620802226.52266
990523.73589 1819700.669149 1620802228.871406
990522.160112 1819700.70555 1620802228.271246
990524.956996 1819700.648806 1620802229.271172
990534.902783 1819700.645118 1620802231.671223
990536.43954 1819700.656455 1620802231.970582
990550.785642 1819700.902471 1620802234.372077
990557.49507 1819701.224188 1620802235.37118
990558.188745 1819701.268667 1620802235.470811
990573.898158 1819702.486972 1620802237.821693
990576.347545 1819702.668615 1620802238.221505
990582.176326 1819703.042705 1620802239.221344
990583.569744 1819703.115512 1620802239.471468
990596.403658 1819703.347001 1620802241.871766
990593.287997 1819703.369911 1620802241.27179
990603.087286 1819703.259641 1620802243.671451
990604.098129 1819703.247989 1620802244.321988
990604.886434 1819703.248546 1620802245.771667
990604.751118 1819703.247984 1620802245.371834
990604.917421 1819703.252515 1620802246.371031
990604.927111 1819703.259986 1620802248.821428
990604.930053 1819703.256771 1620802249.220756
990604.929749 1819703.25431 1620802249.820765
990604.954409 1819703.270452 1620802251.871304
990604.960625 1819703.267028 1620802252.871435
990604.958243 1819703.271473 1620802252.271435
990604.961173 1819703.260352 1620802253.272061
990604.96696 1819703.248063 1620802255.271599
990604.967209 1819703.248008 1620802255.220976
990604.962119 1819703.254811 1620802263.321897
990604.952157 1819703.254459 1620802264.321044
990604.945656 1819703.256419 1620802265.371841
990604.955747 1819703.256361 1620802266.371572
990604.952996 1819703.257102 1620802267.370953
990604.956312 1819703.259375 1620802268.771832
990604.95631 1819703.258678 1620802269.821313
990604.957463 1819703.257696 1620802270.420717
990604.958827 1819703.257803 1620802271.372005
990604.958059 1819703.257527 1620802271.12184
990604.958632 1819703.256657 1620802274.770967
990604.959524 1819703.257139 1620802274.470888
990604.967231 1819703.255705 1620802276.271455
990604.970024 1819703.256895 1620802277.32158
990604.965935 1819703.257082 1620802277.721508
990604.970381 1819703.25507 1620802279.121089
990604.973225 1819703.258497 1620802280.221393
990604.965554 1819703.25866 1620802281.221462
990604.974288 1819703.259168 1620802282.871272
990604.972777 1819703.259073 1620802283.2716
990604.96836 1819703.259241 1620802284.3217
990604.970527 1819703.259287 1620802284.671135
990604.973865 1819703.259774 1620802285.571513
990604.972441 1819703.259941 1620802287.971047
990604.972421 1819703.260794 1620802288.321646
990604.972887 1819703.260001 1620802288.03054
990604.969174 1819703.260245 1620802290.821266
990604.970954 1819703.260319 1620802291.071572
990604.967994 1819703.262228 1620802293.471395
990604.967312 1819703.261525 1620802298.821439
990604.966687 1819703.261199 1620802299.22157
990604.968286 1819703.261361 1620802299.471536
990604.970962 1819703.263417 1620802301.321518
990604.962095 1819703.259152 1620802302.972026
990604.963209 1819703.260321 1620802303.321809
990604.962605 1819703.261655 1620802304.771734
990604.964742 1819703.262104 1620802304.421456
990604.968831 1819703.260901 1620802306.821738
990604.960506 1819703.261386 1620802306.471384
990604.959672 1819703.265434 1620802308.921723
990604.962202 1819703.265135 1620802308.620559
990604.956805 1819703.266488 1620802309.271475
990604.967279 1819703.264897 1620802311.030962
990604.959108 1819703.261876 1620802312.97185
990604.962483 1819703.261995 1620802313.321625
990604.964969 1819703.264517 1620802314.722186
990604.961674 1819703.264521 1620802315.321983
990604.964026 1819703.263177 1620802316.421472
990604.967479 1819703.265321 1620802317.821451
990604.961869 1819703.264381 1620802318.821433
990604.962532 1819703.264332 1620802319.221919
990604.968307 1819703.265236 1620802319.821411
990604.970568 1819703.265987 1620802320.821465
990604.968165 1819703.266134 1620802322.82046
990604.96297 1819703.265661 1620802322.221629
990604.970214 1819703.266627 1620802323.171998
990604.967601 1819703.265336 1620802325.321458
990604.966193 1819703.265917 1620802326.721792
990604.965625 1819703.264647 1620802327.321814
990604.962149 1819703.265553 1620802327.032267
990604.971799 1819703.264775 1620802329.421461
990604.969899 1819703.264166 1620802329.821485
990604.969035 1819703.263798 1620802330.122409
990606.328408 1819703.003121 1620802333.821481
990606.918383 1819702.830514 1620802334.421505
990608.455117 1819702.218738 1620802335.82171
990608.92677 1819702.004609 1620802336.221445
990610.141236 1819701.485899 1620802337.221414
990610.853032 1819701.22528 1620802337.82129
990612.546994 1819700.749265 1620802339.221382
990614.585697 1819700.365517 1620802340.82127
990615.087727 1819700.310289 1620802341.221009
990616.322699 1819700.225708 1620802342.220403
990617.671942 1819700.118395 1620802343.271394
990622.398804 1819699.635083 1620802346.921275
990623.701315 1819699.510822 1620802347.921314
990622.835638 1819699.586493 1620802347.271747
990625.595266 1819699.345125 1620802349.029473
990625.70196 1819699.332028 1620802349.07075
990635.567415 1819696.406431 1620802353.823016
990636.555343 1819695.106735 1620802354.421898
990637.451541 1819692.951314 1620802355.171658
990637.732668 1819689.196142 1620802356.272767
990637.415747 1819683.077924 1620802357.921439
990637.500955 1819685.270256 1620802357.321837
990637.377064 1819681.615515 1620802358.321866
990637.416792 1819671.043076 1620802360.771825
990637.378546 1819673.025527 1620802360.371027
990637.579858 1819661.177843 1620802362.421431
990637.584112 1819660.846496 1620802362.471787
990637.622179 1819644.618773 1620802364.871409
990637.635905 1819649.213269 1620802364.220623
990637.535012 1819628.421716 1620802366.971497
990637.499076 1819617.216061 1620802368.321212
990637.501488 1819617.645423 1620802368.271452
990637.47396 1819598.573366 1620802370.372017
990637.466509 1819601.403109 1620802370.071901
990636.950294 1819555.358229 1620802375.421498
990635.782644 1819546.463943 1620802376.821419
990635.339261 1819543.810542 1620802377.270347
990634.194927 1819535.179534 1620802378.922309
990634.288487 1819536.330993 1620802378.672401
990633.974814 1819529.263204 1620802380.721313
990633.94345 1819528.315106 1620802381.37219
990633.95707 1819528.66855 1620802381.072257
990633.84426 1819528.163901 1620802383.871723
990633.859993 1819528.144869 1620802383.471856
990633.782112 1819528.295748 1620802386.87171
990633.801588 1819528.325601 1620802387.271448
990633.842102 1819528.40588 1620802388.271354
990633.8184 1819528.543404 1620802389.871472
990633.806028 1819528.642978 1620802390.87156
990633.813262 1819528.581597 1620802390.271399
990633.949177 1819527.863143 1620802392.921774
990633.842855 1819528.487403 1620802392.321739
990633.998254 1819527.734097 1620802393.371817
990634.037091 1819527.731446 1620802395.371879
990634.038594 1819527.732654 1620802395.721853
990634.026895 1819527.725534 1620802401.822214
990634.026732 1819527.726056 1620802401.420534
990634.023061 1819527.720469 1620802403.821157
990634.021267 1819527.716461 1620802404.874199
990634.02284 1819527.719097 1620802404.272059
990634.023117 1819527.716148 1620802406.321117
990634.021667 1819527.715626 1620802406.921893
990634.023625 1819527.714708 1620802408.371613
990634.023515 1819527.714332 1620802408.421136
990634.022794 1819527.713661 1620802410.820286
990634.022346 1819527.713043 1620802411.421165
990634.022734 1819527.713535 1620802411.171893
990634.012776 1819524.881136 1620802415.871382
990634.04457 1819518.062201 1620802417.871645
990633.995666 1819516.379142 1620802418.271529
990633.931703 1819514.792145 1620802418.620884
990633.085025 1819504.881011 1620802420.371797
990632.239285 1819497.978 1620802421.371789
990631.840796 1819495.070589 1620802421.771772
990630.539161 1819480.202593 1620802423.772743
990630.706784 1819483.073907 1620802423.37216
990630.240254 1819473.185306 1620802424.771584
990630.027758 1819461.553184 1620802426.371901
990629.93142 1819453.992759 1620802427.372046
990629.96042 1819456.289417 1620802427.071414
990629.731617 1819437.387655 1620802429.472634
990629.729102 1819436.980068 1620802429.523547
990629.688461 1819422.073292 1620802431.272386
990629.68579 1819419.466913 1620802431.5719
990629.85388 1819397.077885 1620802434.322
990615.475437 1819370.908642 1620802439.972015
990613.216908 1819370.665308 1620802440.321913
990611.190356 1819370.482724 1620802440.621692
990597.530128 1819369.13207 1620802442.372491
990599.670028 1819369.363139 1620802442.122702
990556.175509 1819363.329965 1620802446.471877
990559.415795 1819363.619277 1620802446.171571
990468.83777 1819360.226112 1620802454.871652
990460.371911 1819359.970469 1620802455.871845
990457.216755 1819359.880634 1620802456.271955
990452.727526 1819359.734859 1620802456.871458
990439.227201 1819359.259201 1620802458.971385
990436.917902 1819359.178458 1620802459.371494
990435.495379 1819359.124876 1620802459.621186
990424.051728 1819358.733727 1620802461.820125
990419.423598 1819358.569182 1620802462.821383
990421.463283 1819358.642457 1620802462.372061
990416.75088 1819358.490861 1620802463.421701
990404.298762 1819358.140403 1620802465.872012
990402.316324 1819358.08042 1620802466.22084
990402.881896 1819358.097911 1620802466.121726
990389.177556 1819358.23514 1620802468.872023
990385.484385 1819359.07948 1620802469.921866
990386.486135 1819358.778859 1620802469.622396
990378.024092 1819378.960654 1620802475.972059
990378.071948 1819381.073753 1620802476.372339
990378.112824 1819382.951902 1620802476.721602
990377.630478 1819395.447048 1620802478.821728
990376.868091 1819402.334058 1620802479.871611
990377.430515 1819397.3765 1620802479.121875
990375.758129 1819415.435487 1620802481.871804
990375.658039 1819418.468371 1620802482.32164
990375.56037 1819430.01266 1620802483.971577
990375.555801 1819432.719296 1620802484.371246
990375.566692 1819436.627183 1620802484.970988
990375.58698 1819438.796731 1620802485.32174
990375.578159 1819454.662288 1620802487.821312
990375.587966 1819453.970202 1620802487.72178
990375.416329 1819464.84171 1620802489.221502
990375.21967 1819472.398613 1620802490.271626
990375.15439 1819474.469623 1620802490.571962
990374.855039 1819485.242803 1620802492.372435
990375.035396 1819488.201111 1620802492.972114
990376.649037 1819493.944924 1620802494.321827
990377.516882 1819495.406031 1620802494.722003
990384.558761 1819500.137737 1620802496.771129
990387.577492 1819500.825993 1620802497.423596
990395.31027 1819501.288122 1620802498.821764
990401.791714 1819501.40374 1620802499.821706
990406.053623 1819501.370355 1620802500.420754
990417.193698 1819501.289464 1620802501.821005
990422.205389 1819501.295601 1620802502.421999
990419.286917 1819501.288405 1620802502.07187
990440.613571 1819501.354778 1620802504.871901
990435.409552 1819501.391162 1620802504.12239
990442.598243 1819501.333231 1620802505.171212
990470.104299 1819503.102189 1620802509.922352
990472.547921 1819503.270779 1620802510.322883
990482.747446 1819503.637973 1620802511.972214
990485.316462 1819503.651686 1620802512.372149
990492.009897 1819503.617294 1620802513.371439
990496.192345 1819503.57198 1620802513.975151
990496.902989 1819503.565705 1620802514.071779
990522.730698 1819503.605225 1620802517.42208
990520.235572 1819503.584966 1620802517.121797
990540.847819 1819503.533368 1620802519.471612
990544.448412 1819503.487223 1620802519.87166
990563.106607 1819503.297419 1620802521.92162
990557.203668 1819503.319652 1620802521.272673
990575.617915 1819503.344415 1620802523.371207
990578.063854 1819503.342501 1620802523.672329
990599.741586 1819503.191153 1620802527.370982
990601.947891 1819503.149291 1620802528.821505
990602.162389 1819503.131725 1620802529.421628
990602.16592 1819503.119365 1620802530.421769
990602.1539 1819503.148879 1620802531.821697
990602.141632 1819503.175702 1620802532.421666
990602.125306 1819503.216793 1620802533.172067
990602.113901 1819503.222959 1620802535.821588
990602.113274 1819503.229754 1620802537.921628
990602.111214 1819503.229512 1620802537.471849
990602.11252 1819503.230142 1620802538.171643
990602.103906 1819503.243869 1620802541.921664
990602.104683 1819503.242505 1620802542.921671
990602.102442 1819503.242335 1620802543.321429
990602.100501 1819503.242465 1620802543.573013
990602.099348 1819503.241919 1620802544.621027
990602.096298 1819503.242392 1620802546.671899
990602.097464 1819503.241868 1620802547.371115
990602.102163 1819503.243665 1620802548.821702
990602.103382 1819503.244786 1620802549.820589
990602.103139 1819503.245855 1620802550.421646
990602.104053 1819503.245982 1620802551.420628
990602.102614 1819503.247175 1620802551.071459
990602.106632 1819503.249917 1620802553.871571
990602.107191 1819503.250071 1620802553.471534
990602.106831 1819503.250602 1620802555.921931
990602.108321 1819503.2514 1620802556.321665
990602.109368 1819503.253849 1620802557.922561
990602.115883 1819503.251324 1620802558.922131
990602.115493 1819503.25226 1620802559.321623
990602.113891 1819503.254714 1620802559.921945
990602.114763 1819503.253838 1620802561.32147
990602.114847 1819503.255135 1620802562.721416
990602.114002 1819503.254137 1620802563.372051
990602.117897 1819503.253291 1620802564.820984
990602.117146 1819503.253257 1620802565.821402
990602.112316 1819503.253552 1620802566.421678
990602.107377 1819503.253874 1620802566.822241
990602.118912 1819503.251763 1620802568.821541
990602.120158 1819503.252361 1620802569.421669
990602.119247 1819503.254339 1620802570.42084
990602.117897 1819503.255001 1620802570.821566
990602.113421 1819503.254957 1620802572.522419
990602.107945 1819503.256192 1620802573.522698
990602.104065 1819503.25655 1620802574.921584
990602.102263 1819503.256129 1620802575.921589
990602.101822 1819503.256157 1620802576.322182
990602.101555 1819503.256254 1620802576.671215
990602.099813 1819503.256099 1620802578.030941
990602.100004 1819503.255994 1620802578.072707
990602.101747 1819503.25251 1620802580.821533
990602.106725 1819503.253124 1620802581.821735
990602.1065 1819503.254248 1620802582.921448
990602.107856 1819503.253463 1620802582.171302
990602.105588 1819503.254542 1620802583.171902
990602.103209 1819503.255036 1620802586.572003
990602.103377 1819503.254847 1620802586.671732
990602.112881 1819503.255361 1620802588.420651
990602.110948 1819503.255271 1620802589.821743
990602.108302 1819503.255632 1620802590.821801
990602.109576 1819503.255427 1620802590.42161
990602.099588 1819503.258239 1620802592.522583
990602.099391 1819503.257729 1620802593.522949
990602.099219 1819503.257703 1620802593.572079
990602.101709 1819503.255632 1620802596.671888
990602.102082 1819503.255025 1620802597.921612
990602.103693 1819503.253639 1620802598.921749
990602.114276 1819503.254224 1620802599.97206
990602.114879 1819503.255053 1620802600.370888
990602.116079 1819503.25603 1620802601.421864
990602.117062 1819503.255795 1620802602.421845
990602.111267 1819503.255782 1620802603.42176
990602.106162 1819503.255063 1620802603.821696
990602.103746 1819503.254493 1620802604.121819
990602.361362 1819503.240647 1620802608.271597
990602.418087 1819503.238634 1620802609.921746
990602.445088 1819503.238463 1620802610.032232
990605.795488 1819503.212617 1620802612.420787
990607.696593 1819503.202321 1620802613.030344
990607.87257 1819503.201431 1620802613.071636
990616.391427 1819503.118816 1620802615.031369
990640.494051 1819502.861972 1620802618.872277
990647.020115 1819502.747099 1620802619.871013
990644.376542 1819502.792194 1620802619.472113
990651.524623 1819502.699228 1620802620.522501
990656.977516 1819502.640207 1620802621.271827
990678.813687 1819502.49882 1620802623.971124
990682.335624 1819502.527528 1620802624.372338
990691.884037 1819502.592033 1620802625.420854
990694.635703 1819502.596475 1620802625.721553
990764.578549 1819502.168487 1620802633.822331
990770.163039 1819502.136621 1620802634.421924
990779.725651 1819502.036676 1620802635.421858
990794.14128 1819501.825254 1620802636.871824
990804.441108 1819501.672615 1620802637.873972
990799.776937 1819501.746048 1620802637.420794
990808.111395 1819501.609551 1620802638.222328
990829.676793 1819501.500886 1620802640.272888
990829.154871 1819501.500105 1620802640.22183
990870.483702 1819500.990496 1620802644.622743
990875.811355 1819500.844986 1620802645.371307
990878.169669 1819500.803068 1620802645.721671
990893.521191 1819504.421289 1620802648.422697
990896.162345 1819506.562019 1620802649.03532
990901.195137 1819515.877898 1620802650.871794
990901.404011 1819517.391748 1620802651.122302
990901.551223 1819529.396178 1620802652.972175
990901.553541 1819531.443486 1620802653.274194
990901.571676 1819544.079584 1620802654.972171
990901.563949 1819547.346024 1620802655.3726
990901.563372 1819559.7405 1620802656.77348
990901.583432 1819566.279187 1620802657.471747
990901.610805 1819569.531972 1620802657.822884
990901.689503 1819581.778537 1620802659.17201
990901.810223 1819616.786813 1620802662.922514
990901.823603 1819620.061563 1620802663.271666
990901.923002 1819633.059028 1620802664.723166
990901.980722 1819638.161824 1620802665.372068
990902.048937 1819645.702975 1620802666.422941
990902.135756 1819652.446327 1620802667.472872
990902.159104 1819656.398049 1620802668.122088
990898.611607 1819672.942173 1620802670.871635
990893.607333 1819678.355937 1620802671.972153
990895.683176 1819676.572083 1620802671.572953
990891.597592 1819679.708252 1620802672.321588
990844.870473 1819701.528864 1620802678.37142
990834.051556 1819706.611368 1620802679.471504
990823.862134 1819711.501027 1620802680.471776
990820.772504 1819713.034724 1620802680.772041
990802.56679 1819722.36409 1620802682.523638
990791.333743 1819728.306996 1620802683.571819
990776.061582 1819736.488091 1620802684.971171
990765.20053 1819742.260918 1620802685.971888
990754.576532 1819747.725076 1620802686.971103
990761.976384 1819743.931509 1620802686.271622
990744.062141 1819753.170159 1620802688.035402
990737.545168 1819756.547357 1620802688.721878
990722.214024 1819764.46471 1620802690.471479
990725.257599 1819762.892013 1620802690.121373
990701.430056 1819775.649901 1620802692.87161
990698.593137 1819777.415848 1620802693.221504
990685.529791 1819786.889071 1620802694.972058
990678.913011 1819792.301273 1620802695.972072
990673.139261 1819797.16472 1620802696.971923
990667.985467 1819801.61665 1620802697.971884
990671.263196 1819798.776296 1620802697.321658
990659.431938 1819807.319788 1620802699.722008
990656.120526 1819808.393387 1620802700.371109
990649.719149 1819808.371452 1620802701.471764
990644.019987 1819806.240816 1620802702.472091
990642.239019 1819805.060082 1620802702.821767
990636.463498 1819794.961017 1620802704.871253
990636.863337 1819796.838083 1620802704.526997
990635.766447 1819784.600352 1620802706.871875
990635.617682 1819779.106989 1620802707.871964
990635.52144 1819772.916416 1620802708.871861
990635.420028 1819765.980219 1620802709.872943
990635.45165 1819768.11816 1620802709.572325
990635.359754 1819760.99242 1620802710.571507
990635.173335 1819745.485557 1620802712.973382
990635.214063 1819749.397664 1620802712.271903
990636.182151 1819720.276371 1620802717.372352
990636.453317 1819715.529409 1620802718.036092
990636.876583 1819701.180591 1620802719.773114
990636.912288 1819691.774917 1620802720.871635
990636.796456 1819682.263813 1620802721.921936
990636.888474 1819673.692402 1620802722.871623
990636.848041 1819676.382186 1620802722.572218
990636.886917 1819670.506383 1620802723.221735
990636.861233 1819639.023407 1620802726.972091
990636.877792 1819636.989591 1620802727.272852
990636.908691 1819634.480516 1620802727.671886
990636.986191 1819625.059298 1620802729.422048
990636.967476 1819627.092899 1620802729.036226
990638.956575 1819613.085206 1620802731.821861
990640.750034 1819610.195966 1620802732.472361
990639.705074 1819611.710988 1620802732.121748
990650.486471 1819603.725921 1620802734.57338
990648.511766 1819604.375475 1620802734.221204
990682.979646 1819602.139711 1620802739.271747
990692.220397 1819602.056918 1620802740.372185
990700.678838 1819601.91917 1620802741.372467
990697.768767 1819601.966182 1620802741.033901
990713.374717 1819601.766582 1620802743.071726
990723.550755 1819601.75269 1620802744.472028
990731.465254 1819601.699869 1620802745.47191
990740.041194 1819601.596409 1620802746.471912
990753.618176 1819601.46035 1620802747.921714
990750.233148 1819601.487609 1620802747.573577
990774.699884 1819601.220548 1620802749.971428
990785.268267 1819601.101091 1620802750.972018
990778.414559 1819601.174703 1620802750.322658
990799.477805 1819600.996381 1620802752.372465
990809.098232 1819600.902865 1620802753.372378
990818.749585 1819600.757955 1620802754.371418
990828.803397 1819600.549815 1620802755.376014
990839.738805 1819600.329758 1620802756.42213
990850.079129 1819600.308774 1620802757.422959
990859.942211 1819600.425559 1620802758.422105
990856.531779 1819600.424116 1620802758.072577
990893.614726 1819604.372556 1620802762.822393
990897.950174 1819608.588774 1620802763.821285
990900.48592 1819613.99697 1620802764.822031
990901.283936 1819618.146641 1620802765.525459
990900.946229 1819616.063138 1620802765.173763
990902.624381 1819632.366816 1620802767.921932
990902.666308 1819638.363672 1620802768.922021
990902.616717 1819644.095193 1620802769.922037
990902.596859 1819650.007243 1620802770.921879
990902.897862 1819655.389536 1620802771.923038
990903.738964 1819659.438082 1620802772.973193
990903.126709 1819656.768497 1620802772.223177
990903.973248 1819660.539809 1620802774.672195
990903.956157 1819660.612758 1620802775.672651
990903.910953 1819660.883073 1620802778.721893
990904.054056 1819661.258914 1620802779.421813
990903.972393 1819661.057848 1620802779.072447
990905.688786 1819663.413463 1620802781.921785
990907.081586 1819664.143456 1620802782.972219
990908.02391 1819664.376056 1620802783.372495
990913.404038 1819662.779837 1620802785.422178
990916.643341 1819660.519757 1620802786.421225
990920.730312 1819657.371383 1620802787.471617
990927.324748 1819652.291638 1620802788.872101
990938.290969 1819644.291412 1620802790.921983
990940.303904 1819642.855099 1620802791.272055
990942.322272 1819641.453245 1620802791.621851
990948.089024 1819637.59001 1620802792.622925
990957.775088 1819631.340297 1620802794.272185
990964.291406 1819627.250947 1620802795.272921
990966.696305 1819625.756054 1620802795.621025
990978.525333 1819618.331624 1620802797.322001
990980.943512 1819616.805869 1620802797.671874
991012.18043 1819597.454538 1620802801.722005
991015.158955 1819595.650703 1620802802.072398
991059.006056 1819567.31076 1620802807.523924
991069.173782 1819560.311253 1620802808.871916
991073.815376 1819557.167063 1620802809.524953
991071.374969 1819558.824987 1620802809.172366
991086.701473 1819548.202656 1620802812.922112
991088.64793 1819546.326673 1620802813.972711
991089.441916 1819545.407293 1620802814.321833
991091.989467 1819541.43404 1620802815.422175
991094.540691 1819535.144409 1620802816.821337
991095.629803 1819531.871417 1620802817.524981
991096.127244 1819530.342289 1620802817.872126
991097.798036 1819524.825442 1620802819.572369
991098.117159 1819523.718846 1620802820.271761
991098.187651 1819523.532006 1620802820.622537
991098.210882 1819523.52188 1620802822.372393
991098.211551 1819523.553124 1620802823.423276
991098.188047 1819523.557102 1620802824.4228
991098.133538 1819523.530175 1620802825.422012
991098.155419 1819523.546073 1620802825.121697
991098.083169 1819523.582189 1620802827.822136
991098.079228 1819523.599012 1620802828.524097
991098.078482 1819523.600525 1620802828.822239
991098.07555 1819523.598611 1620802829.222033
991097.976603 1819523.587862 1620802832.922887
991097.985373 1819523.584213 1620802832.572364
991097.918566 1819523.628196 1620802836.322348
991097.923463 1819523.637048 1620802837.036575
991097.910946 1819523.64535 1620802838.037375
991097.920409 1819523.637216 1620802839.422078
991097.907569 1819523.651898 1620802840.121839
991097.844392 1819523.662116 1620802843.523427
991097.83901 1819523.665843 1620802843.872198
991097.828743 1819523.660544 1620802845.922454
991097.835349 1819523.661436 1620802846.572376
991097.829482 1819523.676021 1620802847.672153
991097.841767 1819523.597232 1620802848.772017
991097.953509 1819523.156304 1620802849.524241
991098.264514 1819521.878409 1620802850.524751
991098.521303 1819520.152567 1620802851.525709
991098.560943 1819519.378552 1620802851.871992
991096.355141 1819514.415427 1620802853.922305
991096.994643 1819515.066538 1620802853.622241
991090.662816 1819512.228518 1620802855.622196
991092.078732 1819512.517272 1620802855.273215
991079.302671 1819509.325842 1620802858.03287
991073.89291 1819507.293523 1620802859.033119
991066.637083 1819505.906217 1620802860.122392
991059.989929 1819503.693474 1620802861.122247
991032.19625 1819495.162696 1620802864.523831
991028.9429 1819494.141661 1620802864.872242
991008.818531 1819487.697322 1620802866.922298
990998.359026 1819484.350482 1620802867.922507
990986.855561 1819480.752583 1620802868.972495
990975.977526 1819477.407304 1620802869.922149
990979.444212 1819478.508813 1620802869.621263
990942.90156 1819466.951889 1620802872.672212
990938.677683 1819465.591367 1620802873.032812
990934.450578 1819464.224876 1620802873.372723
990914.347898 1819457.681833 1620802875.032815
990901.992399 1819453.662445 1620802876.033411
990889.523984 1819449.631533 1620802877.031107
990871.77634 1819443.885931 1620802878.472043
990859.995045 1819440.087245 1620802879.472125
990848.962608 1819436.564812 1620802880.421432
990836.748864 1819432.699825 1620802881.472059
990825.140963 1819428.902816 1620802882.471606
990813.637155 1819425.183286 1620802883.471945
990817.619432 1819426.510579 1620802883.125002
990791.316296 1819417.936458 1620802885.522828
990776.887291 1819413.874104 1620802886.971628
990767.458709 1819411.544933 1620802887.971732
990770.720225 1819412.329592 1620802887.623647
990752.832148 1819407.84758 1620802889.621303
990746.412338 1819406.012499 1620802890.372855
990740.779137 1819404.468091 1620802891.031699
990732.599282 1819401.895952 1620802892.032437
990724.171194 1819399.092919 1620802893.072178
990713.450959 1819395.732839 1620802894.472047
990706.433566 1819393.567299 1620802895.472644
990709.161208 1819394.40058 1620802895.072333
990673.405128 1819383.066861 1620802901.523907
990663.775433 1819379.863369 1620802902.972988
990656.474435 1819377.501507 1620802903.97292
990659.094001 1819378.350259 1620802903.621306
990653.799577 1819376.658179 1620802904.322273
990639.659768 1819372.721916 1620802906.032188
990609.387242 1819367.396637 1620802909.122079
990591.449538 1819365.20416 1620802910.772756
990583.801466 1819364.420429 1620802911.472053
990587.653208 1819364.805971 1620802911.122205
990547.093795 1819362.208384 1620802914.572361
990551.48559 1819362.370105 1620802914.221456
990515.904386 1819361.391147 1620802916.972158
990502.395998 1819361.003962 1620802917.972521
990488.655629 1819360.600747 1620802918.972983
990493.49557 1819360.731839 1620802918.622473
990465.67118 1819360.016644 1620802920.67314
990456.521122 1819359.674302 1620802921.372551
990443.800301 1819359.275211 1620802922.372619
990439.522281 1819359.167189 1620802922.722426
990401.856612 1819358.113469 1620802926.472205
990394.368584 1819358.00773 1620802927.472152
990396.899412 1819357.99635 1620802927.12223
990389.707665 1819358.371551 1620802928.172719
990380.688264 1819361.782229 1620802930.523464
990380.37751 1819362.032129 1620802930.872418
990380.313434 1819362.086093 1620802931.221422
990380.329111 1819362.065655 1620802932.273003
990378.228799 1819364.396458 1620802934.621455
990378.696366 1819363.720379 1620802934.271997
990376.337506 1819369.974413 1620802936.722353
990376.566527 1819368.856297 1620802936.373035
990375.557077 1819381.289096 1620802939.472049
990375.467207 1819386.8638 1620802940.472199
990375.504334 1819384.813232 1620802940.122646
990375.589831 1819401.159998 1620802942.572644
990375.626558 1819403.293315 1620802942.872374
990375.672558 1819405.783137 1620802943.222478
990375.81518 1819425.63591 1620802945.97556
990375.488848 1819433.114315 1620802946.973702
990375.63876 1819430.459673 1620802946.622373
990375.311222 1819435.805338 1620802947.322395
990374.09217 1819448.805621 1620802949.072225
990373.390546 1819455.897617 1620802950.072262
990372.763303 1819462.56192 1620802951.072782
990372.180621 1819469.072818 1620802952.072818
990371.536516 1819475.680361 1620802953.073267
990370.69446 1819481.871073 1620802954.072222
990369.624723 1819487.540371 1620802955.031931
990367.974022 1819493.910047 1620802956.072633
990365.584812 1819500.025467 1620802957.072491
990364.484961 1819502.127576 1620802957.421513
990342.700563 1819526.551734 1620802961.822662
990339.023415 1819530.385284 1620802962.472049
990340.70988 1819528.60089 1620802962.17276
990335.240669 1819534.564729 1620802963.172665
990320.681663 1819555.572098 1620802966.573265
990317.225622 1819563.879649 1620802967.972841
990318.931598 1819559.439893 1620802967.222262
990311.788402 1819587.962751 1620802971.722713
990310.999509 1819592.830374 1620802972.422426
990310.397124 1819597.520214 1620802973.07246
990309.901698 1819607.755655 1620802974.422648
990310.105847 1819612.904755 1620802975.072458
990310.328583 1819615.731851 1620802975.421617
990310.99327 1819621.057249 1620802976.072154
990312.50356 1819629.039884 1620802977.072412
990317.735155 1819644.801838 1620802979.172003
990322.723417 1819654.917353 1620802980.572567
990326.844815 1819661.901525 1620802981.572978
990332.721751 1819670.379605 1620802982.922342
990331.178565 1819668.300649 1620802982.572565
990334.344925 1819672.388552 1620802983.27227
990346.914169 1819684.83892 1620802985.622356
990344.87075 1819683.054861 1620802985.272214
990366.504565 1819696.844915 1620802988.622126
990368.918798 1819697.747767 1620802988.973025
990373.813483 1819699.190712 1620802989.672109
990388.960731 1819701.149041 1620802991.772317
990404.559028 1819701.55182 1620802993.822242
990415.174901 1819702.328736 1620802995.171958
990446.535412 1819703.91081 1620802998.571942
990456.462875 1819703.892666 1620802999.572757
990466.080835 1819703.73625 1620803000.571866
990469.118451 1819703.629391 1620803000.922394
990481.530104 1819702.603355 1620803002.672374
990486.232061 1819702.163932 1620803003.672266
990488.63508 1819702.009493 1620803004.425355
990490.132146 1819701.964659 1620803005.072339
990490.699496 1819701.938262 1620803005.422387
990491.178857 1819701.879534 1620803007.522916
990491.176583 1819701.878528 1620803008.572055
