988118.672081 1818806.487355 1621838917.91812
988122.003009 1818808.882176 1621838922.66744
988132.245751 1818815.880344 1621838925.816979
988137.188334 1818819.124745 1621838926.867766
988140.496978 1818821.293584 1621838927.517951
988142.344653 1818822.496503 1621838927.867547
988151.809188 1818828.617914 1621838929.567631
988156.482328 1818831.638081 1621838930.367301
988164.568714 1818836.870447 1621838931.767453
988162.607637 1818835.571567 1621838931.416842
988173.099799 1818843.315018 1621838933.467435
988177.121037 1818847.427988 1621838934.46773
988179.373483 1818850.12384 1621838935.119814
988184.714575 1818856.523165 1621838936.81766
988185.743903 1818857.601244 1621838937.167423
988190.219753 1818860.795164 1621838938.518164
988193.738944 1818861.144448 1621838939.518382
988195.509821 1818860.183612 1621838940.167403
988199.453659 1818855.28516 1621838941.867665
988202.155686 1818851.122723 1621838942.868865
988203.221226 1818849.498808 1621838943.22633
988204.311137 1818847.811002 1621838943.567652
988208.258775 1818841.774335 1621838944.718762
988212.059093 1818835.972551 1621838945.718916
988219.128363 1818825.135367 1621838947.417664
988225.453837 1818815.636132 1621838948.817618
988228.535551 1818811.052951 1621838949.467838
988233.361511 1818803.835624 1621838950.467835
988235.038569 1818801.317976 1621838950.817624
988240.992169 1818792.222724 1621838952.11801
988248.151414 1818781.141053 1621838953.817499
988250.932012 1818776.837279 1621838954.467542
988252.450846 1818774.479116 1621838954.817356
988256.789551 1818767.837828 1621838955.818223
988258.290624 1818765.586149 1621838956.167695
988265.104828 1818755.363299 1621838957.867685
988267.533406 1818751.688957 1621838958.517401
988274.218126 1818741.507403 1621838960.227339
988277.585477 1818736.180014 1621838961.067631
988283.516627 1818725.671896 1621838962.817201
988286.259161 1818719.749658 1621838963.816516
988288.780321 1818713.140767 1621838964.817195
988290.223415 1818708.395156 1621838965.467464
988289.481168 1818711.000599 1621838965.117441
988293.502647 1818688.73422 1621838967.817542
988293.333566 1818677.900882 1621838969.017304
988290.305051 1818661.066444 1621838970.867878
988288.220026 1818654.662949 1621838971.567583
988289.340101 1818657.899082 1621838971.228529
988281.345703 1818639.939421 1621838973.2287
988273.794518 1818628.808982 1621838974.5678
988269.31127 1818623.846752 1621838975.228708
988256.31456 1818612.991135 1621838976.867989
988253.28674 1818610.941142 1621838977.228662
988244.446912 1818605.202538 1621838978.230622
988241.355346 1818603.171599 1621838978.567101
988228.814791 1818595.010461 1621838979.967861
988211.975372 1818584.019494 1621838981.817443
988202.767145 1818578.065255 1621838982.817451
988199.53624 1818575.990123 1621838983.167493
988187.193737 1818567.867273 1621838984.518086
988178.311579 1818561.987345 1621838985.517849
988175.288765 1818559.999802 1621838985.86746
988166.904951 1818554.556421 1621838986.868071
988153.660882 1818546.081431 1621838988.767472
988149.091032 1818543.158787 1621838989.567419
988149.897746 1818543.685999 1621838989.417387
988099.425208 1818510.490358 1621838997.817312
988092.37614 1818505.831741 1621838998.817521
988097.29337 1818509.095806 1621838998.117765
988078.973781 1818496.998206 1621839000.867601
988074.763592 1818494.275408 1621839001.517464
988076.744013 1818495.551409 1621839001.224893
988058.736542 1818484.933769 1621839003.568119
988061.772319 1818486.48695 1621839003.227505
988048.947294 1818480.939429 1621839004.617666
988031.467252 1818477.598544 1621839006.317702
988019.220986 1818476.841546 1621839007.467389
988005.411079 1818476.08865 1621839008.816401
987995.694536 1818474.999863 1621839009.816511
987989.199963 1818473.833176 1621839010.518101
987993.808617 1818474.708253 1621839010.01737
987975.207806 1818469.610474 1621839012.226279
987969.207533 1818467.046096 1621839013.223975
987960.949239 1818463.136147 1621839014.918118
987964.031398 1818464.555855 1621839014.227806
987959.646696 1818462.618225 1621839015.223833
987936.814885 1818474.716422 1621839019.967567
987935.495444 1818476.820574 1621839020.267299
987929.128366 1818486.764271 1621839021.616381
987924.077259 1818494.396674 1621839022.617328
987922.238616 1818497.062637 1621839022.967411
987911.850313 1818510.914515 1621839024.816391
987908.082568 1818515.822616 1621839025.467382
987909.815628 1818513.548332 1621839025.167562
987894.796366 1818534.283216 1621839027.867257
987892.870013 1818537.048824 1621839028.226483
987889.372414 1818542.19856 1621839028.867224
987887.522455 1818544.984264 1621839029.22644
987873.882927 1818565.82489 1621839031.917853
987869.209374 1818573.575083 1621839032.917592
987866.076061 1818579.33699 1621839033.616966
987861.77309 1818588.031062 1621839034.617217
987863.261824 1818584.939986 1621839034.268374
987852.925836 1818607.061622 1621839036.667652
987850.111469 1818613.458243 1621839037.317292
987849.473138 1818614.954465 1621839037.467499
987843.099224 1818630.095265 1621839038.967826
987837.291074 1818643.159517 1621839040.317721
987830.921574 1818656.592728 1621839041.81743
987826.395145 1818665.827079 1621839042.867229
987821.961197 1818674.931871 1621839043.867661
987818.846043 1818681.318512 1621839044.567994
987815.99795 1818687.179716 1621839045.223758
987811.662726 1818696.078032 1621839046.225403
987807.166999 1818705.257285 1621839047.224886
987804.057612 1818711.632846 1621839047.918014
987796.856674 1818726.168567 1621839049.617905
987793.921657 1818731.918483 1621839050.317928
987791.086792 1818737.299926 1621839050.967448
987789.519029 1818740.251589 1621839051.317692
987783.083002 1818751.912205 1621839052.667422
987775.241114 1818765.194836 1621839054.225822
987768.580293 1818776.073925 1621839055.517699
987763.226341 1818784.514243 1621839056.517484
987759.255885 1818790.573308 1621839057.223665
987753.353818 1818799.517285 1621839058.226089
987745.756951 1818810.922098 1621839059.51779
987740.03115 1818819.505953 1621839060.567441
987736.62535 1818824.624178 1621839061.222663
987728.973554 1818835.704506 1621839062.61631
987722.850995 1818844.098368 1621839063.66738
987721.062931 1818846.484455 1621839063.967145
987714.960308 1818854.389221 1621839064.967353
987712.800329 1818857.170268 1621839065.317749
987702.309773 1818870.093825 1621839067.017241
987693.361142 1818880.592909 1621839068.567376
987685.656237 1818889.296804 1621839069.917688
987683.593833 1818891.555957 1621839070.267079
987677.605263 1818898.02681 1621839071.268103
987662.539191 1818912.902593 1621839073.617316
987660.165471 1818915.124497 1621839073.966871
987653.213604 1818921.524885 1621839074.96757
987640.957494 1818932.473047 1621839076.667748
987638.819144 1818934.346043 1621839076.967362
987631.900529 1818940.310396 1621839077.967848
987629.571255 1818942.278219 1621839078.317231
987620.205364 1818950.49825 1621839080.017151
987616.670431 1818958.683822 1621839081.568034
987620.134536 1818965.138741 1621839082.917308
987623.183906 1818967.3676 1621839083.567798
987629.008348 1818971.047244 1621839084.616262
987631.214237 1818972.380201 1621839084.967606
987633.204481 1818973.585065 1621839085.267683
987648.579206 1818983.470338 1621839087.31711
987657.04606 1818989.017077 1621839088.367609
987659.866578 1818990.863422 1621839088.7192
987688.018744 1819009.239928 1621839092.719247
987691.320714 1819011.38917 1621839093.226576
987695.815923 1819014.319788 1621839093.867603
987723.700578 1819032.428848 1621839097.917912
987725.655596 1819033.675601 1621839098.226759
987736.848874 1819040.431577 1621839099.917782
987744.160343 1819043.106818 1621839100.96754
987741.704896 1819042.458236 1621839100.616551
987753.408892 1819042.978423 1621839102.317554
987763.946788 1819037.26357 1621839103.967417
987770.06559 1819032.096182 1621839104.967331
987773.95178 1819028.702537 1621839105.616264
987772.141516 1819030.292463 1621839105.317264
987782.02104 1819021.477018 1621839107.016193
987794.392523 1819010.530344 1621839108.867584
987798.0862 1819007.381905 1621839109.367304
987807.397229 1818999.780485 1621839110.567373
987818.10919 1818991.558747 1621839111.867417
987821.076972 1818989.417402 1621839112.227975
987829.6683 1818983.568337 1621839113.227216
987845.249589 1818974.603421 1621839114.917571
987848.161907 1818973.164052 1621839115.226443
987866.089709 1818965.78131 1621839116.967688
987872.995198 1818963.404419 1621839117.617441
987883.535937 1818960.177711 1621839118.617524
987896.781196 1818956.9003 1621839119.967841
987890.170346 1818958.426289 1621839119.267288
987911.096644 1818954.358184 1621839121.667505
987913.528098 1818954.040395 1621839121.96801
987925.494812 1818953.119508 1621839123.317479
987931.770934 1818952.840813 1621839123.967238
987942.165562 1818952.715999 1621839124.966933
987957.528416 1818953.127619 1621839126.317157
987961.640267 1818953.422186 1621839126.667721
987969.260822 1818954.145354 1621839127.317155
987984.603281 1818956.484296 1621839128.667547
987995.798668 1818958.950237 1621839129.66767
988020.332999 1818967.336319 1621839131.917356
988023.886652 1818969.076681 1621839132.267913
988030.302841 1818972.684981 1621839132.917063
988031.752191 1818973.581422 1621839133.067635
988053.343082 1818987.777258 1621839135.317719
988100.177914 1818997.539296 1621839139.967701
988102.916261 1818996.269785 1621839140.317287
988111.392739 1818989.386136 1621839141.617007
988109.620174 1818991.302962 1621839141.317499
988117.124595 1818981.593016 1621839142.667409
988122.64618 1818973.118488 1621839143.667507
988128.910283 1818963.525144 1621839144.718376
988136.970213 1818951.116638 1621839146.017051
988139.159882 1818947.75243 1621839146.367511
988153.030748 1818926.445662 1621839148.56775
988159.640379 1818916.204436 1621839149.617095
988156.194431 1818921.555081 1621839149.067118
988172.279284 1818896.559904 1621839151.967431
988170.684946 1818898.989937 1621839151.616386
988179.319276 1818886.077918 1621839153.61625
988181.312168 1818883.057021 1621839154.117248
988186.003734 1818875.961664 1621839155.317556
988187.998548 1818873.122902 1621839155.816972
988194.926786 1818865.113172 1621839157.317915
988196.584608 1818863.357329 1621839157.667177
988202.825892 1818856.381556 1621839159.067224
988206.661274 1818850.968813 1621839160.067272
988210.23968 1818844.653001 1621839161.067297
988211.291759 1818842.545306 1621839161.367674
988221.268634 1818824.02666 1621839163.719085
988219.570839 1818826.907149 1621839163.36744
988225.573328 1818816.960322 1621839164.567349
988233.585615 1818804.159063 1621839166.067542
988239.205081 1818795.481201 1621839167.067377
988247.042735 1818783.591081 1621839168.416149
988253.73315 1818773.306702 1621839169.567217
988257.681503 1818767.224369 1621839170.267533
988265.99628 1818754.187414 1621839171.967295
988268.994371 1818749.418104 1621839172.667343
988274.561037 1818740.646599 1621839173.967381
988278.792581 1818733.950514 1621839174.967364
988280.231439 1818731.596682 1621839175.317572
988284.302994 1818724.353076 1621839176.317029
988285.634772 1818721.623417 1621839176.667237
988290.089104 1818710.152189 1621839178.017353
988292.902617 1818697.724425 1621839179.367247
988293.835744 1818686.127589 1621839180.56777
988293.217223 1818674.152358 1621839181.767789
988290.934954 1818662.223892 1621839182.967362
988288.911435 1818655.865606 1621839183.617107
988286.158889 1818649.203158 1621839184.317346
988279.175245 1818636.802686 1621839185.71901
988272.845982 1818628.625096 1621839186.718584
988274.836536 1818631.001016 1621839186.417126
988270.428527 1818625.918677 1621839187.067321
988250.089143 1818609.23874 1621839189.617331
988243.926125 1818605.192889 1621839190.317481
988232.354326 1818597.56202 1621839191.617284
988222.931228 1818591.262295 1621839192.667372
988212.07209 1818584.214463 1621839193.867379
988210.72428 1818583.356112 1621839194.017333
988204.593257 1818579.378749 1621839194.719804
988198.656427 1818575.49528 1621839195.417199
988184.968937 1818566.483717 1621839197.117453
988182.565313 1818564.919694 1621839197.417228
988165.221955 1818553.668753 1621839199.616274
988160.060526 1818550.325255 1621839200.317484
988153.551372 1818546.126589 1621839201.317931
988147.846011 1818542.618351 1621839202.317723
988143.957132 1818540.552823 1621839203.016288
988136.738952 1818537.437109 1621839204.367473
988133.112677 1818537.001467 1621839205.06724
988132.363863 1818537.059167 1621839205.225828
988121.390294 1818547.213172 1621839207.967598
988120.352298 1818548.903234 1621839208.267673
988113.823998 1818559.365437 1621839209.967638
988110.710157 1818564.233098 1621839210.667112
988107.2952 1818569.454592 1621839211.367271
988103.92885 1818574.569574 1621839212.017824
988094.74432 1818588.578749 1621839213.718619
988089.093255 1818597.284029 1621839214.71868
988091.092046 1818594.196186 1621839214.366902
988079.37544 1818612.262989 1621839216.367069
988081.178241 1818609.495713 1621839216.066923
988075.100474 1818618.792177 1621839217.067183
988060.451097 1818641.221838 1621839219.416277
988058.347776 1818644.515083 1621839219.767473
988056.559065 1818647.301743 1621839220.067085
988044.278498 1818666.492743 1621839222.267122
988035.0862 1818680.524838 1621839223.967562
988031.200577 1818686.310473 1621839224.667326
988025.662514 1818694.640976 1621839225.667043
988020.238536 1818702.845028 1621839226.666824
988015.501587 1818710.618388 1621839227.667038
988014.211716 1818713.177566 1621839228.016952
988012.164417 1818722.062689 1621839229.316891
988015.90997 1818731.037557 1621839231.016473
988013.694131 1818727.844632 1621839230.317324
988017.084992 1818732.166455 1621839231.317458
988033.479312 1818742.750442 1621839234.718447
988037.159394 1818745.146792 1621839235.367438
988041.212227 1818747.839099 1621839236.067043
988046.768141 1818751.782396 1621839237.067034
988047.554723 1818752.38413 1621839237.224636
988062.921508 1818770.09755 1621839241.116957
988066.724339 1818774.117182 1621839242.117592
988071.797566 1818778.311891 1621839243.317286
988076.400854 1818781.586883 1621839244.317292
988087.523193 1818789.243532 1621839246.667098
988097.086762 1818794.676455 1621839248.667674
988100.481842 1818796.351336 1621839249.317092
988102.332635 1818797.259442 1621839249.666926
988112.667533 1818802.905363 1621839251.718998
988116.637098 1818805.364701 1621839252.567446
988118.873123 1818806.78556 1621839253.06742
988126.439027 1818811.67559 1621839254.767242
988129.699078 1818813.782528 1621839255.467017
988131.078397 1818814.670755 1621839255.767301
988137.950346 1818819.16087 1621839257.317045
988140.712318 1818820.968042 1621839257.967346
988145.325533 1818823.980618 1621839259.317472
988148.964194 1818827.109269 1621839260.666921
988151.962673 1818830.117741 1621839261.666936
988154.31065 1818832.122611 1621839262.367417
988156.89463 1818834.050612 1621839263.067041
988159.446691 1818835.862191 1621839263.767437
988160.531998 1818836.613311 1621839264.066988
988169.496575 1818842.850861 1621839266.467235
988170.632488 1818843.72609 1621839266.76742
988171.941233 1818844.852114 1621839267.117368
988178.016154 1818852.574273 1621839269.11703
988181.812026 1818858.657559 1621839270.467161
988183.943471 1818862.553353 1621839271.267908
988186.195787 1818868.47174 1621839272.467312
988186.753182 1818871.379686 1621839272.967211
988186.101041 1818880.558715 1621839274.36746
988183.147087 1818887.641144 1621839275.417167
988177.580754 1818896.314756 1621839276.718135
988180.485119 1818891.952889 1621839276.067288
988170.958508 1818906.367951 1621839278.117511
988167.742092 1818911.388577 1621839278.76757
988165.959858 1818914.169816 1621839279.116939
988160.722455 1818922.323933 1621839280.116994
988144.338635 1818947.39538 1621839283.017306
988146.395497 1818944.25214 1621839282.667114
988134.061971 1818963.258513 1621839284.718067
988136.20923 1818959.927459 1621839284.367355
988124.022163 1818978.6756 1621839286.367
988119.115876 1818986.081377 1621839287.223814
988106.363662 1819000.001596 1621839289.71786
988101.411058 1819002.43355 1621839290.719263
988096.054003 1819003.750968 1621839291.718657
988093.833 1819003.977398 1621839292.066969
988081.242919 1819003.545824 1621839293.767295
988072.995571 1819001.265905 1621839294.766841
988075.900267 1819002.29473 1621839294.417003
988064.574666 1818997.205024 1621839295.767185
988061.631518 1818995.458866 1621839296.116784
988033.321358 1818977.384605 1621839299.467017
988027.608343 1818974.032726 1621839300.167374
988025.112772 1818972.695021 1621839300.467031
988003.690944 1818964.462098 1621839302.817042
987930.622912 1818957.089016 1621839310.51683
987931.552276 1818957.136743 1621839310.367213
987916.70532 1818923.686197 1621839317.367309
987916.868955 1818921.304251 1621839317.718086
987918.787187 1818909.855417 1621839319.415901
987918.452807 1818910.879798 1621839319.266554
987937.885666 1818878.631926 1621839323.4672
987939.810841 1818875.710262 1621839323.816918
987941.454989 1818873.222247 1621839324.117385
987966.366137 1818834.954604 1621839328.817015
987968.222148 1818832.02477 1621839329.167252
987970.121644 1818829.103302 1621839329.517162
987977.338491 1818818.102904 1621839330.867004
987986.607264 1818803.927638 1621839332.719146
987991.757753 1818796.526594 1621839333.767428
987997.314676 1818790.75588 1621839334.767577
987993.625044 1818794.322165 1621839334.117474
988008.549445 1818784.367641 1621839336.468233
988013.454832 1818782.69019 1621839337.116913
988015.994918 1818782.002703 1621839337.467222
988021.739856 1818780.472835 1621839338.167497
988041.241969 1818775.879723 1621839340.718152
988047.61534 1818774.417749 1621839341.718445
988051.417293 1818773.554136 1621839342.366907
988054.959182 1818772.964283 1621839343.0172
988056.786913 1818772.80368 1621839343.36793
988069.764053 1818776.462688 1621839345.718807
988073.407242 1818778.959343 1621839346.367455
988079.337737 1818783.232636 1621839347.416338
988084.766222 1818787.208955 1621839348.416464
988082.897656 1818785.835312 1621839348.066972
988090.167315 1818790.924878 1621839349.41657
988101.871976 1818796.628498 1621839351.417135
988106.804027 1818799.164502 1621839352.267097
988113.175272 1818803.065267 1621839353.467496
988111.392067 1818801.921741 1621839353.118097
988120.419581 1818807.751989 1621839355.317881
988122.719682 1818809.19848 1621839356.966917
988122.790861 1818809.241125 1621839357.167225
988122.816626 1818809.257017 1621839357.666865
988122.813095 1818809.259858 1621839359.367394
988122.809168 1818809.262411 1621839360.167268
988122.800487 1818809.268977 1621839361.867083
988122.791944 1818809.274133 1621839362.867034
988122.788606 1818809.270932 1621839363.517224
