988118.671088 1818806.486741 1621838918.067572
988122.202599 1818809.027312 1621838922.767605
988132.245751 1818815.880344 1621838925.816979
988137.188334 1818819.124745 1621838926.867766
988140.496978 1818821.293584 1621838927.517951
988142.344653 1818822.496503 1621838927.867547
988152.097963 1818828.805692 1621838929.617537
988156.188061 1818831.448372 1621838930.317809
988164.291467 1818836.686069 1621838931.719676
988162.321871 1818835.385651 1621838931.367572
988172.877683 1818843.116821 1621838933.417895
988176.936845 1818847.217558 1621838934.417543
988179.373483 1818850.12384 1621838935.119814
988184.714575 1818856.523165 1621838936.81766
988185.743903 1818857.601244 1621838937.167423
988190.219753 1818860.795164 1621838938.518164
988193.738944 1818861.144448 1621838939.518382
988195.634154 1818860.089314 1621838940.227357
988199.581017 1818855.088137 1621838941.918156
988202.299776 1818850.89687 1621838942.918284
988203.373351 1818849.260551 1621838943.267955
988204.47558 1818847.56653 1621838943.617683
988208.076973 1818842.051239 1621838944.667673
988211.859837 1818836.275135 1621838945.667817
988218.911361 1818825.46605 1621838947.367594
988225.220203 1818815.984022 1621838948.767615
988228.29619 1818811.409936 1621838949.417904
988233.119553 1818804.197974 1621838950.417619
988234.800596 1818801.676522 1621838950.767993
988240.992169 1818792.222724 1621838952.11801
988247.940908 1818781.466576 1621838953.767504
988250.932012 1818776.837279 1621838954.467542
988252.450846 1818774.479116 1621838954.817356
988256.789551 1818767.837828 1621838955.818223
988258.290624 1818765.586149 1621838956.167695
988265.104828 1818755.363299 1621838957.867685
988267.719233 1818751.409151 1621838958.567707
988274.418819 1818741.192085 1621838960.267492
988277.388641 1818736.500706 1621838961.017417
988283.22285 1818726.258943 1621838962.719552
988286.126358 1818720.056846 1621838963.767733
988288.653831 1818713.495024 1621838964.767434
988290.11588 1818708.771994 1621838965.417163
988289.481168 1818711.000599 1621838965.117441
988293.475354 1818689.179396 1621838967.76896
988293.247636 1818676.989142 1621838969.118829
988290.175923 1818660.614459 1621838970.917847
988288.220026 1818654.662949 1621838971.567583
988289.340101 1818657.899082 1621838971.228529
988281.345703 1818639.939421 1621838973.2287
988273.794518 1818628.808982 1621838974.5678
988269.31127 1818623.846752 1621838975.228708
988255.885128 1818612.695061 1621838976.917599
988253.28674 1818610.941142 1621838977.228662
988244.00393 1818604.914099 1621838978.2675
988240.471206 1818602.588083 1621838978.668215
988228.364768 1818594.718832 1621838980.017397
988212.434466 1818584.316678 1621838981.767952
988203.227756 1818578.362722 1621838982.767754
988199.997253 1818576.285397 1621838983.117986
988187.193737 1818567.867273 1621838984.518086
988178.311579 1818561.987345 1621838985.517849
988175.288765 1818559.999802 1621838985.86746
988166.501725 1818554.299456 1621838986.917671
988154.541137 1818546.646087 1621838988.617462
988148.824236 1818542.983916 1621838989.617315
988150.76785 1818544.237246 1621838989.267919
988100.131154 1818510.950067 1621838997.71922
988092.723357 1818506.063694 1621838998.766502
988097.648906 1818509.328896 1621838998.067815
988078.973781 1818496.998206 1621839000.867601
988074.763592 1818494.275408 1621839001.517464
988077.067831 1818495.760361 1621839001.167569
988058.736542 1818484.933769 1621839003.568119
988061.346871 1818486.259404 1621839003.271035
988048.456853 1818480.781397 1621839004.66743
988030.932425 1818477.55377 1621839006.367443
988019.746287 1818476.86783 1621839007.417449
988005.909151 1818476.127386 1621839008.767648
987995.694536 1818474.999863 1621839009.816511
987989.199963 1818473.833176 1621839010.518101
987992.407096 1818474.465456 1621839010.167423
987975.207806 1818469.610474 1621839012.226279
987968.930461 1818466.91696 1621839013.267554
987960.949239 1818463.136147 1621839014.918118
987963.802484 1818464.443599 1621839014.268048
987959.42784 1818462.539979 1621839015.269777
987936.814885 1818474.716422 1621839019.967567
987935.272555 1818477.177069 1621839020.318012
987928.881384 1818487.143872 1621839021.667297
987923.817091 1818494.778414 1621839022.66756
987921.971559 1818497.443705 1621839023.017204
987912.429537 1818510.167488 1621839024.719101
987908.369934 1818515.442166 1621839025.417264
987910.39917 1818512.793661 1621839025.06765
987894.796366 1818534.283216 1621839027.867257
987892.870013 1818537.048824 1621839028.226483
987889.372414 1818542.19856 1621839028.867224
987887.522455 1818544.984264 1621839029.22644
987873.882927 1818565.82489 1621839031.917853
987868.978644 1818573.975762 1621839032.967697
987865.860652 1818579.763898 1621839033.668103
987861.554753 1818588.473813 1621839034.667466
987862.835828 1818585.821661 1621839034.367507
987852.707372 1818607.544902 1621839036.718839
987849.897397 1818613.955156 1621839037.367522
987848.408766 1818617.463543 1621839037.719171
987842.672464 1818631.092461 1621839039.067627
987836.859197 1818644.0909 1621839040.417533
987831.131349 1818656.163325 1621839041.767439
987826.613671 1818665.378062 1621839042.817369
987822.18446 1818674.474557 1621839043.817309
987818.846043 1818681.318512 1621839044.567994
987815.99795 1818687.179716 1621839045.223758
987811.662726 1818696.078032 1621839046.225403
987807.166999 1818705.257285 1621839047.224886
987803.839698 1818712.080558 1621839047.96739
987796.647342 1818726.58721 1621839049.667543
987793.921657 1818731.918483 1621839050.317928
987790.86461 1818737.71912 1621839051.01729
987789.292157 1818740.677017 1621839051.367515
987782.835529 1818752.344815 1621839052.718995
987775.745968 1818764.350974 1621839054.117419
987768.839625 1818775.657199 1621839055.467316
987763.505179 1818784.088232 1621839056.467526
987759.544015 1818790.134708 1621839057.167338
987753.652049 1818799.068523 1621839058.167275
987745.756951 1818810.922098 1621839059.51779
987740.03115 1818819.505953 1621839060.567441
987736.62535 1818824.624178 1621839061.222663
987728.973554 1818835.704506 1621839062.61631
987722.850995 1818844.098368 1621839063.66738
987720.756647 1818846.885199 1621839064.01631
987714.653902 1818854.786233 1621839065.017906
987712.491826 1818857.565792 1621839065.367524
987702.007173 1818870.450895 1621839067.067248
987693.638359 1818880.276847 1621839068.517328
987685.949565 1818888.973629 1621839069.867481
987683.889262 1818891.232611 1621839070.227298
987677.605263 1818898.02681 1621839071.268103
987662.539191 1818912.902593 1621839073.617316
987660.165471 1818915.124497 1621839073.966871
987652.859017 1818921.847564 1621839075.016366
987640.957494 1818932.473047 1621839076.667748
987638.464386 1818934.656689 1621839077.017493
987631.573271 1818940.585521 1621839078.017176
987629.237589 1818942.559931 1621839078.367317
987620.000871 1818950.727579 1621839080.068293
987616.663809 1818958.398585 1621839081.517844
987620.134536 1818965.138741 1621839082.917308
987623.183906 1818967.3676 1621839083.567798
987629.008348 1818971.047244 1621839084.616262
987631.214237 1818972.380201 1621839084.967606
987633.544807 1818973.791435 1621839085.317594
987648.976372 1818983.73333 1621839087.36735
987657.451371 1818989.280779 1621839088.41682
987660.672273 1818991.385845 1621839088.81638
987688.675097 1819009.668556 1621839092.817213
987690.649964 1819010.953533 1621839093.117122
987695.460945 1819014.090247 1621839093.817257
987723.358494 1819032.215061 1621839097.867486
987725.331524 1819033.470316 1621839098.167384
987736.848874 1819040.431577 1621839099.917782
987744.160343 1819043.106818 1621839100.96754
987742.050981 1819042.570028 1621839100.667528
987753.408892 1819042.978423 1621839102.317554
987763.946788 1819037.26357 1621839103.967417
987770.369411 1819031.838255 1621839105.016471
987774.246174 1819028.439277 1621839105.667228
987772.141516 1819030.292463 1621839105.317264
987782.324225 1819021.20584 1621839107.06703
987793.666717 1819011.157495 1621839108.767377
987798.836868 1819006.748153 1621839109.467066
987806.595389 1819000.415222 1621839110.467394
987817.686426 1818991.86918 1621839111.816377
987820.226228 1818990.024929 1621839112.117359
987829.232858 1818983.851297 1621839113.167617
987844.767348 1818974.84704 1621839114.867227
987848.161907 1818973.164052 1621839115.226443
987865.558772 1818965.972421 1621839116.917819
987872.995198 1818963.404419 1621839117.617441
987883.535937 1818960.177711 1621839118.617524
987896.781196 1818956.9003 1621839119.967841
987890.170346 1818958.426289 1621839119.267288
987911.096644 1818954.358184 1621839121.667505
987913.953921 1818953.989027 1621839122.017213
987925.494812 1818953.119508 1621839123.317479
987932.269372 1818952.824105 1621839124.017446
987942.710369 1818952.719106 1621839125.01622
987958.116521 1818953.16299 1621839126.367121
987961.640267 1818953.422186 1621839126.667721
987969.838925 1818954.212247 1621839127.367634
987985.161902 1818956.590658 1621839128.719099
987996.91218 1818959.230691 1621839129.76769
988020.332999 1818967.336319 1621839131.917356
988023.383995 1818968.816645 1621839132.223762
988029.816045 1818972.394805 1621839132.867413
988033.179152 1818974.506074 1621839133.223622
988052.842742 1818987.486574 1621839135.267946
988100.177914 1818997.539296 1621839139.967701
988102.916261 1818996.269785 1621839140.317287
988111.392739 1818989.386136 1621839141.617007
988109.620174 1818991.302962 1621839141.317499
988117.124595 1818981.593016 1621839142.667409
988122.93435 1818972.676197 1621839143.718465
988129.217493 1818963.054277 1621839144.767365
988137.283157 1818950.636381 1621839146.066743
988139.471589 1818947.270983 1621839146.417092
988152.713011 1818926.934807 1621839148.51754
988159.020624 1818917.172352 1621839149.517014
988156.82897 1818920.578122 1621839149.167677
988172.279284 1818896.559904 1621839151.967431
988170.684946 1818898.989937 1621839151.616386
988179.319276 1818886.077918 1621839153.61625
988180.717669 1818883.951198 1621839153.967653
988186.003734 1818875.961664 1621839155.317556
988187.380099 1818873.969413 1621839155.667622
988195.167879 1818864.863523 1621839157.367707
988196.819502 1818863.109154 1621839157.719358
988202.825892 1818856.381556 1621839159.067224
988206.661274 1818850.968813 1621839160.067272
988210.416144 1818844.309049 1621839161.117285
988211.469549 1818842.185734 1621839161.416299
988221.515286 1818823.614074 1621839163.767355
988220.0487 1818826.085217 1621839163.467215
988225.057951 1818817.798346 1621839164.467262
988234.140295 1818803.296084 1621839166.167439
988239.78307 1818794.60791 1621839167.167227
988247.636296 1818782.698603 1621839168.517514
988253.445773 1818773.75297 1621839169.517156
988257.403711 1818767.654987 1621839170.222646
988265.99628 1818754.187414 1621839171.967295
988268.785222 1818749.75078 1621839172.616428
988274.561037 1818740.646599 1621839173.967381
988278.792581 1818733.950514 1621839174.967364
988280.231439 1818731.596682 1621839175.317572
988284.302994 1818724.353076 1621839176.317029
988285.818934 1818721.221998 1621839176.719173
988290.221743 1818709.705512 1621839178.067182
988292.970868 1818697.250519 1621839179.417081
988293.812481 1818687.111648 1621839180.466751
988293.164178 1818673.653426 1621839181.817009
988291.201858 1818663.207387 1621839182.867725
988289.08626 1818656.35136 1621839183.567512
988286.158889 1818649.203158 1621839184.317346
988279.175245 1818636.802686 1621839185.71901
988272.50896 1818628.233499 1621839186.767463
988274.509885 1818630.602096 1621839186.467665
988270.074114 1818625.539646 1621839187.117841
988250.527465 1818609.527746 1621839189.568054
988244.368056 1818605.481236 1621839190.267279
988232.354326 1818597.56202 1621839191.617284
988223.381781 1818591.560128 1621839192.617271
988213.425074 1818585.079096 1621839193.719932
988210.27701 1818583.070107 1621839194.067706
988204.593257 1818579.378749 1621839194.719804
988198.239613 1818575.222543 1621839195.467132
988184.571985 1818566.222895 1621839197.167411
988181.757189 1818564.397171 1621839197.517244
988165.601536 1818553.915297 1621839199.56771
988160.416468 1818550.556517 1621839200.267249
988153.551372 1818546.126589 1621839201.317931
988147.846011 1818542.618351 1621839202.317723
988143.957132 1818540.552823 1621839203.016288
988136.738952 1818537.437109 1621839204.367473
988132.859714 1818537.015152 1621839205.118465
988130.90168 1818537.338701 1621839205.517407
988121.744177 1818546.623967 1621839207.867296
988120.52713 1818548.629044 1621839208.22704
988114.034839 1818559.031564 1621839209.917276
988110.710157 1818564.233098 1621839210.667112
988107.549462 1818569.069659 1621839211.317016
988103.92885 1818574.569574 1621839212.017824
988094.465257 1818589.006957 1621839213.767346
988089.093255 1818597.284029 1621839214.71868
988090.809265 1818594.633177 1621839214.417326
988079.073602 1818612.726471 1621839216.417055
988081.178241 1818609.495713 1621839216.066923
988075.100474 1818618.792177 1621839217.067183
988060.149622 1818641.694866 1621839219.467268
988058.048487 1818644.984792 1621839219.816132
988055.969821 1818648.221316 1621839220.16736
988044.543141 1818666.074748 1621839222.227914
988035.0862 1818680.524838 1621839223.967562
988031.479465 1818685.891206 1621839224.617138
988025.938117 1818694.224371 1621839225.616853
988020.501943 1818702.440552 1621839226.616799
988015.706991 1818710.248549 1621839227.616771
988014.382761 1818712.818341 1621839227.967161
988012.152785 1818721.740619 1621839229.267373
988015.732512 1818730.836688 1621839230.967047
988013.694131 1818727.844632 1621839230.317324
988016.87535 1818731.991264 1621839231.267333
988033.201097 1818742.572612 1621839234.667229
988037.159394 1818745.146792 1621839235.367438
988041.212227 1818747.839099 1621839236.067043
988046.768141 1818751.782396 1621839237.067034
988048.840765 1818753.376908 1621839237.467067
988063.111545 1818770.311674 1621839241.167209
988066.923511 1818774.302736 1621839242.167508
988071.346208 1818777.973272 1621839243.22717
988075.944841 1818781.2666 1621839244.226971
988087.285822 1818789.085612 1621839246.61597
988096.829898 1818794.546646 1621839248.617172
988100.481842 1818796.351336 1621839249.317092
988102.332635 1818797.259442 1621839249.666926
988112.426293 1818802.761169 1621839251.666976
988117.315734 1818805.793674 1621839252.718486
988119.093349 1818806.926866 1621839253.118119
988126.672072 1818811.826708 1621839254.816378
988129.929721 1818813.931319 1621839255.517096
988131.534222 1818814.966853 1621839255.867497
988137.734948 1818819.019276 1621839257.267189
988140.504416 1818820.832088 1621839257.917253
988145.184035 1818823.881242 1621839259.269377
988148.826629 1818826.971218 1621839260.616168
988151.962673 1818830.117741 1621839261.666936
988154.31065 1818832.122611 1621839262.367417
988156.89463 1818834.050612 1621839263.067041
988159.446691 1818835.862191 1621839263.767437
988160.712669 1818836.736203 1621839264.117159
988169.496575 1818842.850861 1621839266.467235
988170.821536 1818843.878662 1621839266.817128
988172.123944 1818845.026212 1621839267.167387
988178.147992 1818852.772597 1621839269.167201
988181.952186 1818858.901128 1621839270.51937
988183.821857 1818862.309577 1621839271.226626
988186.328733 1818869.019309 1621839272.56757
988186.718395 1818871.071034 1621839272.917689
988186.185859 1818880.218062 1621839274.31733
988183.332385 1818887.308184 1621839275.367802
988177.580754 1818896.314756 1621839276.718135
988180.702465 1818891.620096 1621839276.016921
988170.958508 1818906.367951 1621839278.117511
988167.742092 1818911.388577 1621839278.76757
988165.959858 1818914.169816 1621839279.116939
988160.722455 1818922.323933 1621839280.116994
988144.634251 1818946.94474 1621839282.967352
988146.686588 1818943.806306 1621839282.616873
988134.368311 1818962.78165 1621839284.667189
988136.515604 1818959.454647 1621839284.316929
988124.319548 1818978.223173 1621839286.31758
988118.294802 1818987.283803 1621839287.367331
988106.363662 1819000.001596 1621839289.71786
988101.411058 1819002.43355 1621839290.719263
988096.054003 1819003.750968 1621839291.718657
988093.833 1819003.977398 1621839292.066969
988081.242919 1819003.545824 1621839293.767295
988072.995571 1819001.265905 1621839294.766841
988075.485875 1819002.164722 1621839294.467172
988064.574666 1818997.205024 1621839295.767185
988061.631518 1818995.458866 1621839296.116784
988033.321358 1818977.384605 1621839299.467017
988027.608343 1818974.032726 1621839300.167374
988024.270727 1818972.268617 1621839300.56718
988002.707487 1818964.184745 1621839302.917352
987930.007965 1818957.04088 1621839310.617056
987932.176653 1818957.154022 1621839310.267259
987916.70532 1818923.686197 1621839317.367309
987916.843984 1818921.643482 1621839317.667049
987918.787187 1818909.855417 1621839319.415901
987918.076979 1818912.24388 1621839319.067368
987937.885666 1818878.631926 1621839323.4672
987939.810841 1818875.710262 1621839323.816918
987941.72759 1818872.808254 1621839324.167232
987966.629484 1818834.536028 1621839328.867211
987968.487978 1818831.606729 1621839329.224425
987970.393155 1818828.687764 1621839329.567352
987977.855468 1818817.306524 1621839330.967506
987986.368153 1818804.30012 1621839332.666308
987991.757753 1818796.526594 1621839333.767428
987997.314676 1818790.75588 1621839334.767577
987993.351985 1818794.627325 1621839334.067132
988008.549445 1818784.367641 1621839336.468233
988013.845614 1818782.573556 1621839337.167464
988016.398192 1818781.891032 1621839337.517546
988022.157317 1818780.362634 1621839338.226586
988040.560604 1818776.038893 1621839340.617056
988047.009813 1818774.559363 1621839341.616427
988051.126102 1818773.613919 1621839342.31683
988054.69143 1818773.006429 1621839342.967786
988056.526703 1818772.819064 1621839343.31708
988069.204194 1818776.118946 1621839345.616302
988073.12443 1818778.757054 1621839346.317658
988079.05966 1818783.028547 1621839347.367456
988084.501501 1818787.014219 1621839348.367362
988082.897656 1818785.835312 1621839348.066972
988089.89432 1818790.750166 1621839349.367333
988101.5747 1818796.487971 1621839351.367445
988107.641221 1818799.636868 1621839352.416354
988113.175272 1818803.065267 1621839353.467496
988111.133085 1818801.755396 1621839353.066875
988120.784398 1818807.985119 1621839355.467002
988122.640778 1818809.150095 1621839356.81678
988122.790861 1818809.241125 1621839357.167225
988122.821856 1818809.260325 1621839357.51698
988122.813557 1818809.259472 1621839359.225826
988122.808977 1818809.262695 1621839360.226822
988122.800487 1818809.268977 1621839361.867083
988122.791611 1818809.274476 1621839362.917529
988122.788509 1818809.269946 1621839363.566774
