990491.788163 1819704.007122 1620815296.732144
990491.787243 1819704.007662 1620815297.732345
990491.804061 1819704.008066 1620815298.12983
990491.892429 1819704.006325 1620815298.531018
990498.41304 1819703.967735 1620815301.780325
990508.467338 1819704.024338 1620815303.980308
990513.42249 1819704.046507 1620815304.78029
990520.492443 1819704.045589 1620815305.779682
990523.54959 1819704.055312 1620815306.180675
990525.130381 1819704.043137 1620815306.37963
990556.199119 1819703.813375 1620815309.830726
990560.041461 1819703.758239 1620815310.243774
990565.754774 1819703.650205 1620815310.830443
990571.350417 1819703.53216 1620815311.429522
990590.970958 1819703.148241 1620815313.630514
990614.968031 1819701.7471 1620815316.680591
990618.601228 1819701.333576 1620815317.280552
990620.838617 1819700.957515 1620815317.679853
990627.60055 1819698.662327 1620815319.080266
990633.412281 1819692.68353 1620815320.880431
990635.084198 1819688.858087 1620815321.680155
990637.079402 1819672.107703 1620815324.130444
990635.784407 1819644.786488 1620815326.73265
990635.339274 1819632.688631 1620815327.731999
990635.505543 1819637.651479 1620815327.330384
990635.144477 1819625.033964 1620815328.33112
990634.452878 1819578.919652 1620815331.780686
990634.159712 1819565.185745 1620815332.780744
990634.059124 1819559.740041 1620815333.183477
990634.093199 1819538.372246 1620815334.780145
990634.188654 1819525.109541 1620815335.780502
990634.037051 1819511.823463 1620815336.780594
990633.907858 1819498.441837 1620815337.780639
990633.628924 1819484.968605 1620815338.781217
990632.298327 1819457.068717 1620815340.830718
990631.960407 1819451.667013 1620815341.243136
990630.883879 1819431.315392 1620815342.830505
990630.810621 1819426.803937 1620815343.243747
990630.653501 1819422.541041 1620815343.630645
990630.262141 1819407.0544 1620815345.242154
990630.281679 1819398.47124 1620815346.243357
990628.627214 1819379.179936 1620815349.280443
990624.827135 1819374.954742 1620815350.280543
990622.474435 1819373.794778 1620815350.680605
990593.999703 1819369.050808 1620815353.930981
990584.71597 1819367.985628 1620815354.733328
990572.181848 1819366.642358 1620815355.732172
990558.859403 1819365.254775 1620815356.732937
990564.258658 1819365.813827 1620815356.330418
990500.495325 1819361.191148 1620815360.783089
990494.633678 1819361.011998 1620815361.180592
990491.692239 1819360.909238 1620815361.380756
990442.098997 1819359.456796 1620815364.830555
990436.67437 1819359.295398 1620815365.244289
990431.350476 1819359.116039 1620815365.630555
990408.091305 1819358.359973 1620815367.630575
990410.093385 1819358.42368 1620815367.430436
990388.591104 1819358.901886 1620815370.244264
990377.897716 1819366.874592 1620815372.680426
990376.223489 1819371.75719 1620815373.480404
990375.467022 1819377.476573 1620815374.280774
990375.297362 1819391.001269 1620815375.880586
990375.80067 1819430.836178 1620815379.732963
990375.780251 1819441.911815 1620815380.732581
990375.682242 1819448.447671 1620815381.330593
990375.722633 1819446.285215 1620815381.13153
990375.120734 1819482.311984 1620815384.780813
990375.643212 1819489.469726 1620815385.780639
990377.55069 1819495.416094 1620815386.780882
990381.263717 1819499.971135 1620815387.780359
990383.286375 1819501.365551 1620815388.179975
990385.56355 1819502.465012 1620815388.581254
990417.667624 1819504.289774 1620815392.630509
990423.039876 1819504.315297 1620815393.243713
990426.65287 1819504.330841 1620815393.630497
990446.56381 1819504.141839 1620815395.830614
990450.171945 1819504.078902 1620815396.243117
990459.432308 1819503.962676 1620815397.242692
990463.211324 1819503.96994 1620815397.630608
990470.721371 1819504.045857 1620815398.430578
990492.254935 1819503.904493 1620815400.680942
990494.239752 1819503.875667 1620815400.881252
990545.003507 1819503.256787 1620815405.7319
990551.23364 1819503.261828 1620815406.330852
990565.287554 1819503.291578 1620815407.732374
990559.346701 1819503.284857 1620815407.130862
990584.122711 1819503.303808 1620815409.732725
990589.242091 1819503.25466 1620815410.330636
990604.070932 1819502.971474 1620815412.581769
990610.932361 1819502.681979 1620815414.630577
990612.298846 1819502.531611 1620815415.829441
990612.428162 1819502.557582 1620815416.830482
990612.390663 1819502.491679 1620815416.180728
990612.473834 1819502.864795 1620815418.680523
990612.505875 1819502.817596 1620815418.481797
990612.350806 1819503.004176 1620815420.330583
990612.32424 1819503.005097 1620815421.381266
990612.327173 1819503.00906 1620815421.579296
990612.158508 1819502.957403 1620815423.83055
990612.145403 1819502.945851 1620815424.180765
990612.134919 1819502.929636 1620815425.880582
990612.127568 1819502.921951 1620815426.280628
990612.127981 1819502.923496 1620815426.880632
990612.125545 1819502.910665 1620815430.93086
990612.125403 1819502.907724 1620815431.330841
990612.124133 1819502.903997 1620815432.330883
990612.123152 1819502.904381 1620815433.331581
990612.123164 1819502.904791 1620815433.732649
990612.123273 1819502.906308 1620815434.530636
990612.122378 1819502.900986 1620815438.382
990612.122406 1819502.901642 1620815438.181181
990612.119685 1819502.898233 1620815440.243478
990612.119917 1819502.898058 1620815440.430186
990612.119838 1819502.896997 1620815442.481783
990612.120351 1819502.893819 1620815444.87988
990612.121081 1819502.894875 1620815445.48077
990612.120868 1819502.898035 1620815446.280765
990612.120119 1819502.897371 1620815446.880687
990612.120426 1819502.896618 1620815448.733321
990612.12008 1819502.895969 1620815449.330746
990612.121591 1819502.896253 1620815450.330548
990612.122157 1819502.895894 1620815451.329941
990612.121223 1819502.896546 1620815452.33045
990612.11949 1819502.897554 1620815453.329873
990612.120053 1819502.900936 1620815454.331152
990612.118787 1819502.900929 1620815455.331004
990612.120815 1819502.8992 1620815456.330796
990612.117133 1819502.902263 1620815457.331155
990612.125619 1819502.898387 1620815458.330506
990612.12227 1819502.900249 1620815459.330986
990612.122673 1819502.900311 1620815460.331278
990612.118398 1819502.900283 1620815461.330865
990612.121668 1819502.900647 1620815462.331293
990612.119818 1819502.899541 1620815463.330898
990612.120577 1819502.901567 1620815464.330658
990612.119591 1819502.900045 1620815465.331018
990612.120259 1819502.901204 1620815466.732774
990612.120587 1819502.901445 1620815467.732979
990612.121204 1819502.902885 1620815468.33073
990612.120901 1819502.903486 1620815468.731878
990612.121019 1819502.904362 1620815469.131717
990612.11793 1819502.903918 1620815474.781205
990612.118483 1819502.904283 1620815474.581197
990612.11855 1819502.90425 1620815476.830959
990612.119579 1819502.905348 1620815477.243013
990612.119182 1819502.904666 1620815477.631714
990612.118835 1819502.905146 1620815481.280294
990612.116499 1819502.905515 1620815482.282095
990612.11759 1819502.905078 1620815482.880749
990612.119618 1819502.90359 1620815484.331591
990612.115164 1819502.904238 1620815485.330714
990612.116674 1819502.904438 1620815486.330617
990612.119386 1819502.902376 1620815487.33086
990612.118609 1819502.903778 1620815488.13058
990612.118237 1819502.903481 1620815490.780819
990612.118814 1819502.903366 1620815491.830758
990612.117309 1819502.903447 1620815492.830787
990612.115638 1819502.90319 1620815493.24402
990612.113558 1819502.902886 1620815493.629761
990612.112049 1819502.903064 1620815495.280993
990612.113443 1819502.901422 1620815496.281125
990612.110447 1819502.90439 1620815497.330601
990612.112628 1819502.902744 1620815498.330856
990612.112232 1819502.903292 1620815498.732273
990612.112504 1819502.904773 1620815500.980947
990612.113142 1819502.904581 1620815501.781152
990612.112083 1819502.905321 1620815501.181163
990612.11276 1819502.904701 1620815503.781116
990612.112894 1819502.905199 1620815503.381176
990612.115059 1819502.904095 1620815505.781312
990612.114436 1819502.905416 1620815505.381269
990612.118365 1819502.902785 1620815507.781854
990612.117754 1819502.902146 1620815508.180988
990612.117457 1819502.904268 1620815510.781075
990612.118163 1819502.904947 1620815511.180812
990612.117753 1819502.905292 1620815512.780988
990612.116527 1819502.904599 1620815512.381009
990612.660642 1819502.89769 1620815514.181521
990615.645599 1819502.855653 1620815515.380889
990636.775083 1819502.73702 1620815518.78019
990673.970097 1819502.543282 1620815522.830798
990684.170221 1819502.436026 1620815523.830936
990688.291618 1819502.385659 1620815524.242872
990694.516203 1819502.339465 1620815524.830734
990705.623675 1819502.251193 1620815525.880842
990707.782707 1819502.230053 1620815526.080794
990749.37729 1819502.044548 1620815529.733196
990756.184589 1819502.034183 1620815530.330568
990766.61118 1819501.9776 1620815531.331935
990776.291801 1819501.894966 1620815532.330702
990774.374385 1819501.916378 1620815532.131622
990809.771926 1819501.329935 1620815535.781373
990820.7375 1819501.189291 1620815536.880632
990824.244703 1819501.133553 1620815537.242492
990834.698876 1819500.938155 1620815538.27999
990855.108751 1819500.690331 1620815540.330837
990856.892619 1819500.661782 1620815540.530761
990878.627946 1819500.274473 1620815544.981368
990878.858731 1819500.375453 1620815545.181408
990880.107478 1819501.528789 1620815547.830874
990881.503177 1819501.746744 1620815548.631031
990886.046937 1819502.461051 1620815549.831024
990890.768528 1819504.359529 1620815550.830076
990895.387465 1819507.84911 1620815551.83106
990893.590747 1819506.233883 1620815551.430985
990897.772268 1819510.790163 1620815552.431991
990901.329944 1819527.696636 1620815554.881194
990901.279388 1819536.479809 1620815555.881031
990901.304318 1819531.071253 1620815555.280942
990901.273488 1819538.356528 1620815556.081022
990874.582975 1819688.172882 1620815579.331189
990864.959298 1819692.548402 1620815580.331601
990854.702506 1819697.193083 1620815581.330951
990843.998699 1819702.184559 1620815582.331118
990839.614389 1819704.298236 1620815582.731917
990816.622708 1819715.749092 1620815584.780749
990804.681498 1819721.810843 1620815585.831027
990809.239106 1819719.486888 1620815585.429969
990781.305865 1819733.960661 1620815587.880881
990776.827208 1819736.343793 1620815588.283397
990754.607592 1819748.116277 1620815590.280823
990750.142186 1819750.449555 1620815590.680712
990741.23802 1819755.12046 1620815591.481756
990693.288881 1819782.974422 1620815595.931344
990689.369105 1819785.883364 1620815596.331878
990685.590591 1819788.814522 1620815596.731493
990672.572108 1819799.405456 1620815598.38126
990669.905288 1819801.242451 1620815598.781072
990650.671239 1819803.212966 1620815601.429837
990645.820521 1819799.956834 1620815602.24199
990642.353641 1819795.397518 1620815603.03091
990639.983467 1819776.189077 1620815605.430863
990639.902464 1819768.303317 1620815606.241485
990639.314279 1819756.790107 1620815607.242182
990639.511552 1819750.785868 1620815608.029977
990639.36465 1819737.870165 1620815609.831053
990639.390404 1819740.620673 1620815609.430724
990639.344143 1819735.0334 1620815610.241547
990639.192059 1819714.655629 1620815612.830915
990639.213311 1819717.62129 1620815612.431096
990639.165804 1819711.809232 1620815613.242632
990638.973833 1819692.940976 1620815615.831921
990639.00927 1819696.02075 1620815615.430913
990638.886405 1819686.494888 1620815616.629927
990638.835721 1819683.167956 1620815617.03079
990638.584194 1819640.690859 1620815622.081055
990653.611561 1819603.621689 1620815628.880521
990660.36611 1819603.196756 1620815629.880915
990656.179241 1819603.281644 1620815629.280923
990663.363625 1819603.271661 1620815630.280886
990697.890625 1819603.01841 1620815634.330773
990707.564312 1819602.953631 1620815635.332113
990717.472471 1819602.825171 1620815636.331825
990721.519293 1819602.772267 1620815636.732403
990755.929193 1819602.559972 1620815639.981078
990760.39714 1819602.535231 1620815640.381208
990764.903815 1819602.510493 1620815640.78219
990783.008941 1819602.31678 1620815642.381317
990787.021211 1819602.290349 1620815642.781343
990803.285259 1819602.140569 1620815644.781427
990800.114065 1819602.162835 1620815644.381135
990843.115527 1819601.686397 1620815648.830898
990854.514034 1819601.644194 1620815649.830551
990865.096032 1819601.650719 1620815650.830773
990868.87224 1819601.646524 1620815651.241567
990870.651888 1819601.536707 1620815651.430885
990900.000168 1819611.125296 1620815655.882175
990903.754184 1819618.194204 1620815656.881194
990905.917035 1819626.673594 1620815657.883327
990906.436801 1819630.093934 1620815658.281223
990906.668133 1819631.748373 1620815658.482381
990912.112435 1819648.39716 1620815661.33108
990917.131919 1819652.033411 1620815662.732256
990919.726716 1819652.500139 1620815663.331599
990925.527881 1819651.745059 1620815664.381407
990929.355298 1819650.337495 1620815664.981184
990933.328842 1819648.494203 1620815665.581592
990956.540051 1819633.467719 1620815668.8304
990961.144895 1819630.285122 1620815669.431022
990958.06021 1819632.419639 1620815669.030705
990981.991195 1819616.815544 1620815671.881182
990983.817359 1819615.66565 1620815672.081339
991010.938452 1819598.334325 1620815674.933278
991020.725665 1819591.68534 1620815675.931361
991030.624319 1819584.805154 1620815676.930995
991024.670508 1819588.961812 1620815676.331191
991050.040949 1819571.491104 1620815678.931214
991053.602758 1819569.066784 1620815679.331796
991065.848522 1819560.217321 1620815680.931446
991068.238426 1819557.921234 1620815681.332132
991073.156964 1819551.498131 1620815682.332291
991076.398089 1819544.372838 1620815683.331574
991077.759581 1819531.742105 1620815684.931374
991077.830737 1819536.663772 1620815684.331702
991074.13473 1819520.367703 1620815686.331243
991069.623613 1819514.074659 1620815687.331628
990916.72308 1819461.621561 1620815701.781763
990909.128598 1819459.156211 1620815702.381659
990895.831159 1819455.044575 1620815703.430775
990890.742968 1819453.41912 1620815703.831435
990864.459865 1819445.068247 1620815705.881322
990856.62048 1819442.601818 1620815706.481269
990843.35608 1819438.436271 1620815707.481367
990823.812922 1819432.328311 1620815708.932401
990810.300083 1819428.068805 1620815709.932381
990818.410254 1819430.636098 1620815709.331963
990802.176331 1819425.471476 1620815710.531662
990777.216691 1819417.511136 1620815712.380567
990774.561739 1819416.666305 1620815712.581997
990733.15366 1819403.661381 1620815715.831431
990725.871037 1819401.348198 1620815716.431339
990708.895226 1819395.967479 1620815717.881431
990713.447533 1819397.415913 1620815717.483238
990689.168707 1819389.800218 1620815719.881318
990682.621674 1819387.267693 1620815720.881488
990679.714159 1819386.015293 1620815721.482275
990675.777931 1819384.557159 1620815722.482322
990673.920499 1819383.807191 1620815723.281814
990673.579745 1819383.686893 1620815723.48245
990672.898363 1819383.298358 1620815725.531644
990672.916229 1819383.280854 1620815725.732174
990673.255348 1819383.022093 1620815728.381823
990673.337316 1819382.946413 1620815729.381818
990673.333825 1819382.574637 1620815730.830185
990673.345839 1819382.584169 1620815731.030436
990673.466168 1819382.607484 1620815732.881335
990673.487275 1819382.586558 1620815733.281462
990673.560026 1819382.673287 1620815737.131182
990673.600849 1819382.655211 1620815738.93135
990673.582347 1819382.629319 1620815739.931393
990673.571054 1819382.621322 1620815740.331516
990673.530059 1819382.634638 1620815741.38186
990673.488363 1819382.697878 1620815742.383067
990673.474183 1819382.714695 1620815742.781746
990673.449276 1819382.764194 1620815744.431313
990673.446908 1819382.795172 1620815745.431273
990673.446107 1819382.790664 1620815745.243531
990673.457488 1819382.873086 1620815747.881294
990673.477372 1819382.878161 1620815748.881437
990673.490398 1819382.884443 1620815749.881599
990673.486328 1819382.877996 1620815749.482377
990673.494748 1819382.890863 1620815750.282392
990673.529227 1819382.907212 1620815752.93234
990673.527194 1819382.907861 1620815752.734036
990673.571009 1819382.922311 1620815754.781722
990673.572272 1819382.925119 1620815754.981898
990673.582363 1819382.921604 1620815756.632124
990673.593293 1819382.921317 1620815757.430239
990673.601708 1819382.921955 1620815757.831349
990673.606303 1819382.922109 1620815758.030406
990673.678554 1819382.916224 1620815762.080976
990673.735813 1819382.937262 1620815763.681421
990673.745784 1819382.947941 1620815764.681315
990673.772409 1819382.974283 1620815766.68143
990673.773089 1819382.975132 1620815767.081324
990673.782027 1819383.005459 1620815770.881523
990673.783619 1819383.004766 1620815770.482465
990673.776536 1819383.008942 1620815772.48267
990673.765302 1819383.001021 1620815773.881953
990673.776527 1819383.005253 1620815773.483364
990673.724716 1819383.000186 1620815775.881227
990673.710529 1819383.000317 1620815776.881426
990673.699811 1819383.001841 1620815777.88149
990673.688062 1819383.010803 1620815778.881556
990673.683316 1819383.015439 1620815779.881557
990673.683209 1819383.015408 1620815779.481328
990673.661261 1819383.01141 1620815782.932409
990673.659402 1819383.013878 1620815783.331518
990673.660043 1819383.038071 1620815784.982186
990673.658771 1819383.04084 1620815785.181995
990673.67095 1819383.065569 1620815788.031592
990673.70418 1819383.073123 1620815789.83096
990673.689654 1819383.070166 1620815789.031519
990673.740575 1819383.105209 1620815792.881702
990673.74247 1819383.127491 1620815794.682066
990673.741039 1819383.131425 1620815795.244518
990673.748553 1819383.137706 1620815796.881619
990673.755982 1819383.142242 1620815797.482385
990673.758307 1819383.158121 1620815798.881477
990673.764981 1819383.152918 1620815798.482346
990673.670414 1819383.144667 1620815800.482077
990672.42545 1819382.754064 1620815801.483397
990670.344227 1819382.117551 1620815802.244551
990655.406601 1819378.169441 1620815804.881656
990658.442714 1819378.909532 1620815804.482421
990625.758412 1819371.57475 1620815807.881527
990568.547174 1819364.405834 1620815812.332504
990522.981406 1819362.22765 1620815815.531836
990514.300326 1819362.000323 1620815816.131503
990465.723865 1819360.587842 1620815819.531699
990433.682461 1819359.498584 1620815821.931821
990421.207051 1819359.19111 1620815822.931538
990416.548244 1819359.06741 1620815823.331897
990400.776385 1819358.743545 1620815824.931722
990406.083402 1819358.795607 1620815824.331512
990387.466178 1819360.141243 1620815826.931754
990382.293739 1819363.097611 1620815827.931541
990385.238185 1819361.083262 1620815827.331645
990381.433751 1819363.903885 1620815828.131858
990370.927424 1819483.504273 1620815841.381022
990369.467077 1819489.140014 1620815841.981171
990361.286274 1819506.921951 1620815843.983176
990358.991167 1819510.160274 1620815844.381175
990355.18848 1819514.772101 1620815844.982067
990348.330823 1819522.003455 1620815845.981199
990341.55895 1819528.976346 1620815846.981103
990332.708442 1819539.359654 1620815848.382018
990329.338381 1819544.124197 1620815848.982387
990324.519153 1819552.314627 1620815849.982661
990319.503862 1819564.311263 1620815851.382045
990317.180861 1819572.825785 1620815852.382428
990316.083653 1819577.9048 1620815852.981987
990314.515397 1819586.609821 1620815853.981004
990312.834669 1819599.258392 1620815855.382183
990312.022909 1819612.26435 1620815856.78101
990312.408655 1819622.094679 1620815857.831201
990313.060509 1819627.751829 1620815858.431594
990313.670365 1819631.534879 1620815858.831087
990314.025285 1819633.427155 1620815859.030638
990346.339341 1819685.14838 1620815865.48165
990354.049089 1819691.149602 1620815866.481633
990350.904109 1819688.851205 1620815866.081662
990374.209386 1819701.583337 1620815868.932616
990382.91706 1819703.960725 1620815869.932707
990392.366755 1819705.311865 1620815870.98255
990395.967548 1819705.506083 1620815871.382112
990401.364299 1819705.507759 1620815871.98159
990414.56315 1819705.18892 1620815873.432225
990410.899243 1819705.285002 1620815873.032658
990432.887596 1819704.897335 1620815875.430853
990436.550383 1819704.857113 1620815875.830439
990445.594281 1819704.770354 1620815876.831462
990459.827845 1819704.624798 1620815878.431092
990463.288145 1819704.600848 1620815878.831617
990476.329597 1819704.515257 1620815880.431476
990483.031204 1819704.444856 1620815881.431591
990480.516834 1819704.474308 1620815881.034993
990491.804115 1819704.394519 1620815883.430587
990493.740564 1819704.369329 1620815884.431312
990493.162241 1819704.367456 1620815884.031563
990494.394377 1819704.463459 1620815886.430637
990494.394055 1819704.494457 1620815887.431905
990494.389681 1819704.495672 1620815888.430751
