353757.326606 4026106.37485 1620821788.648053
353758.389058 4026107.255672 1620821788.798415
353770.175732 4026116.419173 1620821790.349843
353781.10933 4026124.799305 1620821791.698364
353783.635161 4026126.717499 1620821791.999027
353795.189161 4026135.759279 1620821793.350209
353800.952014 4026140.321986 1620821793.998555
353807.307782 4026145.375956 1620821794.697424
353820.063274 4026155.512962 1620821796.059868
353829.969897 4026163.323112 1620821797.060153
353863.119124 4026190.137666 1620821800.248627
353891.257174 4026212.492513 1620821802.748819
353896.942144 4026216.983784 1620821803.248744
353916.379938 4026232.406457 1620821804.948444
353927.860843 4026241.58068 1620821805.949505
353935.380604 4026247.569845 1620821806.601089
353947.203804 4026257.008658 1620821807.59835
353943.008974 4026253.64479 1620821807.250297
353967.49428 4026273.427258 1620821809.297721
353979.659571 4026283.134057 1620821810.299377
353996.031909 4026296.264149 1620821811.648736
354008.876467 4026306.627057 1620821812.698606
354013.176767 4026310.10802 1620821813.060814
354016.82195 4026313.064764 1620821813.34981
354031.495354 4026324.773387 1620821814.551584
354061.214025 4026348.232527 1620821816.949326
354073.560123 4026358.018702 1620821817.950294
354085.911665 4026367.886646 1620821818.949267
354077.880771 4026361.464166 1620821818.298691
354092.722711 4026373.342981 1620821819.498211
354119.831111 4026394.736398 1620821821.647961
354132.688763 4026404.356263 1620821822.648693
354141.768805 4026410.848172 1620821823.350376
354150.954626 4026417.136915 1620821824.061516
354159.727705 4026422.873506 1620821824.698175
354190.20703 4026442.697535 1620821826.949183
354199.019076 4026448.350292 1620821827.598856
354194.952326 4026445.741069 1620821827.298813
354231.491604 4026469.211015 1620821829.99973
354226.758502 4026466.150681 1620821829.648874
354249.711567 4026480.977989 1620821831.348809
354254.448185 4026484.011519 1620821831.699368
354263.907793 4026490.087815 1620821832.399699
354290.899947 4026507.384089 1620821834.398949
354300.325372 4026513.432983 1620821835.098583
354322.527677 4026527.701485 1620821836.749715
354335.922311 4026536.541791 1620821837.750538
354347.265835 4026543.994524 1620821838.599303
354360.641397 4026552.647829 1620821839.604599
354356.624707 4026550.056536 1620821839.298622
354388.111326 4026570.229542 1620821841.648732
354396.815539 4026575.802541 1620821842.297907
354414.841123 4026587.375427 1620821843.649726
354431.386619 4026598.174568 1620821844.898595
354433.370857 4026599.468899 1620821845.059644
354446.565917 4026608.048714 1620821846.060942
354462.423157 4026618.449989 1620821847.249709
354483.892629 4026632.384106 1620821848.949235
354496.819867 4026640.769039 1620821850.000084
354508.768679 4026648.470884 1620821850.999105
354516.968797 4026653.669833 1620821851.699512
354524.438384 4026658.392749 1620821852.349361
354528.379385 4026660.906289 1620821852.700046
354539.743535 4026668.038926 1620821853.698771
354560.872334 4026681.50759 1620821855.697665
354557.440905 4026679.319848 1620821855.349355
354574.528869 4026690.116976 1620821857.349407
354572.299584 4026688.701301 1620821857.06082
354579.367226 4026693.180973 1620821858.060829
354593.998852 4026702.245979 1620821860.848673
354595.870541 4026703.379284 1620821861.399136
354596.808062 4026703.955688 1620821861.752446
354598.930463 4026705.530238 1620821863.950509
354598.977048 4026705.579594 1620821864.248855
354599.133358 4026705.795609 1620821865.949559
354599.138091 4026705.766009 1620821867.648991
354599.148148 4026705.776231 1620821867.298621
354599.1792 4026705.732604 1620821869.348791
354599.180275 4026705.729356 1620821869.498583
354599.186182 4026705.704428 1620821871.69887
354599.190744 4026705.703594 1620821872.063138
354599.19725 4026705.703124 1620821872.399152
354599.231191 4026705.707909 1620821874.061719
354599.358287 4026705.852728 1620821883.949616
354599.355511 4026705.849184 1620821884.297917
354599.392629 4026705.784349 1620821892.0001
354599.392866 4026705.788562 1620821892.648747
354599.383661 4026705.789068 1620821893.998513
354599.376321 4026705.782756 1620821894.998778
354599.37699 4026705.779259 1620821895.348664
354599.374028 4026705.756637 1620821896.998263
354599.368472 4026705.736246 1620821897.999947
354599.365757 4026705.732272 1620821898.349495
354599.354993 4026705.720468 1620821899.699616
354599.353161 4026705.718186 1620821899.999457
354599.345975 4026705.714096 1620821900.698905
354599.342959 4026705.712845 1620821900.999788
354599.30559 4026705.694035 1620821907.750169
354599.310241 4026705.696268 1620821907.399864
354599.293107 4026705.689322 1620821909.062087
354599.289559 4026705.690905 1620821909.749349
354599.284761 4026705.690988 1620821910.44988
354599.279325 4026705.690099 1620821911.097723
354599.237053 4026705.68753 1620821913.799144
354599.242499 4026705.690649 1620821913.448861
354599.232845 4026705.684841 1620821914.149758
354599.226744 4026705.673475 1620821916.700418
354599.222317 4026705.664323 1620821917.698809
354599.226266 4026705.667757 1620821917.062649
354599.215604 4026705.653212 1620821919.798841
354599.219434 4026705.654783 1620821919.062243
354599.214739 4026705.652676 1620821920.098762
354599.209149 4026705.638962 1620821921.49872
354599.204864 4026705.631565 1620821922.349556
354599.20179 4026705.609048 1620821924.400047
354599.202195 4026705.608487 1620821924.69799
354599.210441 4026705.597966 1620821926.399159
354599.213547 4026705.593044 1620821927.449086
354599.208168 4026705.583879 1620821928.449243
354599.191289 4026705.572704 1620821929.800357
354599.187348 4026705.570757 1620821930.098857
354599.181039 4026705.568334 1620821930.449019
354599.163718 4026705.566092 1620821931.497877
354599.135537 4026705.550544 1620821933.500853
354599.122261 4026705.53814 1620821934.497874
354599.111917 4026705.523001 1620821935.699625
354599.106517 4026705.518966 1620821936.699936
354599.105723 4026705.5187 1620821936.198671
354599.09664 4026705.509837 1620821938.399311
354599.087859 4026705.507262 1620821939.100003
354599.068397 4026705.49535 1620821939.799271
354599.05481 4026705.485533 1620821940.799348
354599.047935 4026705.484047 1620821941.49977
354599.049073 4026705.479803 1620821943.000159
354599.047445 4026705.469883 1620821943.999464
354599.054702 4026705.450042 1620821945.697818
354599.055097 4026705.45699 1620821945.349744
354599.057718 4026705.434652 1620821946.999296
354599.056571 4026705.42875 1620821948.399234
354599.055968 4026705.428142 1620821948.550557
354599.041714 4026705.424286 1620821950.749933
354599.042377 4026705.419826 1620821951.149568
354599.04213 4026705.416129 1620821951.449146
354599.054001 4026705.400456 1620821954.949776
354599.054748 4026705.398157 1620821955.799195
354599.059031 4026705.396083 1620821956.298912
354599.073617 4026705.385432 1620821957.848956
354599.073528 4026705.381262 1620821958.149949
354599.074314 4026705.364353 1620821959.150319
354599.072874 4026705.331733 1620821960.848976
354599.073085 4026705.34609 1620821960.149652
354599.068876 4026705.306224 1620821962.149773
354599.064486 4026705.277604 1620821963.498131
354599.060217 4026705.257064 1620821964.498773
354599.055492 4026705.232483 1620821965.849472
354599.053219 4026705.222525 1620821966.498252
354599.052615 4026705.217617 1620821966.848563
354599.052049 4026705.212917 1620821967.198797
354599.04601 4026705.187828 1620821969.349937
354599.044429 4026705.181823 1620821970.198919
354599.040638 4026705.159153 1620821973.999352
354599.05628 4026705.139995 1620821979.059717
354599.373948 4026705.314516 1620821980.398904
354600.668101 4026706.02649 1620821981.598526
354603.293112 4026707.43796 1620821982.749907
354602.359539 4026706.949724 1620821982.399673
354610.762802 4026710.727035 1620821984.749553
354616.653623 4026712.873238 1620821985.798978
354618.621099 4026713.522573 1620821986.099097
354621.006325 4026714.258992 1620821986.449036
354637.529857 4026717.746328 1620821988.499623
354647.444283 4026718.31749 1620821989.54938
354657.481496 4026717.826358 1620821990.549783
354653.888722 4026718.085467 1620821990.200335
354679.333498 4026714.567815 1620821992.550977
354693.663157 4026711.741714 1620821993.750123
354702.416256 4026709.884319 1620821994.448922
354715.396221 4026707.177643 1620821995.448921
354724.163069 4026705.322488 1620821996.09835
354748.362903 4026700.175512 1620821997.798875
354763.399194 4026696.907684 1620821998.800305
354768.764229 4026695.72801 1620821999.149868
354788.974952 4026691.290135 1620822000.4489
354799.92926 4026688.948615 1620822001.150049
354810.063924 4026686.830287 1620822001.799189
354826.269549 4026683.535031 1620822002.84903
354841.507623 4026680.523469 1620822003.848953
354852.08389 4026678.586292 1620822004.550086
354861.845794 4026676.938513 1620822005.200094
354911.115645 4026671.167929 1620822008.551363
354923.26574 4026670.348751 1620822009.39924
354925.390857 4026670.232731 1620822009.551105
354956.34284 4026669.124984 1620822011.800248
354965.027954 4026668.937954 1620822012.499754
354979.129113 4026668.664269 1620822013.799086
354985.396392 4026668.542035 1620822014.498015
354990.671108 4026668.442611 1620822015.199201
354996.645759 4026668.380649 1620822016.199529
355001.580227 4026668.349589 1620822017.499555
355000.712015 4026668.344414 1620822017.200411
355004.019733 4026668.439049 1620822019.551172
355003.991503 4026668.426767 1620822019.200203
355004.009743 4026668.432714 1620822022.249232
355004.022476 4026668.463685 1620822023.750234
355004.016638 4026668.482639 1620822024.800678
355004.006323 4026668.479782 1620822025.799429
355004.004597 4026668.477492 1620822025.950316
355003.934314 4026668.475289 1620822028.650157
355003.910441 4026668.475401 1620822029.7995
355003.915144 4026668.472658 1620822029.500464
355003.897021 4026668.494383 1620822030.850041
355003.867112 4026668.517002 1620822032.900079
355003.863708 4026668.517801 1620822033.199054
355003.861351 4026668.502969 1620822034.899148
355003.860381 4026668.49801 1620822035.599531
355003.949562 4026668.499195 1620822036.950013
355004.572009 4026668.501213 1620822037.950004
355004.056019 4026668.501054 1620822037.249661
355008.687529 4026668.410265 1620822039.750369
355012.954073 4026668.330076 1620822040.80047
355018.253518 4026668.236327 1620822041.799284
355025.0974 4026668.074599 1620822042.84912
355029.824889 4026667.985761 1620822043.500271
355032.524601 4026667.936059 1620822043.850314
355040.944887 4026667.733265 1620822044.850099
355060.769262 4026667.374309 1620822046.849295
355069.67825 4026667.25425 1620822047.651784
355079.771278 4026667.02313 1620822048.499925
355096.961428 4026666.59151 1620822049.849206
355100.903992 4026666.47494 1620822050.15008
355119.205711 4026666.06457 1620822051.499379
355131.170834 4026665.868178 1620822052.350019
355150.327308 4026665.483722 1620822053.649591
355163.577447 4026665.219317 1620822054.499827
355177.344278 4026665.05564 1620822055.350016
355202.404273 4026665.383376 1620822056.849923
355214.317894 4026665.64659 1620822057.551936
355225.419156 4026665.843813 1620822058.200475
355231.416226 4026665.90836 1620822058.552435
355248.60965 4026665.974629 1620822059.551839
355260.68851 4026665.92407 1620822060.248966
355298.736668 4026665.252828 1620822062.44926
355310.798311 4026664.970584 1620822063.152472
355327.974178 4026664.605401 1620822064.150217
355350.763714 4026664.147715 1620822065.499979
355367.436528 4026663.828728 1620822066.500295
355384.1836 4026663.449706 1620822067.499375
355407.276316 4026662.904884 1620822068.85459
355425.763499 4026662.430568 1620822069.900043
355437.478148 4026662.184624 1620822070.552084
355443.867999 4026662.083789 1620822070.899844
355449.380272 4026662.00006 1620822071.200242
355467.914246 4026661.809321 1620822072.198835
355506.253457 4026661.460054 1620822074.250371
355531.568875 4026660.90091 1620822075.600385
355525.011093 4026661.082987 1620822075.249329
355569.034894 4026659.936706 1620822077.599461
355575.582571 4026659.862856 1620822077.951031
355597.967121 4026659.804833 1620822079.14947
355629.458556 4026660.101414 1620822080.850352
355648.907162 4026660.235173 1620822081.900214
355655.423149 4026660.2833 1620822082.249366
355661.023217 4026660.324252 1620822082.552744
355674.123604 4026660.424917 1620822083.250224
355722.110656 4026661.039934 1620822085.799662
355724.922012 4026661.070999 1620822085.950781
355759.400488 4026661.471714 1620822087.799629
355750.142912 4026661.37884 1620822087.299565
355783.916553 4026661.846447 1620822089.151165
355813.353542 4026662.509888 1620822090.849552
355810.873221 4026662.434365 1620822090.699378
355834.741451 4026663.357463 1620822092.25355
355838.86232 4026663.563689 1620822092.551292
355851.664265 4026664.26536 1620822093.602167
355858.300232 4026664.614841 1620822094.25058
355876.002973 4026662.104339 1620822096.850823
355878.258011 4026659.41895 1620822097.500057
355880.330817 4026651.859968 1620822098.850467
355880.4021 4026649.525185 1620822099.199223
355880.125736 4026641.768585 1620822100.251303
355879.913228 4026627.016108 1620822101.900123
355879.977731 4026633.248721 1620822101.250259
355879.838241 4026620.405113 1620822102.552682
355879.278032 4026596.948088 1620822104.600917
355879.164901 4026592.532967 1620822104.950498
355878.413252 4026565.494743 1620822106.950103
355878.289582 4026560.548007 1620822107.299515
355878.051861 4026551.168084 1620822107.950438
355877.910487 4026546.0245 1620822108.300128
355877.239155 4026517.552095 1620822110.150321
355876.7866 4026495.505183 1620822111.49849
355876.405111 4026471.940133 1620822112.899525
355876.570628 4026483.794195 1620822112.19954
355875.766824 4026437.473696 1620822114.900271
355875.877871 4026442.698236 1620822114.600022
355875.521805 4026425.206645 1620822115.600853
355875.27006 4026412.817711 1620822116.300295
355874.574306 4026373.210727 1620822118.50009
355874.387989 4026361.396839 1620822119.148963
355873.801049 4026330.276696 1620822120.849956
355873.556949 4026318.324585 1620822121.499723
355873.67023 4026323.841426 1620822121.199756
355872.714259 4026280.474438 1620822123.551179
355872.564457 4026273.995487 1620822123.900356
355872.437941 4026268.456434 1620822124.199948
355871.900226 4026242.698682 1620822125.601029
355871.631041 4026230.734257 1620822126.249316
355871.222532 4026211.325657 1620822127.298398
355870.756656 4026192.80498 1620822128.29864
355869.961113 4026162.318021 1620822129.950304
355868.98992 4026137.579545 1620822131.300204
355868.713922 4026132.110475 1620822131.60174
355866.283307 4026091.243545 1620822133.849291
355865.185328 4026073.192864 1620822134.84972
355864.814016 4026066.89496 1620822135.199549
355863.012798 4026036.542791 1620822136.900176
355861.906348 4026018.981411 1620822137.899318
355862.625622 4026030.379678 1620822137.250476
355859.578015 4025984.136064 1620822139.899231
355859.146071 4025978.069715 1620822140.250535
355857.952558 4025960.843541 1620822141.249993
355857.533444 4025954.841274 1620822141.600428
355856.353734 4025937.766617 1620822142.600421
355855.061043 4025903.884774 1620822144.649384
355854.881518 4025892.787508 1620822145.300794
355855.115341 4025886.47888 1620822145.649919
355855.025148 4025860.889024 1620822147.150273
355854.875267 4025838.476998 1620822148.501293
355855.748433 4025816.090763 1620822149.850222
355857.065322 4025798.601986 1620822150.899954
355857.572789 4025792.849723 1620822151.249716
355860.347833 4025765.449739 1620822152.951344
355860.86822 4025760.719695 1620822153.250484
355862.135766 4025749.7798 1620822153.950059
355864.60222 4025729.1224 1620822155.2991
355866.462938 4025713.455045 1620822156.350292
355868.415133 4025696.684925 1620822157.499569
355870.674388 4025677.863424 1620822158.900115
355871.584198 4025669.645388 1620822159.600053
355872.558073 4025655.537693 1620822160.950259
355872.087428 4025649.278398 1620822161.650387
355869.48449 4025640.932154 1620822162.70014
355864.134295 4025633.612722 1620822163.85066
355867.438636 4025637.476962 1620822163.200322
355852.300971 4025627.107743 1620822165.551956
355840.172218 4025625.731298 1620822166.89949
355830.209323 4025625.726128 1620822167.90034
355822.81248 4025625.815007 1620822168.600747
355815.026863 4025625.76921 1620822169.301297
355805.621758 4025625.404107 1620822170.100073
355790.671616 4025624.525448 1620822171.298773
355786.159758 4025624.318989 1620822171.649972
355760.152123 4025623.431345 1620822173.551173
355745.599781 4025623.138958 1620822174.55162
355724.433083 4025622.676001 1620822175.95041
355714.383351 4025622.501647 1620822176.599583
355698.769691 4025622.349569 1620822177.600505
355678.244065 4025622.257133 1620822178.950399
355673.283152 4025622.26277 1620822179.300152
355668.533258 4025622.276159 1620822179.650562
355659.668272 4025622.416341 1620822180.350299
355639.20451 4025622.948317 1620822182.350249
355634.223621 4025623.078728 1620822183.000938
355629.70491 4025623.183395 1620822183.700635
355621.029076 4025623.385777 1620822185.55279
355617.346717 4025623.475418 1620822186.898598
355619.576466 4025623.399433 1620822186.000544
355615.310294 4025623.545309 1620822188.249706
355614.696435 4025623.571541 1620822189.600612
355614.68384 4025623.559902 1620822189.950718
355614.669188 4025623.574888 1620822191.65003
355614.668539 4025623.572438 1620822191.450699
355614.681814 4025623.530831 1620822194.849757
355614.69358 4025623.524264 1620822195.350447
355614.725801 4025623.489849 1620822196.350259
355614.71722 4025623.501271 1620822196.000262
355614.751852 4025623.47591 1620822197.849662
355614.772344 4025623.473079 1620822199.899735
355614.76824 4025623.464112 1620822200.552035
355614.761034 4025623.460718 1620822201.600407
355614.760476 4025623.463321 1620822201.800724
355613.734539 4025623.491621 1620822203.299584
355613.29004 4025623.496616 1620822203.501203
355589.371076 4025624.003356 1620822207.700465
355586.677336 4025624.080778 1620822208.000882
355570.915859 4025624.625932 1620822209.553686
355559.049153 4025624.911289 1620822210.601849
355551.304552 4025625.050958 1620822211.249453
355538.682732 4025625.272794 1620822212.24961
355520.49571 4025625.634108 1620822213.600095
355510.591712 4025625.811431 1620822214.299031
355508.427779 4025625.84373 1620822214.450682
355485.306357 4025625.953515 1620822215.999659
355474.439689 4025625.938413 1620822216.700486
355469.704919 4025625.954147 1620822217.000507
355422.199927 4025627.08245 1620822219.900408
355404.393861 4025627.430024 1620822220.950715
355398.41551 4025627.541479 1620822221.299067
355386.388485 4025627.728689 1620822222.000319
355356.855719 4025628.280905 1620822223.699815
355362.972573 4025628.152753 1620822223.351439
355327.727271 4025628.928337 1620822225.350545
355333.944679 4025628.781967 1620822225.000099
355311.653765 4025629.336115 1620822226.250827
355262.559477 4025630.477256 1620822228.950366
355243.982995 4025630.806224 1620822229.950335
355231.832213 4025631.039972 1620822230.600965
355218.680936 4025631.298579 1620822231.300943
355189.274534 4025631.933821 1620822232.849311
355179.707937 4025632.126434 1620822233.34988
355166.244788 4025632.412036 1620822234.063622
355153.694993 4025632.662683 1620822234.699811
355116.64739 4025633.391446 1620822236.600833
355095.951923 4025633.802471 1620822237.651192
355083.057978 4025634.059653 1620822238.299077
355062.125875 4025634.45775 1620822239.351882
355036.08124 4025634.984375 1620822240.651105
355022.017436 4025635.278217 1620822241.350953
355007.905398 4025635.580336 1620822242.063838
355001.86478 4025635.717001 1620822242.349793
354954.216989 4025636.610911 1620822244.699834
354940.834078 4025636.839205 1620822245.350616
354947.018458 4025636.72458 1620822245.063618
354926.301437 4025637.122515 1620822246.063824
354864.320323 4025638.351355 1620822248.951074
354841.330231 4025638.776992 1620822250.001257
354834.752635 4025638.889319 1620822250.300617
354830.364773 4025638.978103 1620822250.498923
354797.376428 4025639.665951 1620822252.004659
354775.303293 4025640.191083 1620822253.001015
354759.834725 4025640.485615 1620822253.700507
354722.030944 4025641.302116 1620822255.400126
354687.341462 4025642.046175 1620822256.949992
354663.776865 4025642.555208 1620822258.000097
354657.037366 4025642.701691 1620822258.299919
354641.350281 4025643.025338 1620822259.000096
354603.569997 4025643.754584 1620822260.698965
354595.849263 4025643.914425 1620822261.060825
354559.94907 4025644.706695 1620822262.700285
354545.054115 4025645.039932 1620822263.400231
354552.466533 4025644.878819 1620822263.059344
354493.644849 4025646.19242 1620822265.900101
354472.78836 4025646.628764 1620822266.950133
354460.041336 4025646.977725 1620822267.599965
354443.500884 4025647.405639 1620822268.45068
354427.101104 4025647.780041 1620822269.299823
354407.971025 4025648.152978 1620822270.301553
354382.264971 4025648.536659 1620822271.651631
354357.022887 4025649.179532 1620822273.000519
354338.502531 4025649.541233 1620822274.001127
354350.536451 4025649.321101 1620822273.350655
354325.553478 4025649.772278 1620822274.700856
354301.556495 4025650.218747 1620822275.999995
354270.519339 4025650.786372 1620822277.70058
354261.529976 4025650.971211 1620822278.200715
354222.93384 4025651.616632 1620822280.400584
354200.145998 4025652.17133 1620822281.75039
354195.166269 4025652.304813 1620822282.065642
354183.661031 4025652.620602 1620822282.750623
354156.351532 4025653.261593 1620822284.450844
354133.103106 4025653.751022 1620822285.950411
354118.755709 4025654.063642 1620822286.950755
354130.098582 4025653.815214 1620822286.150706
354101.124938 4025654.457508 1620822288.350085
354086.455574 4025654.768505 1620822289.699817
354083.081726 4025654.847557 1620822290.062803
354076.915528 4025655.027436 1620822290.751422
354071.790638 4025655.184974 1620822291.401148
354062.161264 4025655.419425 1620822292.799999
354053.985656 4025655.615964 1620822294.450937
354049.559495 4025655.74743 1620822295.800756
354048.116873 4025655.790781 1620822296.451354
354046.302773 4025655.838246 1620822298.000556
354046.510017 4025655.835926 1620822297.65015
354046.162681 4025655.853595 1620822299.350709
354046.005785 4025655.844215 1620822300.400661
354045.684645 4025655.846405 1620822300.699624
354045.020961 4025655.849287 1620822301.06441
354028.703678 4025655.937587 1620822304.000691
354025.863582 4025655.995805 1620822304.299522
354018.447622 4025656.121461 1620822305.000841
353995.297211 4025656.592032 1620822306.899815
353988.659622 4025656.718155 1620822307.401353
353991.331138 4025656.669493 1620822307.201176
353965.015858 4025657.171056 1620822309.101361
353960.676423 4025657.233346 1620822309.401066
353950.405693 4025657.401869 1620822310.099701
353882.288949 4025658.824836 1620822314.299744
353810.784741 4025670.223624 1620822319.350996
353801.148739 4025673.166714 1620822320.400773
353804.257533 4025672.167519 1620822320.063634
353795.602209 4025675.0959 1620822321.065936
353787.276869 4025678.425058 1620822322.09985
353771.115259 4025686.190846 1620822324.35095
353761.696095 4025691.480096 1620822325.700055
353756.898118 4025694.410182 1620822326.351012
353759.51315 4025692.800315 1620822326.002084
353737.79006 4025707.322384 1620822328.752376
353729.518871 4025713.76855 1620822329.752019
353727.050549 4025715.849215 1620822330.064342
353713.141946 4025729.225705 1620822331.751173
353707.900669 4025734.997596 1620822332.40122
353700.03718 4025744.492051 1620822333.401502
353695.032407 4025750.974429 1620822334.064858
353692.348477 4025754.522362 1620822334.40113
353686.896815 4025761.680435 1620822335.100081
353666.19961 4025788.405241 1620822337.649789
353669.093947 4025784.637623 1620822337.300805
353649.285458 4025810.267125 1620822339.650481
353640.301107 4025821.785726 1620822340.699833
353643.277273 4025817.963881 1620822340.350969
353605.737305 4025865.386204 1620822344.752405
353607.004098 4025863.797778 1620822344.601111
353566.339713 4025915.558077 1620822349.900013
353565.499286 4025916.782672 1620822350.064894
353562.178162 4025922.272225 1620822350.752231
353560.958255 4025924.896295 1620822351.10115
353559.154435 4025932.233575 1620822352.101259
353581.798683 4025964.668754 1620822357.000465
353587.291489 4025969.278134 1620822357.651174
353596.896775 4025977.160713 1620822358.7011
353606.677272 4025985.091626 1620822359.701104
353616.839717 4025993.361398 1620822360.701267
353627.385764 4026001.899117 1620822361.701058
353631.167101 4026004.932232 1620822362.060202
353634.981078 4026008.004224 1620822362.401332
353642.13657 4026013.766526 1620822363.055438
353657.163145 4026025.919095 1620822364.400286
353683.392627 4026046.998483 1620822366.751104
353680.033951 4026044.349752 1620822366.450486
353702.110476 4026061.724951 1620822368.45051
353709.074403 4026067.172864 1620822369.100869
353721.638256 4026076.966303 1620822370.30017
353736.758615 4026088.751808 1620822371.801759
353743.049141 4026093.780528 1620822372.450115
353746.378226 4026096.455928 1620822372.801368
353752.447567 4026101.367256 1620822373.450969
353758.846994 4026106.528824 1620822374.15099
353775.553179 4026119.773494 1620822376.061025
353787.623761 4026129.240317 1620822377.701075
353793.109069 4026133.582548 1620822378.701596
353791.353142 4026132.190216 1620822378.349938
353799.923735 4026138.973064 1620822380.751211
353801.241289 4026139.947067 1620822381.95105
353801.295744 4026139.985951 1620822382.099282
353801.400138 4026140.017003 1620822383.451197
353801.376911 4026140.012781 1620822383.100327
353801.423899 4026140.019129 1620822384.102756
353800.695624 4026139.851323 1620822385.100335
353801.642333 4026140.42696 1620822387.100376
353801.563074 4026140.394131 1620822387.601254
353801.277826 4026140.193301 1620822389.152162
353801.11835 4026140.052727 1620822389.852204
353800.803906 4026139.777977 1620822391.355739
353800.921194 4026139.857142 1620822392.064026
353801.436156 4026140.272473 1620822393.063639
353803.811627 4026142.207607 1620822394.400998
353805.791785 4026143.800148 1620822395.063899
353811.480492 4026148.489439 1620822396.45163
353813.257783 4026149.919458 1620822396.801363
353823.171082 4026157.821338 1620822398.451053
353846.845032 4026176.759937 1620822401.451494
353854.691937 4026183.022626 1620822402.30008
353871.17422 4026196.156226 1620822403.951031
353898.97196 4026218.420785 1620822406.500331
353894.408592 4026214.812776 1620822406.09941
353944.67279 4026254.812176 1620822410.352273
353958.596292 4026266.006306 1620822411.501333
353962.864552 4026269.433032 1620822411.852475
353985.574397 4026287.67479 1620822413.702075
354000.347747 4026299.599617 1620822414.901432
354010.841447 4026308.042853 1620822415.751046
354018.881705 4026314.456356 1620822416.400513
354035.609329 4026327.74073 1620822417.752275
354047.990915 4026337.662782 1620822418.750808
354060.364217 4026347.592857 1620822419.75253
354069.016114 4026354.524495 1620822420.45266
354071.468712 4026356.503085 1620822420.651234
354097.914251 4026377.869084 1620822422.852435
354101.459715 4026380.679011 1620822423.152235
354105.584008 4026383.935173 1620822423.501107
354125.584173 4026399.307624 1620822425.201223
354235.33647 4026471.59446 1620822433.902294
354246.42638 4026478.836858 1620822434.752397
354241.836154 4026475.845753 1620822434.400925
354273.835678 4026496.391929 1620822436.801286
354277.89593 4026499.005954 1620822437.101493
354296.307166 4026510.781067 1620822438.451619
354291.531063 4026507.725014 1620822438.101218
354305.93432 4026516.884427 1620822439.152249
354334.247001 4026535.057782 1620822441.202179
354338.343973 4026537.770281 1620822441.501302
354347.940904 4026544.099681 1620822442.202657
354383.117765 4026567.142492 1620822444.751628
354387.927968 4026570.304747 1620822445.101843
354411.379963 4026585.485575 1620822446.802457
354415.5714 4026588.14612 1620822447.101302
354420.428752 4026591.197133 1620822447.451748
354468.740139 4026622.366319 1620822451.00069
354475.290613 4026626.618724 1620822451.501228
354470.710089 4026623.64672 1620822451.151126
354500.938575 4026642.883211 1620822453.501095
354499.040274 4026641.710677 1620822453.351436
354528.242308 4026659.190157 1620822455.701149
354540.249854 4026666.063521 1620822456.700484
354542.613238 4026667.412789 1620822456.901656
354563.894372 4026679.848451 1620822458.751302
354570.978735 4026683.978752 1620822459.40226
354574.76553 4026686.174871 1620822459.751622
354592.213881 4026696.306458 1620822461.451774
354598.455488 4026699.769239 1620822462.151177
354609.604828 4026704.163004 1620822463.500414
354606.79467 4026703.404959 1620822463.152349
354615.086974 4026704.79228 1620822464.201225
354624.341867 4026702.10442 1620822465.55343
354629.31127 4026694.931806 1620822466.851739
354629.811523 4026692.360109 1620822467.201101
354629.525529 4026678.699839 1620822468.751705
354628.506419 4026657.109353 1620822470.752704
354628.082275 4026644.868757 1620822471.751672
354627.768416 4026631.287615 1620822472.801659
354627.677418 4026626.646533 1620822473.15156
354627.606425 4026622.625747 1620822473.451705
354627.075249 4026598.953451 1620822475.151108
354626.712948 4026588.792605 1620822475.850072
354626.234992 4026573.945997 1620822476.851647
354626.103136 4026569.420183 1620822477.151368
354624.99838 4026527.570422 1620822479.851015
354624.691363 4026516.579207 1620822480.553179
354624.203185 4026500.851015 1620822481.553321
354623.884237 4026490.617421 1620822482.201952
354623.726065 4026485.11219 1620822482.553049
354623.086787 4026459.399817 1620822484.20121
354622.515033 4026438.17789 1620822485.601524
354622.149182 4026426.303987 1620822486.401728
354621.472829 4026405.914923 1620822487.800843
354621.168452 4026396.67107 1620822488.451942
354621.335272 4026401.626297 1620822488.099946
354620.368563 4026375.002233 1620822490.101519
354619.599098 4026358.027975 1620822491.801878
354619.372096 4026353.28995 1620822492.50119
354619.064779 4026347.567815 1620822493.800402
354618.977919 4026346.533794 1620822494.151613
354618.374485 4026342.87383 1620822495.802172
354618.684103 4026344.132754 1620822495.151506
354617.744943 4026341.136296 1620822496.801215
354616.599116 4026339.057557 1620822498.801864
354615.722147 4026338.087502 1620822499.802373
354613.888496 4026336.973405 1620822500.802585
354612.863969 4026336.630208 1620822501.151331
354609.724393 4026336.065374 1620822502.003738
354603.400042 4026335.23438 1620822503.30056
354596.59984 4026334.186725 1620822504.501567
354594.434707 4026333.808025 1620822504.85169
354587.283057 4026332.335064 1620822505.85178
354581.538274 4026330.993089 1620822506.553056
354571.766417 4026328.337669 1620822507.602574
354548.54847 4026321.17785 1620822509.801781
354544.543416 4026319.862501 1620822510.151515
354529.210294 4026314.723954 1620822511.451865
354512.835611 4026308.770522 1620822512.801786
354508.599144 4026307.165864 1620822513.152454
354496.568174 4026302.697738 1620822514.151416
354481.107212 4026297.193425 1620822515.451712
354484.665325 4026298.410377 1620822515.151384
354471.059258 4026293.881263 1620822516.300493
354446.554973 4026286.159652 1620822518.351429
354436.947671 4026283.125054 1620822519.151423
354420.121319 4026277.69562 1620822520.554254
354416.579916 4026276.397174 1620822520.853001
354396.463012 4026268.932426 1620822522.553731
354392.347832 4026267.244176 1620822522.901658
354384.690746 4026264.028887 1620822523.553575
354360.903126 4026253.293772 1620822525.553926
354346.476991 4026246.385299 1620822526.752831
354338.188504 4026242.149061 1620822527.451047
354322.612039 4026233.998093 1620822528.801623
354318.631836 4026231.970345 1620822529.15056
354292.56723 4026219.057162 1620822531.500569
354295.869414 4026220.66406 1620822531.2013
354256.345474 4026199.095761 1620822534.901376
354253.289327 4026197.252121 1620822535.201409
354249.726295 4026195.103357 1620822535.554094
354236.106584 4026186.770363 1620822536.900071
354217.47838 4026175.213252 1620822538.801356
354207.698246 4026169.137397 1620822539.800696
354200.949502 4026164.895111 1620822540.501545
354194.776737 4026160.963615 1620822541.151568
354139.539386 4026121.249789 1620822547.351342
354126.964093 4026110.967199 1620822548.851799
354121.612064 4026106.38688 1620822549.501451
354118.755759 4026103.903655 1620822549.851813
354115.92747 4026101.380271 1620822550.201656
354106.886743 4026092.900019 1620822551.352704
354084.826791 4026070.648842 1620822554.251866
354079.835211 4026065.659932 1620822554.90157
354077.126583 4026062.923485 1620822555.251845
354069.30354 4026054.951916 1620822556.252061
354058.424359 4026043.951251 1620822557.601639
354051.442495 4026036.893844 1620822558.451883
354034.29817 4026019.407403 1620822560.502449
354022.679385 4026007.415498 1620822561.851896
354025.275159 4026010.108263 1620822561.55412
354016.577839 4026001.055364 1620822562.553773
354007.735485 4025991.83582 1620822563.553525
353995.170305 4025978.771442 1620822564.951411
353992.439895 4025975.953714 1620822565.251877
353951.700442 4025933.597675 1620822569.651725
353947.022667 4025928.663512 1620822570.150969
353930.887663 4025911.955158 1620822571.852048
353921.268835 4025902.000706 1620822572.852388
353914.554752 4025894.937272 1620822573.55419
353917.900619 4025898.486512 1620822573.202572
353904.949038 4025884.845482 1620822574.553589
353891.403473 4025870.741329 1620822575.952888
353888.477633 4025867.708538 1620822576.252103
353869.666027 4025848.718278 1620822578.151684
353854.149388 4025833.312982 1620822579.701666
353831.800069 4025811.763729 1620822581.90069
353825.086932 4025805.498379 1620822582.554063
353828.710193 4025808.871703 1620822582.201588
353807.292586 4025789.363169 1620822584.252028
353800.500066 4025783.210654 1620822584.901617
353796.843223 4025779.89817 1620822585.252178
353782.846697 4025767.055211 1620822586.602135
353768.773703 4025753.882896 1620822588.003111
353753.631934 4025740.186685 1620822589.652122
353746.615618 4025734.937856 1620822590.500653
353738.851996 4025731.057089 1620822591.500685
353736.521396 4025730.344316 1620822591.801719
353726.044042 4025729.601309 1620822593.151641
353721.063137 4025730.734711 1620822593.802094
353708.32605 4025738.33724 1620822595.501935
353701.488392 4025745.254912 1620822596.500875
353703.511437 4025743.062043 1620822596.202287
353698.091702 4025749.065151 1620822597.002832
353679.99198 4025770.781422 1620822599.5019
353682.234638 4025767.988503 1620822599.201959
353665.769281 4025788.860394 1620822601.351665
353657.546007 4025799.519458 1620822602.401929
353648.199333 4025811.314571 1620822603.553703
353650.668772 4025808.22444 1620822603.252082
353630.902994 4025833.005953 1620822605.601737
353619.044695 4025847.881504 1620822606.951712
353616.365474 4025851.236512 1620822607.251268
353606.936086 4025862.991158 1620822608.30125
353594.846747 4025877.909779 1620822609.652057
353597.966408 4025874.069565 1620822609.301776
353580.457475 4025895.739698 1620822611.301845
353572.700779 4025905.663958 1620822612.300581
353568.267606 4025911.592113 1620822612.951819
353561.211093 4025922.678616 1620822614.301497
353559.356319 4025927.524034 1620822614.951926
353558.834055 4025930.067654 1620822615.301561
353559.065056 4025937.400295 1620822616.301693
353565.392188 4025948.582036 1620822618.00171
353574.225088 4025956.848619 1620822619.351911
353579.016046 4025961.024656 1620822620.001997
353586.812103 4025967.839639 1620822621.002093
353598.024895 4025977.74127 1620822622.351752
353600.624981 4025980.024693 1620822622.652471
353617.451325 4025994.418552 1620822624.500836
353612.783694 4025990.494819 1620822624.001655
353628.944785 4026003.843395 1620822625.701906
353645.155028 4026016.914276 1620822627.352164
353656.540566 4026026.163313 1620822628.500811
353666.480361 4026034.218618 1620822629.502966
353679.940158 4026044.976822 1620822630.852109
353688.423478 4026051.652231 1620822631.701144
353706.807839 4026066.029098 1620822633.554183
353720.085779 4026076.469481 1620822634.901635
353729.780915 4026084.238824 1620822635.902375
353726.405264 4026081.512182 1620822635.553568
353745.949101 4026097.498881 1620822637.601794
353758.116397 4026107.302298 1620822638.900333
353752.045136 4026102.498168 1620822638.253623
353773.827301 4026119.709224 1620822640.601905
353771.075193 4026117.557197 1620822640.301794
353778.381994 4026123.259385 1620822641.101762
