353757.326606 4026106.37485 1620821788.648053
353760.168746 4026108.74106 1620821789.059514
353770.566857 4026116.723049 1620821790.399101
353781.528046 4026125.116704 1620821791.749398
353784.0585 4026127.040452 1620821792.060892
353795.628688 4026136.107347 1620821793.398779
353801.84922 4026141.035227 1620821794.097385
353807.76825 4026145.743608 1620821794.74983
353821.042036 4026156.27856 1620821796.14843
353830.957851 4026164.125191 1620821797.1494
353861.507665 4026188.845503 1620821800.099317
353891.82359 4026212.941904 1620821802.799068
353895.801785 4026216.082423 1620821803.149092
353915.80653 4026231.951023 1620821804.898433
353927.284076 4026241.119789 1620821805.898577
353934.80107 4026247.108223 1620821806.549971
353946.601667 4026256.527698 1620821807.551841
353942.410051 4026253.163091 1620821807.199719
353967.49428 4026273.427258 1620821809.297721
353979.659571 4026283.134057 1620821810.299377
353996.639826 4026296.753333 1620821811.698868
354009.491228 4026307.124275 1620821812.748806
354013.785096 4026310.602598 1620821813.099172
354018.038345 4026314.048231 1620821813.448772
354030.265993 4026323.804042 1620821814.448047
354060.5937 4026347.744365 1620821816.898295
354073.560123 4026358.018702 1620821817.950294
354085.911665 4026367.886646 1620821818.949267
354077.880771 4026361.464166 1620821818.298691
354094.5803 4026374.83287 1620821819.648781
354120.473106 4026395.229778 1620821821.698377
354133.335019 4026404.825442 1620821822.700221
354142.419297 4026411.304883 1620821823.399634
354151.624298 4026417.578293 1620821824.097311
354160.403825 4026423.313606 1620821824.749563
354189.528706 4026442.262569 1620821826.897199
354199.019076 4026448.350292 1620821827.598856
354194.273928 4026445.306384 1620821827.250583
354231.491604 4026469.211015 1620821829.99973
354226.758502 4026466.150681 1620821829.648874
354249.711567 4026480.977989 1620821831.348809
354254.448185 4026484.011519 1620821831.699368
354263.907793 4026490.087815 1620821832.399699
354292.245019 4026508.251966 1620821834.497756
354300.998731 4026513.864349 1620821835.150425
354323.19728 4026528.138559 1620821836.799687
354337.25865 4026537.431221 1620821837.848718
354345.933465 4026543.126223 1620821838.49882
354360.641397 4026552.647829 1620821839.604599
354355.954724 4026549.622942 1620821839.24936
354387.441062 4026569.802146 1620821841.59969
354396.815539 4026575.802541 1620821842.297907
354414.841123 4026587.375427 1620821843.649726
354429.40473 4026596.878229 1620821844.749037
354434.693648 4026600.33056 1620821845.149496
354447.231992 4026608.483017 1620821846.099005
354461.783978 4026618.034147 1620821847.199253
354483.266746 4026631.980965 1620821848.897995
354496.211602 4026640.373792 1620821849.949512
354508.768679 4026648.470884 1620821850.999105
354516.968797 4026653.669833 1620821851.699512
354524.438384 4026658.392749 1620821852.349361
354528.379385 4026660.906289 1620821852.700046
354539.743535 4026668.038926 1620821853.698771
354560.872334 4026681.50759 1620821855.697665
354557.938159 4026679.636647 1620821855.399008
354574.528869 4026690.116976 1620821857.349407
354572.299584 4026688.701301 1620821857.06082
354579.367226 4026693.180973 1620821858.060829
354593.607105 4026702.017125 1620821860.751482
354596.01617 4026703.468942 1620821861.449389
354596.925783 4026704.028184 1620821861.798731
354598.915683 4026705.515479 1620821863.849515
354598.96975 4026705.571463 1620821864.199973
354599.131926 4026705.79172 1620821865.897725
354599.139429 4026705.767435 1620821867.598792
354599.149796 4026705.777851 1620821867.251021
354599.178914 4026705.733625 1620821869.298732
354599.181825 4026705.725035 1620821869.698583
354599.186182 4026705.704428 1620821871.69887
354599.190744 4026705.703594 1620821872.063138
354599.19725 4026705.703124 1620821872.399152
354599.232371 4026705.710664 1620821874.149786
354599.358518 4026705.852604 1620821883.848662
354599.356678 4026705.850885 1620821884.199003
354599.392724 4026705.784639 1620821891.949547
354599.39281 4026705.788158 1620821892.599143
354599.38419 4026705.789241 1620821893.949562
354599.376547 4026705.783084 1620821894.949778
354599.376805 4026705.779819 1620821895.298086
354599.374335 4026705.757414 1620821896.948763
354599.368693 4026705.737209 1620821897.949522
354599.366138 4026705.732688 1620821898.29962
354599.354993 4026705.720468 1620821899.699616
354599.353161 4026705.718186 1620821899.999457
354599.345975 4026705.714096 1620821900.698905
354599.342959 4026705.712845 1620821900.999788
354599.30559 4026705.694035 1620821907.750169
354599.310241 4026705.696268 1620821907.399864
354599.292854 4026705.6894 1620821909.09891
354599.289264 4026705.691233 1620821909.849024
354599.28427 4026705.690855 1620821910.498757
354599.278417 4026705.690337 1620821911.14969
354599.236323 4026705.687102 1620821913.848794
354599.241645 4026705.690127 1620821913.499626
354599.232852 4026705.684686 1620821914.19931
354599.227001 4026705.674448 1620821916.648951
354599.222536 4026705.664521 1620821917.648982
354599.226331 4026705.668551 1620821916.999109
354599.215604 4026705.653212 1620821919.798841
354599.219434 4026705.654783 1620821919.062243
354599.214739 4026705.652676 1620821920.098762
354599.20868 4026705.638541 1620821921.552438
354599.204639 4026705.632054 1620821922.299742
354599.2017 4026705.609129 1620821924.349677
354599.202195 4026705.608487 1620821924.69799
354599.210441 4026705.597966 1620821926.399159
354599.213547 4026705.593044 1620821927.449086
354599.208168 4026705.583879 1620821928.449243
354599.191289 4026705.572704 1620821929.800357
354599.186421 4026705.570419 1620821930.149836
354599.18009 4026705.567947 1620821930.498931
354599.162895 4026705.566262 1620821931.551297
354599.133223 4026705.54933 1620821933.598829
354599.122345 4026705.536922 1620821934.599164
354599.112909 4026705.523673 1620821935.648817
354599.10639 4026705.518935 1620821936.649185
354599.105818 4026705.518737 1620821936.299946
354599.09664 4026705.509837 1620821938.399311
354599.087859 4026705.507262 1620821939.100003
354599.068397 4026705.49535 1620821939.799271
354599.054499 4026705.485204 1620821940.849755
354599.04746 4026705.484115 1620821941.551665
354599.048698 4026705.480036 1620821942.949524
354599.047537 4026705.47035 1620821943.949608
354599.054712 4026705.451103 1620821945.648929
354599.055141 4026705.457934 1620821945.299263
354599.057508 4026705.435028 1620821946.950788
354599.056841 4026705.428952 1620821948.34918
354599.055212 4026705.427474 1620821948.699625
354599.041714 4026705.424286 1620821950.749933
354599.042377 4026705.419826 1620821951.149568
354599.042033 4026705.415435 1620821951.497708
354599.052791 4026705.398427 1620821954.848845
354599.054771 4026705.397825 1620821955.849052
354599.056161 4026705.396226 1620821956.149649
354599.073462 4026705.384683 1620821957.897814
354599.073466 4026705.38039 1620821958.199354
354599.074235 4026705.363485 1620821959.199021
354599.073028 4026705.330621 1620821960.899045
354599.072991 4026705.34503 1620821960.200089
354599.068613 4026705.305116 1620821962.199191
354599.064259 4026705.276648 1620821963.550758
354599.060118 4026705.25607 1620821964.549607
354599.055193 4026705.231527 1620821965.898918
354599.053066 4026705.22184 1620821966.550505
354599.052622 4026705.216813 1620821966.898955
354599.051948 4026705.212378 1620821967.249
354599.046452 4026705.188682 1620821969.24909
354599.044237 4026705.181413 1620821970.248847
354599.040626 4026705.15924 1620821973.950036
354599.055971 4026705.140695 1620821978.949644
354599.345429 4026705.298722 1620821980.349643
354600.842251 4026706.120731 1620821981.699984
354603.152939 4026707.366664 1620821982.698869
354602.235441 4026706.882471 1620821982.348923
354610.521944 4026710.635042 1620821984.699801
354616.336204 4026712.765929 1620821985.749989
354618.621099 4026713.522573 1620821986.099097
354621.006325 4026714.258992 1620821986.449036
354637.529857 4026717.746328 1620821988.499623
354647.933637 4026718.315123 1620821989.600202
354657.998364 4026717.780828 1620821990.599122
354654.398974 4026718.053226 1620821990.248386
354680.487111 4026714.350092 1620821992.649058
354693.046581 4026711.8688 1620821993.698366
354701.782888 4026710.018325 1620821994.4002
354714.732873 4026707.314206 1620821995.399547
354723.478359 4026705.46793 1620821996.058533
354748.362903 4026700.175512 1620821997.798875
354763.399194 4026696.907684 1620821998.800305
354768.764229 4026695.72801 1620821999.149868
354788.974952 4026691.290135 1620822000.4489
354799.92926 4026688.948615 1620822001.150049
354810.063924 4026686.830287 1620822001.799189
354826.269549 4026683.535031 1620822002.84903
354842.264501 4026680.37915 1620822003.899639
354852.836991 4026678.452938 1620822004.59906
354863.342229 4026676.696468 1620822005.298876
354912.557517 4026671.058231 1620822008.649231
354922.556617 4026670.38921 1620822009.350419
354926.805341 4026670.158672 1620822009.649441
354956.34284 4026669.124984 1620822011.800248
354964.431371 4026668.94802 1620822012.449152
354979.129113 4026668.664269 1620822013.799086
354985.396392 4026668.542035 1620822014.498015
354990.671108 4026668.442611 1620822015.199201
354996.645759 4026668.380649 1620822016.199529
355001.711167 4026668.35114 1620822017.551016
355000.712015 4026668.344414 1620822017.200411
355004.019438 4026668.440515 1620822019.598958
355004.014264 4026668.430188 1620822019.298964
355004.011996 4026668.436516 1620822022.350061
355004.022743 4026668.463614 1620822023.698129
355004.01712 4026668.480422 1620822024.699861
355004.006882 4026668.480497 1620822025.750219
355004.002329 4026668.476164 1620822026.100145
355003.929956 4026668.472873 1620822028.79934
355003.910441 4026668.475401 1620822029.7995
355003.916137 4026668.472097 1620822029.448767
355003.896285 4026668.495591 1620822030.899899
355003.867112 4026668.517002 1620822032.900079
355003.864394 4026668.51636 1620822033.298637
355003.860272 4026668.502664 1620822035.000654
355003.860376 4026668.497615 1620822035.650113
355003.964226 4026668.49942 1620822036.99946
355004.62696 4026668.50015 1620822037.99958
355004.10274 4026668.501943 1620822037.349481
355008.517081 4026668.41204 1620822039.698427
355012.720952 4026668.334545 1620822040.750432
355017.958393 4026668.241563 1620822041.750582
355025.0974 4026668.074599 1620822042.84912
355029.824889 4026667.985761 1620822043.500271
355032.524601 4026667.936059 1620822043.850314
355040.944887 4026667.733265 1620822044.850099
355060.769262 4026667.374309 1620822046.849295
355067.965134 4026667.288443 1620822047.499864
355079.771278 4026667.02313 1620822048.499925
355096.961428 4026666.59151 1620822049.849206
355100.903992 4026666.47494 1620822050.15008
355119.205711 4026666.06457 1620822051.499379
355129.032731 4026665.905756 1620822052.199687
355148.050102 4026665.528328 1620822053.499945
355163.577447 4026665.219317 1620822054.499827
355174.884921 4026665.063086 1620822055.20099
355203.252529 4026665.400392 1620822056.900027
355214.317894 4026665.64659 1620822057.551936
355225.419156 4026665.843813 1620822058.200475
355231.416226 4026665.90836 1620822058.552435
355248.60965 4026665.974629 1620822059.551839
355261.551991 4026665.917118 1620822060.298357
355297.874743 4026665.273442 1620822062.40046
355309.936469 4026664.989717 1620822063.100049
355327.118933 4026664.624557 1620822064.09931
355349.928245 4026664.164164 1620822065.450373
355367.436528 4026663.828728 1620822066.500295
355384.1836 4026663.449706 1620822067.499375
355407.276316 4026662.904884 1620822068.85459
355425.763499 4026662.430568 1620822069.900043
355437.478148 4026662.184624 1620822070.552084
355443.867999 4026662.083789 1620822070.899844
355450.301716 4026661.987078 1620822071.250576
355468.844293 4026661.802537 1620822072.250139
355507.190701 4026661.445902 1620822074.29999
355531.568875 4026660.90091 1620822075.600385
355525.947393 4026661.057935 1620822075.299551
355570.905932 4026659.912176 1620822077.699579
355577.453154 4026659.847639 1620822078.062747
355597.037647 4026659.797923 1620822079.099834
355629.458556 4026660.101414 1620822080.850352
355648.907162 4026660.235173 1620822081.900214
355655.423149 4026660.2833 1620822082.249366
355661.957082 4026660.331164 1620822082.600876
355675.061887 4026660.432295 1620822083.299497
355720.232363 4026661.011455 1620822085.700396
355726.796537 4026661.086737 1620822086.062749
355758.480648 4026661.462332 1620822087.750438
355751.072963 4026661.390273 1620822087.34997
355783.022024 4026661.831399 1620822089.101326
355813.353542 4026662.509888 1620822090.849552
355807.516733 4026662.335301 1620822090.500683
355834.741451 4026663.357463 1620822092.25355
355839.530983 4026663.598496 1620822092.600392
355852.209694 4026664.295224 1620822093.649432
355859.235296 4026664.661853 1620822094.350157
355875.786419 4026662.279819 1620822096.79966
355878.117151 4026659.646924 1620822097.450236
355880.330817 4026651.859968 1620822098.850467
355880.4021 4026649.525185 1620822099.199223
355880.125736 4026641.768585 1620822100.251303
355879.913228 4026627.016108 1620822101.900123
355879.977731 4026633.248721 1620822101.250259
355879.832188 4026619.883009 1620822102.600072
355879.261002 4026596.325946 1620822104.649894
355879.14842 4026591.890606 1620822104.999605
355878.395109 4026564.792527 1620822106.999131
355878.271707 4026559.837656 1620822107.350902
355878.030873 4026550.436026 1620822108.000559
355877.89346 4026545.284223 1620822108.349499
355877.275843 4026519.149381 1620822110.063333
355876.803352 4026496.335931 1620822111.449753
355876.419117 4026472.79054 1620822112.84981
355876.5808 4026484.634617 1620822112.150315
355875.74949 4026436.604344 1620822114.950489
355875.877871 4026442.698236 1620822114.600022
355875.502989 4026424.325812 1620822115.649741
355875.254644 4026411.927649 1620822116.350466
355874.605767 4026375.020974 1620822118.400822
355874.41618 4026363.21852 1620822119.062484
355873.818788 4026331.197122 1620822120.799849
355873.556949 4026318.324585 1620822121.499723
355873.691236 4026324.760509 1620822121.149701
355872.714259 4026280.474438 1620822123.551179
355872.564457 4026273.995487 1620822123.900356
355872.437941 4026268.456434 1620822124.199948
355871.900226 4026242.698682 1620822125.601029
355871.614592 4026229.810428 1620822126.299588
355871.200475 4026210.39615 1620822127.350024
355870.729272 4026191.872169 1620822128.352937
355869.933175 4026161.396876 1620822129.999993
355868.943849 4026136.668848 1620822131.351306
355868.620254 4026130.288099 1620822131.70049
355866.396495 4026093.053297 1620822133.750337
355865.2401 4026074.094892 1620822134.799144
355864.865853 4026067.794517 1620822135.150972
355863.012798 4026036.542791 1620822136.900176
355861.906348 4026018.981411 1620822137.899318
355862.625622 4026030.379678 1620822137.250476
355859.578015 4025984.136064 1620822139.899231
355859.146071 4025978.069715 1620822140.250535
355857.952558 4025960.843541 1620822141.249993
355857.533444 4025954.841274 1620822141.600428
355856.29578 4025936.914222 1620822142.65017
355855.024439 4025903.0577 1620822144.698536
355854.910202 4025891.889981 1620822145.350352
355855.156206 4025885.562513 1620822145.699456
355855.037738 4025861.722687 1620822147.099257
355854.878172 4025839.29125 1620822148.450711
355855.748433 4025816.090763 1620822149.850222
355857.065322 4025798.601986 1620822150.899954
355857.497486 4025793.669362 1620822151.20084
355860.347833 4025765.449739 1620822152.951344
355860.958525 4025759.93281 1620822153.301231
355862.226585 4025749.002952 1620822153.999991
355864.691313 4025728.369976 1620822155.350503
355866.549899 4025712.717472 1620822156.39939
355868.328727 4025697.404488 1620822157.450501
355870.603367 4025678.472961 1620822158.849567
355871.523023 4025670.215937 1620822159.551871
355872.549075 4025655.06708 1620822160.99932
355872.018063 4025648.854678 1620822161.700172
355869.305403 4025640.571128 1620822162.751722
355864.415255 4025633.887342 1620822163.799649
355867.888812 4025638.136092 1620822163.099752
355852.711685 4025627.210256 1620822165.500125
355840.172218 4025625.731298 1620822166.89949
355830.209323 4025625.726128 1620822167.90034
355822.27007 4025625.818699 1620822168.649801
355815.026863 4025625.76921 1620822169.301297
355806.826367 4025625.466863 1620822169.999604
355790.030478 4025624.495433 1620822171.350297
355785.510048 4025624.290394 1620822171.700523
355760.867977 4025623.446829 1620822173.501093
355746.339228 4025623.154197 1620822174.499851
355725.202458 4025622.693187 1620822175.898802
355715.160752 4025622.514142 1620822176.55146
355698.769691 4025622.349569 1620822177.600505
355678.244065 4025622.257133 1620822178.950399
355673.283152 4025622.26277 1620822179.300152
355668.533258 4025622.276159 1620822179.650562
355659.06793 4025622.436593 1620822180.400793
355638.385659 4025622.971025 1620822182.450477
355633.528731 4025623.096567 1620822183.101165
355629.117603 4025623.197732 1620822183.800808
355621.385911 4025623.381648 1620822185.450858
355617.450232 4025623.471311 1620822186.85066
355619.28674 4025623.403139 1620822186.099802
355615.359931 4025623.542027 1620822188.200492
355614.696435 4025623.571541 1620822189.600612
355614.68546 4025623.561685 1620822189.900466
355614.669188 4025623.574888 1620822191.65003
355614.668256 4025623.571083 1620822191.300695
355614.680666 4025623.528599 1620822194.700304
355614.695426 4025623.522515 1620822195.40039
355614.726811 4025623.488387 1620822196.400696
355614.718845 4025623.499632 1620822196.064429
355614.751263 4025623.475394 1620822197.800811
355614.772191 4025623.473172 1620822199.850389
355614.76824 4025623.464112 1620822200.552035
355614.761034 4025623.460718 1620822201.600407
355614.756909 4025623.465169 1620822201.950763
355613.734539 4025623.491621 1620822203.299584
355612.771493 4025623.504892 1620822203.700384
355588.928984 4025624.016075 1620822207.751926
355586.218329 4025624.094999 1620822208.063984
355572.007032 4025624.589712 1620822209.451937
355559.630703 4025624.900857 1620822210.552828
355551.912557 4025625.040716 1620822211.200701
355539.3325 4025625.261148 1620822212.20077
355520.49571 4025625.634108 1620822213.600095
355510.591712 4025625.811431 1620822214.299031
355506.251744 4025625.872378 1620822214.600948
355485.306357 4025625.953515 1620822215.999659
355473.655121 4025625.939169 1620822216.750651
355468.910452 4025625.959852 1620822217.063933
355423.041436 4025627.062303 1620822219.849832
355404.393861 4025627.430024 1620822220.950715
355399.271333 4025627.526543 1620822221.251676
355386.388485 4025627.728689 1620822222.000319
355355.979739 4025628.30029 1620822223.750875
355362.099666 4025628.171255 1620822223.401013
355326.838826 4025628.948953 1620822225.403252
355332.168831 4025628.822982 1620822225.10095
355313.444136 4025629.286803 1620822226.151617
355264.404352 4025630.438973 1620822228.850913
355244.914509 4025630.788767 1620822229.900476
355232.76842 4025631.022926 1620822230.552993
355218.680936 4025631.298579 1620822231.300943
355193.092675 4025631.853911 1620822232.649555
355179.707937 4025632.126434 1620822233.34988
355165.281537 4025632.432 1620822234.100637
355152.726308 4025632.682798 1620822234.751817
355117.628747 4025633.370891 1620822236.552732
355095.951923 4025633.802471 1620822237.651192
355083.057978 4025634.059653 1620822238.299077
355062.125875 4025634.45775 1620822239.351882
355035.079245 4025635.008172 1620822240.700379
355021.008865 4025635.299643 1620822241.400451
355006.896813 4025635.6025 1620822242.099962
354999.850507 4025635.764609 1620822242.450764
354953.18982 4025636.625993 1620822244.750432
354938.766752 4025636.877948 1620822245.451764
354945.989443 4025636.743424 1620822245.100291
354925.256326 4025637.142489 1620822246.100775
354865.410041 4025638.330486 1620822248.898905
354841.330231 4025638.776992 1620822250.001257
354834.752635 4025638.889319 1620822250.300617
354827.073128 4025639.039853 1620822250.650265
354796.27291 4025639.69519 1620822252.065189
354774.197961 4025640.211908 1620822253.064155
354758.728504 4025640.508596 1620822253.750229
354719.798659 4025641.346991 1620822255.498974
354688.463464 4025642.021329 1620822256.900124
354663.776865 4025642.555208 1620822258.000097
354657.037366 4025642.701691 1620822258.299919
354640.232845 4025643.046782 1620822259.060646
354602.464671 4025643.777816 1620822260.74999
354594.748834 4025643.937291 1620822261.099096
354557.807169 4025644.758473 1620822262.800087
354543.999156 4025645.063667 1620822263.450042
354551.404483 4025644.900433 1620822263.099279
354494.649075 4025646.16763 1620822265.850646
354472.78836 4025646.628764 1620822266.950133
354460.041336 4025646.977725 1620822267.599965
354440.596494 4025647.475718 1620822268.600862
354428.061664 4025647.75933 1620822269.250776
354407.971025 4025648.152978 1620822270.301553
354382.264971 4025648.536659 1620822271.651631
354357.022887 4025649.179532 1620822273.000519
354338.502531 4025649.541233 1620822274.001127
354351.462115 4025649.301812 1620822273.299967
354325.553478 4025649.772278 1620822274.700856
354300.632476 4025650.233914 1620822276.064512
354269.616077 4025650.805376 1620822277.751016
354264.226826 4025650.914849 1620822278.063328
354222.079031 4025651.632865 1620822280.451185
354200.145998 4025652.17133 1620822281.75039
354194.339078 4025652.326689 1620822282.1
354182.845144 4025652.64174 1620822282.800974
354155.564775 4025653.276764 1620822284.500596
354133.861639 4025653.734036 1620822285.900445
354118.755709 4025654.063642 1620822286.950755
354127.88575 4025653.86361 1620822286.300467
354101.124938 4025654.457508 1620822288.350085
354085.960153 4025654.779223 1620822289.750496
354083.081726 4025654.847557 1620822290.062803
354076.502776 4025655.039481 1620822290.800677
354071.415326 4025655.196502 1620822291.4503
354061.860799 4025655.42521 1620822292.850865
354053.789579 4025655.621136 1620822294.501425
354049.434161 4025655.750974 1620822295.850953
354048.021909 4025655.793646 1620822296.499858
354046.326067 4025655.837656 1620822297.950892
354046.548025 4025655.83541 1620822297.60118
354046.162681 4025655.853595 1620822299.350709
354046.005785 4025655.844215 1620822300.400661
354045.609524 4025655.847093 1620822300.751033
354045.020961 4025655.849287 1620822301.06441
354029.148746 4025655.929737 1620822303.951259
354026.353284 4025655.98475 1620822304.251104
354018.447622 4025656.121461 1620822305.000841
353997.909134 4025656.535433 1620822306.700593
353988.659622 4025656.718155 1620822307.401353
353993.321201 4025656.630707 1620822307.064213
353965.015858 4025657.171056 1620822309.101361
353959.949295 4025657.244373 1620822309.450076
353949.664506 4025657.413734 1620822310.150698
353882.288949 4025658.824836 1620822314.299744
353810.784741 4025670.223624 1620822319.350996
353801.148739 4025673.166714 1620822320.400773
353804.257533 4025672.167519 1620822320.063634
353795.187339 4025675.247637 1620822321.100156
353786.896979 4025678.58755 1620822322.150983
353771.457556 4025686.009452 1620822324.300884
353761.696095 4025691.480096 1620822325.700055
353756.898118 4025694.410182 1620822326.351012
353759.51315 4025692.800315 1620822326.002084
353737.79006 4025707.322384 1620822328.752376
353729.518871 4025713.76855 1620822329.752019
353727.050549 4025715.849215 1620822330.064342
353713.141946 4025729.225705 1620822331.751173
353707.500366 4025735.45913 1620822332.451421
353700.03718 4025744.492051 1620822333.401502
353694.649771 4025751.48046 1620822334.101008
353691.962985 4025755.031802 1620822334.451478
353686.504214 4025762.193175 1620822335.151094
353666.613861 4025787.867586 1620822337.600942
353669.916596 4025783.570255 1620822337.200103
353649.285458 4025810.267125 1620822339.650481
353640.301107 4025821.785726 1620822340.699833
353643.277273 4025817.963881 1620822340.350969
353605.737305 4025865.386204 1620822344.752405
353608.696597 4025861.67519 1620822344.3999
353567.21588 4025914.31843 1620822349.751333
353565.228123 4025917.186404 1620822350.101179
353561.985287 4025922.651688 1620822350.800372
353560.958255 4025924.896295 1620822351.10115
353559.127761 4025932.601697 1620822352.15095
353580.992688 4025963.97218 1620822356.903236
353586.856089 4025968.917056 1620822357.600844
353595.948559 4025976.389287 1620822358.601032
353606.178694 4025984.686527 1620822359.650356
353616.839717 4025993.361398 1620822360.701267
353627.385764 4026001.899117 1620822361.701058
353631.167101 4026004.932232 1620822362.060202
353634.981078 4026008.004224 1620822362.401332
353642.13657 4026013.766526 1620822363.055438
353657.718746 4026026.375575 1620822364.451531
353683.952444 4026047.440338 1620822366.800565
353680.033951 4026044.349752 1620822366.450486
353702.110476 4026061.724951 1620822368.45051
353709.605284 4026067.587188 1620822369.150908
353720.089997 4026075.760333 1620822370.150989
353737.247478 4026089.141655 1620822371.851276
353743.526633 4026094.164121 1620822372.501075
353746.849507 4026096.835261 1620822372.851809
353753.366573 4026102.113808 1620822373.552694
353759.75286 4026107.251554 1620822374.25139
353774.716498 4026119.119313 1620822375.95101
353787.312305 4026128.994311 1620822377.651502
353792.869794 4026133.391985 1620822378.651353
353791.088194 4026131.979282 1620822378.299757
353799.923735 4026138.973064 1620822380.751211
353801.132844 4026139.867264 1620822381.751238
353801.295744 4026139.985951 1620822382.099282
353801.400138 4026140.017003 1620822383.451197
353801.376911 4026140.012781 1620822383.100327
353801.423899 4026140.019129 1620822384.102756
353800.695624 4026139.851323 1620822385.100335
353801.634758 4026140.423849 1620822387.151301
353801.578259 4026140.400342 1620822387.500987
353801.26699 4026140.183737 1620822389.201376
353801.107483 4026140.043189 1620822389.902012
353800.796764 4026139.77331 1620822391.300808
353800.91001 4026139.849185 1620822392.001185
353801.385618 4026140.232554 1620822393.000337
353803.811627 4026142.207607 1620822394.400998
353805.963538 4026143.940976 1620822395.101449
353811.480492 4026148.489439 1620822396.45163
353813.257783 4026149.919458 1620822396.801363
353823.505404 4026158.090422 1620822398.503091
353847.293564 4026177.117833 1620822401.500941
353853.269653 4026181.887567 1620822402.150915
353870.144208 4026195.333987 1620822403.851422
353899.546742 4026218.874902 1620822406.552805
353894.975277 4026215.26024 1620822406.150851
353943.469303 4026253.843409 1620822410.250835
353959.81402 4026266.983388 1620822411.602172
353964.083966 4026270.41446 1620822411.95202
353984.960412 4026287.178837 1620822413.652473
354001.581146 4026300.593098 1620822415.001703
354010.222584 4026307.547955 1620822415.701101
354018.263503 4026313.964556 1620822416.351151
354034.989713 4026327.246841 1620822417.701096
354047.990915 4026337.662782 1620822418.750808
354060.364217 4026347.592857 1620822419.75253
354069.016114 4026354.524495 1620822420.45266
354073.917684 4026358.487578 1620822420.85156
354098.506735 4026378.338787 1620822422.900334
354102.049481 4026381.146472 1620822423.202576
354106.171187 4026384.397299 1620822423.552979
354126.774601 4026400.184281 1620822425.300136
354232.134868 4026469.495096 1620822433.651593
354245.768925 4026478.411019 1620822434.701203
354241.182074 4026475.417606 1620822434.351802
354273.16098 4026495.957855 1620822436.751969
354277.89593 4026499.005954 1620822437.101493
354296.307166 4026510.781067 1620822438.451619
354291.531063 4026507.725014 1620822438.101218
354305.93432 4026516.884427 1620822439.152249
354334.247001 4026535.057782 1620822441.202179
354339.027075 4026538.22221 1620822441.553471
354348.635242 4026544.553667 1620822442.251489
354382.429751 4026566.690883 1620822444.700188
354387.243582 4026569.855716 1620822445.062998
354410.682095 4026585.040906 1620822446.752613
354415.5714 4026588.14612 1620822447.101302
354420.428752 4026591.197133 1620822447.451748
354466.102752 4026620.655919 1620822450.801614
354475.290613 4026626.618724 1620822451.501228
354471.365245 4026624.072832 1620822451.201646
354502.201029 4026643.658342 1620822453.602552
354497.771052 4026640.921622 1620822453.25176
354527.026956 4026658.485781 1620822455.601641
354539.656679 4026665.725005 1620822456.651843
354543.790505 4026668.083574 1620822457.001483
354563.345008 4026679.523598 1620822458.70062
354570.978735 4026683.978752 1620822459.40226
354574.226225 4026685.862749 1620822459.700438
354592.213881 4026696.306458 1620822461.451774
354598.883694 4026699.992399 1620822462.201524
354609.604828 4026704.163004 1620822463.500414
354607.198389 4026703.53019 1620822463.201916
354615.472928 4026704.793125 1620822464.251706
354624.616239 4026701.909376 1620822465.601342
354629.491208 4026694.219724 1620822466.951432
354629.854878 4026691.974708 1620822467.251387
354629.579029 4026679.679756 1620822468.651575
354628.553176 4026658.280265 1620822470.651688
354628.082275 4026644.868757 1620822471.751672
354627.768416 4026631.287615 1620822472.801659
354627.677418 4026626.646533 1620822473.15156
354627.606425 4026622.625747 1620822473.451705
354627.075249 4026598.953451 1620822475.151108
354626.712948 4026588.792605 1620822475.850072
354626.234992 4026573.945997 1620822476.851647
354626.08182 4026568.663739 1620822477.201215
354624.977546 4026526.783566 1620822479.900294
354624.667508 4026515.793485 1620822480.601007
354624.179213 4026500.064035 1620822481.601336
354623.860194 4026489.829996 1620822482.251779
354623.704701 4026484.325537 1620822482.600832
354623.067887 4026458.630763 1620822484.252071
354622.494211 4026437.430913 1620822485.651914
354622.174048 4026427.03968 1620822486.351404
354621.516857 4026407.35799 1620822487.701207
354621.191935 4026397.374902 1620822488.401276
354621.335272 4026401.626297 1620822488.099946
354620.368563 4026375.002233 1620822490.101519
354619.599098 4026358.027975 1620822491.801878
354619.385058 4026353.582872 1620822492.452176
354619.064779 4026347.567815 1620822493.800402
354618.977919 4026346.533794 1620822494.151613
354618.374485 4026342.87383 1620822495.802172
354618.684103 4026344.132754 1620822495.151506
354617.744943 4026341.136296 1620822496.801215
354616.599116 4026339.057557 1620822498.801864
354615.722147 4026338.087502 1620822499.802373
354613.888496 4026336.973405 1620822500.802585
354612.863969 4026336.630208 1620822501.151331
354610.345057 4026336.145709 1620822501.851779
354604.196116 4026335.353418 1620822503.151401
354596.301089 4026334.133521 1620822504.553224
354594.109227 4026333.747287 1620822504.901392
354586.893495 4026332.248253 1620822505.901547
354580.661255 4026330.772138 1620822506.651564
354571.276632 4026328.196025 1620822507.651534
354549.117625 4026321.362685 1620822509.751638
354545.692521 4026320.239245 1620822510.064311
354529.813408 4026314.937818 1620822511.401666
354513.440396 4026308.999829 1620822512.752551
354509.811662 4026307.627586 1620822513.065867
354497.766626 4026303.1447 1620822514.065188
354481.107212 4026297.193425 1620822515.451712
354485.259168 4026298.615676 1620822515.101841
354469.279913 4026293.314363 1620822516.451649
354445.355867 4026285.779786 1620822518.4516
354436.947671 4026283.125054 1620822519.151423
354420.121319 4026277.69562 1620822520.554254
354415.990163 4026276.177175 1620822520.900468
354395.872274 4026268.695408 1620822522.601436
354391.765051 4026267.00115 1620822522.951412
354383.513134 4026263.52105 1620822523.652029
354359.699619 4026252.728326 1620822525.652247
354347.079284 4026246.680699 1620822526.701369
354339.36187 4026242.759596 1620822527.351356
354323.18325 4026234.291726 1620822528.751785
354319.199269 4026232.259851 1620822529.101522
354292.56723 4026219.057162 1620822531.500569
354296.414089 4026220.932262 1620822531.15138
354256.345474 4026199.095761 1620822534.901376
354252.779858 4026196.944621 1620822535.251775
354249.218767 4026194.79463 1620822535.601564
354235.607699 4026186.464243 1620822536.951541
354218.451191 4026175.820134 1620822538.700239
354208.186298 4026169.440847 1620822539.752758
354201.425247 4026165.197988 1620822540.451456
354195.248135 4026161.268081 1620822541.101429
354138.271073 4026120.243327 1620822547.500373
354126.964093 4026110.967199 1620822548.851799
354121.612064 4026106.38688 1620822549.501451
354118.755759 4026103.903655 1620822549.851813
354115.92747 4026101.380271 1620822550.201656
354108.029809 4026094.032469 1620822551.201886
354084.826791 4026070.648842 1620822554.251866
354079.835211 4026065.659932 1620822554.90157
354077.126583 4026062.923485 1620822555.251845
354068.904207 4026054.548464 1620822556.303007
354058.018587 4026043.538664 1620822557.651863
354051.851539 4026037.311208 1620822558.401633
354034.725848 4026019.845974 1620822560.452841
354022.679385 4026007.415498 1620822561.851896
354025.711372 4026010.555078 1620822561.500484
354016.140445 4026000.598548 1620822562.602188
354007.289663 4025991.370812 1620822563.602333
353994.71588 4025978.303398 1620822565.002089
353991.527455 4025975.009099 1620822565.352525
353951.233942 4025933.103934 1620822569.701559
353947.961998 4025929.642177 1620822570.064722
353931.366903 4025912.450691 1620822571.80199
353921.268835 4025902.000706 1620822572.852388
353914.554752 4025894.937272 1620822573.55419
353917.900619 4025898.486512 1620822573.202572
353904.466586 4025884.344773 1620822574.601808
353890.91584 4025870.235798 1620822576.001599
353887.501822 4025866.694313 1620822576.35169
353870.663138 4025849.711932 1620822578.065272
353853.646638 4025832.814935 1620822579.751982
353831.800069 4025811.763729 1620822581.90069
353825.086932 4025805.498379 1620822582.554063
353828.710193 4025808.871703 1620822582.201588
353807.292586 4025789.363169 1620822584.252028
353799.978377 4025782.737132 1620822584.951531
353796.319785 4025779.423961 1620822585.300941
353781.822069 4025766.102168 1620822586.701833
353768.283821 4025753.422621 1620822588.065258
353753.206462 4025739.83596 1620822589.701771
353747.418986 4025735.468714 1620822590.401795
353739.626446 4025731.340728 1620822591.402087
353736.910861 4025730.447735 1620822591.752048
353726.423119 4025729.553942 1620822593.10181
353721.447323 4025730.611724 1620822593.751884
353708.678585 4025738.026608 1620822595.453075
353701.488392 4025745.254912 1620822596.500875
353703.848865 4025742.706614 1620822596.151664
353697.055256 4025750.246698 1620822597.15191
353679.99198 4025770.781422 1620822599.5019
353682.606089 4025767.52983 1620822599.15179
353664.60234 4025790.365942 1620822601.50086
353656.748726 4025800.541496 1620822602.502657
353648.199333 4025811.314571 1620822603.553703
353651.079497 4025807.712061 1620822603.201252
353630.902994 4025833.005953 1620822605.601737
353619.044695 4025847.881504 1620822606.951712
353616.365474 4025851.236512 1620822607.251268
353606.486431 4025863.548102 1620822608.351953
353594.846747 4025877.909779 1620822609.652057
353597.519718 4025874.618009 1620822609.351921
353580.045371 4025896.256982 1620822611.351825
353572.341351 4025906.136512 1620822612.351675
353567.948462 4025912.030301 1620822613.001278
353561.029052 4025923.061845 1620822614.351934
353559.260853 4025927.886103 1620822615.001846
353558.787548 4025930.437336 1620822615.351353
353559.145402 4025937.758311 1620822616.354589
353565.675247 4025948.887732 1620822618.066161
353574.584809 4025957.165839 1620822619.401912
353579.768917 4025961.683969 1620822620.101289
353587.212094 4025968.193376 1620822621.067193
353598.457271 4025978.120196 1620822622.401914
353601.499229 4025980.787146 1620822622.753631
353616.980597 4025994.026542 1620822624.452618
353613.246602 4025990.887194 1620822624.065877
353629.43074 4026004.236116 1620822625.753299
353645.649723 4026017.314799 1620822627.402513
353656.045712 4026025.760592 1620822628.45203
353665.980856 4026033.817634 1620822629.452661
353679.442672 4026044.584465 1620822630.801735
353689.420521 4026052.434127 1620822631.802104
353706.31286 4026065.642094 1620822633.501875
353719.597326 4026076.082125 1620822634.852272
353729.300346 4026083.848943 1620822635.852238
353725.921072 4026081.123087 1620822635.501726
353745.479774 4026097.110648 1620822637.552429
353758.116397 4026107.302298 1620822638.900333
353752.045136 4026102.498168 1620822638.253623
353774.285889 4026120.067178 1620822640.652036
353771.075193 4026117.557197 1620822640.301794
353780.648299 4026125.023566 1620822641.352545
