353568.263292 4025956.331799 1621847542.50694
353569.822709 4025957.559969 1621847542.70811
353590.64955 4025973.924577 1621847545.216355
353596.999878 4025978.901264 1621847545.90719
353603.635489 4025984.105683 1621847546.606939
353610.004871 4025989.147149 1621847547.255867
353636.376805 4026010.153689 1621847549.80532
353647.900638 4026019.260857 1621847550.855854
353655.204121 4026025.036275 1621847551.506631
353666.650203 4026034.141614 1621847552.507273
353670.126225 4026036.900075 1621847552.806817
353686.114417 4026049.580791 1621847554.155864
353706.838174 4026065.913778 1621847555.855989
353711.174827 4026069.323413 1621847556.215683
353715.562735 4026072.762987 1621847556.555478
353728.173166 4026082.704564 1621847557.55582
353754.149722 4026103.35845 1621847559.606577
353758.592259 4026106.895652 1621847559.95587
353762.397904 4026109.928538 1621847560.256104
353796.060707 4026136.541374 1621847562.856808
353809.392275 4026147.146126 1621847563.856717
353813.428078 4026150.395796 1621847564.156733
353836.790914 4026169.168345 1621847565.856282
353841.691023 4026173.1101 1621847566.218058
353853.699579 4026182.673935 1621847567.056769
353870.216863 4026195.784883 1621847568.218106
353884.704078 4026207.242314 1621847569.217809
353904.408596 4026222.864624 1621847570.555835
353900.019052 4026219.381466 1621847570.256417
353914.681185 4026231.011087 1621847571.256608
353932.252549 4026245.131784 1621847572.457064
353967.271737 4026273.621007 1621847574.857293
353981.87187 4026285.325711 1621847575.857832
353986.232649 4026288.821633 1621847576.156259
354006.483411 4026305.065578 1621847577.556663
354025.915611 4026320.657189 1621847578.907264
354030.972757 4026324.671415 1621847579.256619
354030.972757 4026324.671415 1621847579.256619
354030.972757 4026324.671415 1621847579.256619
354030.972757 4026324.671415 1621847579.256619
354030.972757 4026324.671415 1621847579.256619
354030.972757 4026324.671415 1621847579.256619
354030.972757 4026324.671415 1621847579.256619
354030.972757 4026324.671415 1621847579.256619
354030.972757 4026324.671415 1621847579.256619
354030.972757 4026324.671415 1621847579.256619
354030.972757 4026324.671415 1621847579.256619
354030.972757 4026324.671415 1621847579.256619
354030.972757 4026324.671415 1621847579.256619
354030.972757 4026324.671415 1621847579.256619
354030.972757 4026324.671415 1621847579.256619
354030.972757 4026324.671415 1621847579.256619
354030.972757 4026324.671415 1621847579.256619
354030.972757 4026324.671415 1621847579.256619
354030.972757 4026324.671415 1621847579.256619
354030.972757 4026324.671415 1621847579.256619
354030.972757 4026324.671415 1621847579.256619
354030.972757 4026324.671415 1621847579.256619
354030.972757 4026324.671415 1621847579.256619
354030.972757 4026324.671415 1621847579.256619
354030.972757 4026324.671415 1621847579.256619
354030.972757 4026324.671415 1621847579.256619
354030.972757 4026324.671415 1621847579.256619
354030.972757 4026324.671415 1621847579.256619
354030.972757 4026324.671415 1621847579.256619
354030.972757 4026324.671415 1621847579.256619
354030.972757 4026324.671415 1621847579.256619
354030.972757 4026324.671415 1621847579.256619
354030.972757 4026324.671415 1621847579.256619
354030.972757 4026324.671415 1621847579.256619
354030.972757 4026324.671415 1621847579.256619
354030.972757 4026324.671415 1621847579.256619
354030.972757 4026324.671415 1621847579.256619
354030.972757 4026324.671415 1621847579.256619
354030.972757 4026324.671415 1621847579.256619
354030.972757 4026324.671415 1621847579.256619
354030.972757 4026324.671415 1621847579.256619
354030.972757 4026324.671415 1621847579.256619
354030.972757 4026324.671415 1621847579.256619
354030.972757 4026324.671415 1621847579.256619
354030.972757 4026324.671415 1621847579.256619
354030.972757 4026324.671415 1621847579.256619
354036.030771 4026328.653035 1621847677.846749
354036.030771 4026328.653035 1621847677.846749
354036.030771 4026328.653035 1621847677.846749
354036.030771 4026328.653035 1621847677.846749
354036.030771 4026328.653035 1621847677.846749
354036.030771 4026328.653035 1621847677.846749
354036.030771 4026328.653035 1621847677.846749
354036.030771 4026328.653035 1621847677.846749
354036.030771 4026328.653035 1621847677.846749
354036.030771 4026328.653035 1621847677.846749
354036.030771 4026328.653035 1621847677.846749
354036.030771 4026328.653035 1621847677.846749
354036.030771 4026328.653035 1621847677.846749
354036.030771 4026328.653035 1621847677.846749
354036.030771 4026328.653035 1621847677.846749
354036.030771 4026328.653035 1621847677.846749
354036.030771 4026328.653035 1621847677.846749
354036.030771 4026328.653035 1621847677.846749
354036.030771 4026328.653035 1621847677.846749
354036.030771 4026328.653035 1621847677.846749
354036.030771 4026328.653035 1621847677.846749
354036.030771 4026328.653035 1621847677.846749
354036.030771 4026328.653035 1621847677.846749
354036.030771 4026328.653035 1621847677.846749
354036.030771 4026328.653035 1621847677.846749
354036.030771 4026328.653035 1621847677.846749
354036.030771 4026328.653035 1621847677.846749
354036.030771 4026328.653035 1621847677.846749
354036.030771 4026328.653035 1621847677.846749
354036.030771 4026328.653035 1621847677.846749
354036.030771 4026328.653035 1621847677.846749
354036.030771 4026328.653035 1621847677.846749
354036.030771 4026328.653035 1621847677.846749
354036.030771 4026328.653035 1621847677.846749
354036.030771 4026328.653035 1621847677.846749
354036.030771 4026328.653035 1621847677.846749
354036.030771 4026328.653035 1621847677.846749
354036.030771 4026328.653035 1621847677.846749
354036.030771 4026328.653035 1621847677.846749
354036.030771 4026328.653035 1621847677.846749
354036.030771 4026328.653035 1621847677.846749
354036.030771 4026328.653035 1621847677.846749
354036.030771 4026328.653035 1621847677.846749
354036.030771 4026328.653035 1621847677.846749
354057.845251 4026345.854205 1621847678.286884
354958.636381 4026669.656609 1621847678.614628
354971.590481 4026669.105648 1621847680.307321
354980.109396 4026668.882094 1621847681.306763
354989.259101 4026668.797355 1621847682.306103
354995.885373 4026668.732569 1621847683.005788
355009.036471 4026668.480598 1621847684.356363
355012.528476 4026668.403976 1621847684.708656
355027.924264 4026668.131056 1621847686.21918
355035.359241 4026668.041176 1621847686.906902
355054.509904 4026667.704917 1621847688.606207
355064.092399 4026667.546507 1621847689.406345
355075.17267 4026667.364002 1621847690.306537
355091.446183 4026667.152993 1621847691.60682
355100.293038 4026666.957178 1621847692.307182
355109.193899 4026666.712317 1621847693.006605
355117.486712 4026666.515475 1621847693.655837
355130.937189 4026666.250381 1621847694.708709
355134.785947 4026666.17284 1621847695.006608
355171.82328 4026665.343266 1621847697.85878
355178.392962 4026665.205854 1621847698.35542
355194.211013 4026664.914609 1621847699.555859
355204.657575 4026664.682497 1621847700.35527
355200.765154 4026664.763015 1621847700.056367
355230.410428 4026664.07482 1621847702.405621
355234.653469 4026663.985094 1621847702.756166
355246.556875 4026663.737479 1621847703.755186
355259.866078 4026663.509888 1621847704.906693
355283.189155 4026662.935903 1621847706.907121
355287.36134 4026662.797665 1621847707.255918
355307.926439 4026662.24501 1621847708.959405
355299.431271 4026662.444349 1621847708.255584
355324.596564 4026662.011983 1621847710.306808
355326.472731 4026661.991074 1621847710.456693
355349.879415 4026661.64534 1621847712.306688
355360.692177 4026661.458382 1621847713.156273
355410.050798 4026660.194943 1621847716.956979
355433.560047 4026659.580817 1621847718.656235
355429.332764 4026659.676953 1621847718.355858
355458.547322 4026659.347872 1621847720.406457
355460.714295 4026659.340194 1621847720.556682
355492.457264 4026659.1088 1621847722.756322
355504.363435 4026659.003276 1621847723.606563
355517.978161 4026658.907997 1621847724.606783
355536.345862 4026658.881858 1621847726.006377
355540.185185 4026658.896757 1621847726.306823
355555.333305 4026659.031429 1621847727.506611
355595.446393 4026659.511308 1621847730.709413
355603.286642 4026659.637386 1621847731.356275
355610.970451 4026659.756218 1621847732.006291
355615.106168 4026659.814798 1621847732.356468
355631.350104 4026660.01419 1621847733.708598
355669.200193 4026660.611526 1621847736.708167
355682.091695 4026660.827 1621847737.709308
355691.009893 4026660.970464 1621847738.406456
355699.12943 4026661.100554 1621847739.056937
355703.442682 4026661.154251 1621847739.406357
355726.144341 4026661.354506 1621847741.256801
355743.63311 4026661.529227 1621847742.65546
355751.742247 4026661.675507 1621847743.307014
355770.56406 4026661.763977 1621847745.006409
355783.346734 4026661.886245 1621847746.35621
355785.950692 4026661.91468 1621847746.656287
355798.967861 4026662.081205 1621847748.506875
355813.082268 4026662.407342 1621847751.356275
355814.627877 4026662.452505 1621847751.707804
355823.133911 4026662.690611 1621847753.709311
355820.396267 4026662.624805 1621847753.056266
355824.740516 4026662.726563 1621847754.056236
355832.648942 4026662.879804 1621847755.755539
355833.86837 4026662.88325 1621847756.056206
355843.183638 4026662.850051 1621847758.95583
355843.588808 4026662.84957 1621847759.106588
355846.117584 4026662.933609 1621847760.105888
355849.294823 4026662.919367 1621847761.256109
355854.688862 4026663.167703 1621847762.6056
355852.41701 4026663.051893 1621847762.10661
355864.655914 4026663.73719 1621847764.656426
355868.0613 4026664.018998 1621847765.306434
355874.77356 4026662.612845 1621847766.707824
355875.907501 4026661.730139 1621847767.006155
355879.982434 4026652.95268 1621847768.708194
355880.306861 4026645.774315 1621847769.708015
355880.195658 4026640.491269 1621847770.35634
355879.91519 4026631.156042 1621847771.356279
355879.72705 4026624.351066 1621847772.006381
355879.521187 4026612.950507 1621847773.004505
355879.38468 4026600.566854 1621847774.006311
355879.281905 4026591.413636 1621847774.707903
355878.916036 4026572.903238 1621847776.056106
355878.474805 4026553.381633 1621847777.406292
355878.042433 4026533.80427 1621847778.708276
355877.921209 4026528.398776 1621847779.055845
355877.351179 4026502.199999 1621847780.708277
355877.437373 4026507.036415 1621847780.406547
355876.888881 4026476.829704 1621847782.256158
355876.420956 4026451.933628 1621847783.755206
355876.035321 4026431.839664 1621847784.955611
355875.890171 4026425.956044 1621847785.306851
355875.442716 4026409.128947 1621847786.306704
355874.828141 4026385.380573 1621847787.707414
355874.586784 4026374.397663 1621847788.356227
355874.467471 4026368.47923 1621847788.708932
355874.329987 4026360.019866 1621847789.210361
355873.929989 4026337.099228 1621847790.555054
355873.035095 4026294.390709 1621847793.056491
355872.417275 4026265.256936 1621847794.756575
355872.034951 4026248.009582 1621847795.756479
355871.910264 4026241.929738 1621847796.106609
355871.795026 4026235.86316 1621847796.456698
355871.557854 4026218.611554 1621847797.455989
355870.898186 4026192.059605 1621847799.006338
355869.972738 4026163.624015 1621847800.655947
355869.388679 4026146.186684 1621847801.656821
355868.603331 4026128.745024 1621847802.656551
355867.6207 4026110.529689 1621847803.70931
355866.560258 4026087.303368 1621847805.056544
355864.865548 4026056.399886 1621847806.905969
355864.351065 4026048.27027 1621847807.406724
355863.081627 4026026.768689 1621847808.755286
355862.807307 4026022.060985 1621847809.056084
355861.654486 4026000.555545 1621847810.457126
355861.328193 4025995.280062 1621847810.806314
355861.040374 4025990.790654 1621847811.106568
355860.069978 4025975.325276 1621847812.155924
355858.111551 4025944.895977 1621847814.305726
355857.422685 4025935.372077 1621847815.006442
355856.145519 4025913.541543 1621847816.708376
355855.898914 4025909.456093 1621847817.056043
355854.539654 4025894.965508 1621847818.406188
355853.675636 4025882.716126 1621847819.755343
355853.897172 4025885.705925 1621847819.406042
355853.479555 4025879.83021 1621847820.106252
355853.221801 4025869.190299 1621847821.456152
355853.171861 4025858.03358 1621847823.106432
355853.613043 4025847.608513 1621847824.806511
355853.630415 4025845.726317 1621847825.106498
355853.697823 4025843.468032 1621847825.456463
355854.618803 4025826.964924 1621847828.006179
355855.057364 4025822.593638 1621847828.6559
355855.633154 4025817.722355 1621847829.356254
355856.690285 4025807.770284 1621847830.709272
355856.415956 4025810.450737 1621847830.35602
355857.874671 4025797.13847 1621847832.056443
355859.430909 4025783.901543 1621847833.956223
355859.54834 4025782.956781 1621847834.106051
355860.064053 4025778.933413 1621847834.756003
355860.336979 4025776.760128 1621847835.106459
355861.429851 4025768.015514 1621847836.456028
355862.31846 4025761.046696 1621847837.45654
355863.032181 4025755.77538 1621847838.155748
355864.979974 4025738.037119 1621847840.155667
355867.902944 4025712.172269 1621847842.656013
355869.090745 4025701.283741 1621847843.656252
355870.437628 4025689.709735 1621847844.708319
355870.841285 4025685.849467 1621847845.056073
355872.176192 4025675.012492 1621847846.056354
355872.800005 4025669.740102 1621847846.556617
355873.674384 4025651.779593 1621847848.408415
355871.739031 4025643.530218 1621847849.456009
355868.330552 4025636.999794 1621847850.456216
355865.310817 4025633.422906 1621847851.106591
355863.414545 4025631.737473 1621847851.456131
355859.184677 4025628.959789 1621847852.155963
355852.125078 4025626.410272 1621847853.156979
355842.60746 4025625.619394 1621847854.356231
355822.363776 4025625.690214 1621847856.708282
355816.677198 4025625.514207 1621847857.356237
355819.316943 4025625.623175 1621847857.056137
355796.972061 4025623.932769 1621847859.708472
355794.383495 4025623.814293 1621847860.056276
355791.836369 4025623.712175 1621847860.406277
355763.728111 4025622.852317 1621847863.756062
355753.13743 4025622.352374 1621847864.755372
355756.961808 4025622.534673 1621847864.406052
355737.286649 4025621.69676 1621847866.106238
355734.820507 4025621.612243 1621847866.306504
355701.585915 4025621.591895 1621847868.806158
355710.43439 4025621.484616 1621847868.156127
355673.892203 4025622.210179 1621847870.806357
355682.943691 4025621.973313 1621847870.155556
355669.01224 4025622.339866 1621847871.155051
355611.769848 4025623.710829 1621847875.215692
355600.106315 4025623.934128 1621847876.006074
355574.99857 4025624.379506 1621847877.707675
355577.22457 4025624.351115 1621847877.555041
355544.237014 4025624.793978 1621847879.756045
355529.084267 4025625.053082 1621847880.75607
355534.380493 4025624.941108 1621847880.406206
355518.584748 4025625.294683 1621847881.455914
355461.916715 4025626.545091 1621847885.456019
355422.212404 4025627.205177 1621847888.455921
355419.543811 4025627.249025 1621847888.656039
355394.959738 4025627.714049 1621847890.506936
355390.294073 4025627.813844 1621847890.855961
355386.294586 4025627.898866 1621847891.155077
355372.305196 4025628.179961 1621847892.215232
355339.600876 4025628.989984 1621847894.755283
355335.895514 4025629.096804 1621847895.056007
355322.837122 4025629.479648 1621847896.105803
355318.394205 4025629.605061 1621847896.456069
355305.408842 4025629.983131 1621847897.456118
355291.307977 4025630.380141 1621847898.506447
355259.987545 4025631.218653 1621847900.707627
355244.803585 4025631.549344 1621847901.707152
355234.615271 4025631.737711 1621847902.35609
355223.368431 4025631.90931 1621847903.056495
355195.354517 4025632.295822 1621847904.756306
355178.618019 4025632.533719 1621847905.756352
355161.620424 4025632.815481 1621847906.756249
355155.599178 4025632.91843 1621847907.106311
355132.928529 4025633.344441 1621847908.405912
355111.579396 4025633.772666 1621847909.605969
355097.131875 4025634.067672 1621847910.404979
355102.571961 4025633.950304 1621847910.106372
355065.67955 4025634.715894 1621847912.106351
355052.503649 4025635.006131 1621847912.806324
355014.297791 4025635.807702 1621847914.806308
355001.751099 4025636.088177 1621847915.456856
354975.665324 4025636.618786 1621847916.805013
354988.227613 4025636.358726 1621847916.156195
354968.892786 4025636.734964 1621847917.155988
354948.530016 4025637.108168 1621847918.214905
354905.408052 4025637.831795 1621847920.405311
354885.586608 4025638.187581 1621847921.406166
354864.620119 4025638.597469 1621847922.456544
354850.551674 4025638.907608 1621847923.155031
354837.34981 4025639.246993 1621847923.806065
354830.175067 4025639.438083 1621847924.156105
354780.815502 4025640.514729 1621847926.506408
354763.483492 4025640.866216 1621847927.305612
354735.867791 4025641.425193 1621847928.555397
354729.144012 4025641.553988 1621847928.855243
354685.848283 4025642.391392 1621847930.755368
354662.635661 4025642.855465 1621847931.755408
354669.612376 4025642.714821 1621847931.455215
354631.236891 4025643.487149 1621847933.105949
354593.702075 4025644.228214 1621847934.755307
354585.937415 4025644.378261 1621847935.105315
354550.069367 4025645.074662 1621847936.754885
354564.040729 4025644.788818 1621847936.105101
354521.861377 4025645.589218 1621847938.105903
354514.751001 4025645.736977 1621847938.455505
354468.618831 4025646.773125 1621847940.855675
354450.506189 4025647.143239 1621847941.85718
354439.159596 4025647.357375 1621847942.506305
354416.371297 4025647.511077 1621847943.855368
354405.891139 4025647.876967 1621847944.506182
354395.921786 4025648.836736 1621847945.157896
354386.183711 4025649.248526 1621847945.855674
354365.653443 4025650.677896 1621847947.506157
354369.701338 4025650.316903 1621847947.155312
354358.725637 4025651.355632 1621847948.155334
354335.446849 4025653.392854 1621847951.216931
354324.949791 4025653.700865 1621847952.906323
354327.20883 4025653.66422 1621847952.556085
354320.733083 4025653.741688 1621847953.556141
354316.449531 4025653.76925 1621847954.218493
354303.329996 4025653.885199 1621847956.605887
354299.669341 4025654.008716 1621847957.456425
354292.808164 4025654.927399 1621847958.805241
354294.806103 4025654.573189 1621847958.457212
354282.070448 4025656.883464 1621847960.506034
354277.377751 4025657.377314 1621847961.155896
354269.141734 4025657.627977 1621847962.218351
354266.642742 4025657.676996 1621847962.505938
354254.096315 4025657.924965 1621847963.906218
354242.435847 4025658.216058 1621847965.106265
354240.939356 4025658.252514 1621847965.256098
354214.542051 4025658.768815 1621847967.805873
354203.406287 4025658.981392 1621847968.806072
354195.239106 4025659.132143 1621847969.506257
354183.123458 4025659.392996 1621847970.506598
354187.41363 4025659.30728 1621847970.155531
354158.05449 4025659.769735 1621847972.5064
354153.678422 4025659.825546 1621847972.856738
354144.964399 4025659.940427 1621847973.55506
354121.077082 4025660.44069 1621847975.555222
354109.869639 4025660.684146 1621847976.556005
354105.989947 4025660.745569 1621847976.906199
354093.689147 4025661.019866 1621847978.055897
354068.089459 4025661.640433 1621847980.606043
354063.096383 4025661.74369 1621847981.106341
354049.640887 4025662.016296 1621847982.455945
354046.184371 4025662.07317 1621847982.805789
354025.747335 4025662.48226 1621847984.856031
354022.693615 4025662.558942 1621847985.155639
354004.808684 4025662.807721 1621847986.860454
354001.066546 4025662.872462 1621847987.217221
353986.781741 4025663.118144 1621847988.555819
353990.428249 4025663.077797 1621847988.217734
353976.622772 4025663.272657 1621847989.556043
353957.027259 4025663.750006 1621847991.605897
353949.353159 4025663.949927 1621847992.455804
353952.482433 4025663.865744 1621847992.106125
353934.562083 4025664.321443 1621847994.155084
353920.631884 4025664.595067 1621847995.855849
353918.263498 4025664.636319 1621847996.155127
353912.787201 4025664.748194 1621847996.855958
353910.072146 4025664.809764 1621847997.218577
353902.246587 4025665.024184 1621847998.256032
353891.728311 4025665.544526 1621847999.906002
353885.212013 4025665.902396 1621848001.605834
353882.885187 4025666.060523 1621848002.906245
353883.248765 4025666.025543 1621848002.606055
353882.375992 4025666.122714 1621848004.105319
353882.385697 4025666.15476 1621848005.106145
353882.391003 4025666.156749 1621848006.505657
353882.370686 4025666.170631 1621848007.506232
353882.363151 4025666.172363 1621848007.156081
353882.392644 4025666.165835 1621848009.156195
353882.376369 4025666.173719 1621848010.805905
353882.371357 4025666.177641 1621848010.155937
353882.380433 4025666.170197 1621848011.155134
353882.359466 4025666.155615 1621848012.155298
353882.329411 4025666.125423 1621848014.506176
353882.328715 4025666.125992 1621848014.218783
353882.336238 4025666.124842 1621848016.218134
353882.325248 4025666.123777 1621848017.218721
353882.30223 4025666.130362 1621848018.855665
353882.299899 4025666.132336 1621848019.212038
353882.263641 4025666.122262 1621848020.855796
353882.250735 4025666.121437 1621848021.555875
353882.239614 4025666.126132 1621848022.554971
353882.235467 4025666.124731 1621848022.905572
353882.232442 4025666.123605 1621848023.215772
353882.19939 4025666.117463 1621848024.212254
353882.129428 4025666.114397 1621848026.955217
353882.141699 4025666.113934 1621848026.213476
353882.121679 4025666.11374 1621848027.606042
353882.110631 4025666.114986 1621848028.655805
353882.09224 4025666.133128 1621848030.805897
353882.078539 4025666.134892 1621848031.655828
353882.072163 4025666.136401 1621848032.455448
353882.068606 4025666.123469 1621848033.80595
353882.07053 4025666.134739 1621848033.306523
353882.03442 4025666.119292 1621848037.154489
353882.024746 4025666.121357 1621848038.50622
353882.024101 4025666.120529 1621848038.655973
353882.016877 4025666.09768 1621848040.506283
353882.022651 4025666.101613 1621848042.155434
353881.814306 4025666.106869 1621848043.506235
353881.204298 4025666.123969 1621848044.354954
353878.820202 4025666.223462 1621848046.555055
353879.098569 4025666.209085 1621848046.215355
353877.216197 4025666.290751 1621848048.906706
353877.777705 4025666.272046 1621848048.256335
353876.866455 4025666.303371 1621848049.256011
353871.573017 4025666.515647 1621848051.955531
353873.610832 4025666.441565 1621848051.306278
353867.670133 4025666.672027 1621848052.955062
353866.036027 4025666.741025 1621848053.306211
353855.976458 4025667.259718 1621848054.955403
353840.265901 4025668.788905 1621848057.005359
353836.11866 4025669.346025 1621848057.506151
353825.017996 4025671.213483 1621848058.855793
353822.157851 4025671.794056 1621848059.214272
353808.933007 4025675.135349 1621848060.855931
353806.100513 4025675.988788 1621848061.212051
353791.698684 4025681.142851 1621848062.906495
353789.142121 4025682.193964 1621848063.214659
353777.481305 4025687.419763 1621848064.605802
353766.822482 4025692.938343 1621848065.906325
353752.957995 4025701.199685 1621848067.606145
353755.408164 4025699.647423 1621848067.306119
353735.728085 4025712.966798 1621848069.655868
353737.015367 4025712.037635 1621848069.505475
353719.963249 4025726.424222 1621848071.506694
353708.873658 4025738.312949 1621848072.856117
353705.998569 4025741.583198 1621848073.215626
353703.11232 4025744.905266 1621848073.555132
353688.948723 4025761.660298 1621848075.255852
353674.318376 4025779.452397 1621848076.955392
353676.064927 4025777.30553 1621848076.755893
353657.898247 4025800.01437 1621848078.80609
353656.547557 4025801.726367 1621848078.954433
353640.994178 4025821.503412 1621848080.655972
353644.239572 4025817.389006 1621848080.306509
353631.622187 4025833.36905 1621848081.656025
353614.297481 4025855.319901 1621848083.506289
353601.913825 4025870.857355 1621848084.856982
353598.709573 4025874.878016 1621848085.212272
353595.507547 4025878.888995 1621848085.555357
353575.003997 4025904.605721 1621848087.905696
353570.120938 4025910.973307 1621848088.554821
353572.303953 4025908.078019 1621848088.255693
353562.136491 4025923.744162 1621848089.955318
353559.471253 4025932.44095 1621848090.956606
353561.187262 4025944.138647 1621848092.306236
353566.716713 4025952.276132 1621848093.306363
353573.229493 4025958.870733 1621848094.155271
353576.149103 4025961.540129 1621848094.506188
353584.964304 4025969.078546 1621848095.506036
353607.60671 4025987.37727 1621848097.906196
353617.624009 4025995.400225 1621848098.906263
353624.798839 4026001.088227 1621848099.606022
353635.180041 4026009.345085 1621848100.605877
353638.303635 4026011.802617 1621848100.906013
353652.632284 4026023.142961 1621848102.256008
353667.176831 4026034.719415 1621848103.605392
353678.017959 4026043.287397 1621848104.604975
353692.064664 4026054.353779 1621848105.906364
353685.049641 4026048.830072 1621848105.255507
353714.065075 4026071.623117 1621848107.955032
353717.736478 4026074.507359 1621848108.306236
353731.008599 4026084.884834 1621848109.605398
353734.483826 4026087.577931 1621848109.95592
353737.899793 4026090.243775 1621848110.306133
353747.380237 4026097.681145 1621848111.306843
353765.169738 4026111.698182 1621848113.306373
353771.034016 4026116.339153 1621848114.005886
353779.025153 4026122.587759 1621848115.005013
353788.299729 4026129.977797 1621848116.356084
353794.628339 4026135.51346 1621848117.655748
353795.851455 4026136.48817 1621848118.005968
353798.619008 4026138.81762 1621848119.555647
353798.800391 4026138.966823 1621848120.217312
353798.839428 4026139.042534 1621848121.905985
353798.854767 4026139.056618 1621848121.555973
353798.815788 4026139.114024 1621848123.605981
353798.831578 4026139.157638 1621848124.606395
353798.819823 4026139.20911 1621848125.955647
353798.8123 4026139.211358 1621848126.306162
353798.814983 4026139.156504 1621848126.954755
353798.604984 4026138.767808 1621848128.005643
353798.555884 4026138.67857 1621848129.005888
353798.566393 4026138.721901 1621848129.505904
353798.601105 4026138.911776 1621848130.855666
353798.62232 4026138.983442 1621848132.855744
353798.623152 4026138.983689 1621848133.906114
353798.624831 4026138.984497 1621848134.556347
353798.625654 4026138.985081 1621848135.955769
353798.626654 4026138.986341 1621848135.056377
353798.614264 4026139.060789 1621848137.955032
353798.619657 4026139.024844 1621848137.605563
353798.652868 4026139.227545 1621848139.604983
353798.655979 4026139.273347 1621848140.955784
353798.656763 4026139.26723 1621848140.455798
353798.647464 4026139.313743 1621848141.805683
353798.635162 4026139.397337 1621848145.105803
353798.62259 4026139.391914 1621848146.805758
353798.621005 4026139.394651 1621848147.305961
353798.608437 4026139.427175 1621848149.354755
353798.608321 4026139.426894 1621848149.217484
353801.362792 4026141.680273 1621848151.855731
353807.616406 4026146.734177 1621848153.505969
353820.151632 4026156.609469 1621848155.55531
353826.610011 4026161.721483 1621848156.406214
353839.394038 4026172.081662 1621848157.906279
353842.139737 4026174.319596 1621848158.217266
353845.413506 4026176.988418 1621848158.555777
353862.517483 4026190.815308 1621848160.255573
353877.186409 4026202.573772 1621848161.605149
353892.733726 4026215.015507 1621848162.955596
353889.194946 4026212.190294 1621848162.655648
353917.293325 4026234.549214 1621848164.955119
353926.118524 4026241.58046 1621848165.655598
353938.869244 4026251.774414 1621848166.656302
353943.378034 4026255.390713 1621848167.005819
353960.950728 4026269.603685 1621848168.355868
353964.91164 4026272.777385 1621848168.655637
353969.566531 4026276.47942 1621848169.005599
353987.811134 4026290.875638 1621848170.355843
353997.39509 4026298.424263 1621848171.05639
354037.072619 4026329.942203 1621848173.906476
354027.953658 4026322.603137 1621848173.25573
354066.148531 4026353.345491 1621848175.956421
354080.537613 4026364.951847 1621848176.955773
354095.071024 4026376.608469 1621848177.955807
354100.184729 4026380.693002 1621848178.305534
354105.3172 4026384.762707 1621848178.655947
354130.563489 4026403.90384 1621848180.355743
354135.036314 4026407.038799 1621848180.65588
354145.420737 4026414.109458 1621848181.355054
354169.878926 4026430.195611 1621848183.055721
354187.351136 4026441.371951 1621848184.356603
354191.839797 4026444.236996 1621848184.707298
354199.956401 4026449.445401 1621848185.356013
354212.525635 4026457.485516 1621848186.405748
354232.83723 4026470.373504 1621848188.258246
354236.437216 4026472.780004 1621848188.605478
354255.341676 4026485.049629 1621848190.605609
354263.703947 4026490.450241 1621848191.605893
354268.740248 4026493.784699 1621848192.255784
354275.927644 4026498.496924 1621848193.255567
354287.265114 4026505.589641 1621848194.95564
354289.536878 4026506.984792 1621848195.305934
354291.468311 4026508.174527 1621848195.605921
354305.543753 4026517.386101 1621848197.65592
354310.213095 4026520.464249 1621848198.305604
354315.314188 4026523.775423 1621848199.005864
354322.743196 4026528.517256 1621848200.004813
354332.064428 4026534.475987 1621848201.217739
354343.587963 4026541.809362 1621848202.6056
354352.228028 4026547.268784 1621848203.605691
354361.663099 4026553.192645 1621848204.658155
354367.629282 4026556.952956 1621848205.306028
354369.472295 4026558.115093 1621848205.505828
354398.461603 4026576.901246 1621848208.708331
354401.242882 4026578.700984 1621848209.005137
354404.507051 4026580.804965 1621848209.35576
354423.981778 4026593.342095 1621848211.405851
354437.31331 4026601.837038 1621848212.755956
354445.78032 4026607.253795 1621848213.605874
354459.032572 4026615.857001 1621848214.955576
354468.457674 4026621.973007 1621848215.955062
354477.683174 4026627.942593 1621848216.955474
354480.945253 4026630.051381 1621848217.306158
354490.805574 4026636.40371 1621848218.355873
354493.601428 4026638.196263 1621848218.656033
354506.484099 4026646.301481 1621848220.055609
354515.839874 4026651.739605 1621848221.055996
354525.434856 4026657.101589 1621848222.106079
354542.285162 4026666.701083 1621848223.956042
354551.355046 4026672.190712 1621848224.95572
354557.708062 4026676.04943 1621848225.655511
354560.885975 4026677.967543 1621848226.005654
354575.530375 4026686.519884 1621848227.655594
354578.546418 4026688.236055 1621848228.005555
354589.60852 4026694.578198 1621848229.35568
354599.747636 4026700.141601 1621848230.655481
354606.278071 4026702.927476 1621848231.505559
354612.775093 4026704.446028 1621848232.355898
354619.895796 4026704.197478 1621848233.355611
354626.772634 4026699.895541 1621848234.707854
354628.700235 4026696.247446 1621848235.405543
354629.41121 4026687.482267 1621848236.70854
354629.441355 4026692.153048 1621848236.056524
354629.212366 4026681.771798 1621848237.406245
354628.922596 4026672.215991 1621848238.405449
354628.535363 4026661.165664 1621848239.405534
354627.821469 4026639.577716 1621848241.105672
354627.135391 4026617.7345 1621848242.655512
354626.995847 4026612.584368 1621848243.005506
354626.327478 4026586.518862 1621848244.708318
354626.08713 4026576.128925 1621848245.355717
354625.937383 4026570.452114 1621848245.708878
354625.783269 4026564.72425 1621848246.055368
354625.280562 4026547.313889 1621848247.106026
354623.861507 4026499.818502 1621848249.955558
354624.168418 4026510.6302 1621848249.306505
354623.226519 4026477.385858 1621848251.306025
354622.56416 4026455.251685 1621848252.655631
354622.373396 4026449.607448 1621848253.004771
354621.685744 4026427.990453 1621848254.355565
354621.399921 4026417.700892 1621848255.005062
354620.925073 4026401.375743 1621848256.055798
354620.26139 4026379.543371 1621848257.555384
354619.854389 4026365.011114 1621848258.759108
354619.924241 4026368.375979 1621848258.455378
354619.255398 4026347.275302 1621848260.804686
354617.877308 4026342.245766 1621848261.655571
354615.585435 4026338.667929 1621848262.355677
354608.544846 4026334.434906 1621848263.655365
354610.449882 4026335.122681 1621848263.356216
354595.301772 4026331.531003 1621848265.35616
354586.243269 4026329.45461 1621848266.356332
354572.705632 4026325.992546 1621848267.755532
354566.16907 4026324.184422 1621848268.404028
354562.619492 4026323.176179 1621848268.754869
354559.545021 4026322.294329 1621848269.055402
354541.715135 4026316.930176 1621848270.754619
354532.03626 4026313.897741 1621848271.655403
354507.752203 4026306.295937 1621848273.855959
354502.281555 4026304.607044 1621848274.355337
354487.523031 4026300.023383 1621848275.707453
354483.604731 4026298.804431 1621848276.055836
354480.220934 4026297.751215 1621848276.355704
354460.854177 4026291.675654 1621848278.05567
354442.435151 4026285.881535 1621848279.707783
354449.718666 4026288.155561 1621848279.055744
354388.471244 4026267.834313 1621848285.405538
354389.196868 4026268.118022 1621848285.25565
354383.369866 4026265.836593 1621848287.805525
354383.264419 4026265.801659 1621848288.105936
354383.172 4026265.774757 1621848288.455453
354382.866655 4026265.660058 1621848289.505615
354382.466891 4026265.465005 1621848290.306075
354381.719691 4026265.223985 1621848291.655817
354381.729638 4026265.207355 1621848295.006463
354381.737238 4026265.218325 1621848296.355921
354381.727647 4026265.242713 1621848297.708105
354381.73706 4026265.237107 1621848297.355482
354381.738949 4026265.196876 1621848300.404499
354381.644008 4026265.154276 1621848301.404517
354381.687824 4026265.172703 1621848301.105402
354381.596376 4026265.099141 1621848303.105416
354381.610152 4026265.111013 1621848304.755465
354381.635616 4026265.119082 1621848305.455478
354381.671052 4026265.122785 1621848306.105734
354381.69023 4026265.096425 1621848307.755457
354381.685052 4026265.080943 1621848308.105747
354381.683538 4026265.075275 1621848308.255696
354381.824985 4026265.039978 1621848312.955294
354381.830919 4026265.034655 1621848313.15609
354381.884657 4026264.987264 1621848318.954611
354381.887845 4026264.982606 1621848319.804557
354381.884643 4026264.976432 1621848320.805527
354381.882603 4026264.973913 1621848321.1556
354381.883848 4026264.969599 1621848322.455575
354381.883722 4026264.973411 1621848323.805466
354381.886031 4026264.974137 1621848324.154423
354381.885798 4026264.961817 1621848325.455418
354381.890977 4026264.958412 1621848326.456212
354381.899179 4026264.962099 1621848327.1555
354381.906314 4026264.962467 1621848328.805268
354381.906048 4026264.961727 1621848329.154504
354381.906729 4026264.960099 1621848329.805383
354381.916881 4026264.959195 1621848330.855225
354381.905031 4026264.963417 1621848332.70719
354381.867587 4026264.952435 1621848333.354574
354381.563561 4026264.842096 1621848334.354724
354380.767899 4026264.537186 1621848335.707984
354380.074184 4026264.258411 1621848336.403884
354379.734711 4026264.11833 1621848336.707114
354377.407903 4026263.177297 1621848338.405257
354373.727525 4026261.575916 1621848339.70729
354372.227929 4026260.897952 1621848340.055396
354367.397137 4026258.677486 1621848341.05542
354357.641441 4026254.198091 1621848342.707456
354355.324536 4026253.132585 1621848343.055472
354348.344341 4026249.828838 1621848344.05533
354337.997644 4026244.726116 1621848345.404521
354335.160577 4026243.314827 1621848345.755568
354318.702408 4026234.981601 1621848347.755412
354313.719602 4026232.411582 1621848348.404415
354306.343629 4026228.459797 1621848349.454601
354302.106562 4026226.104882 1621848350.105959
354293.701769 4026221.309406 1621848351.455315
354287.749258 4026217.811437 1621848352.455238
354282.159635 4026214.450079 1621848353.45541
354280.519889 4026213.477329 1621848353.755345
354269.122874 4026206.903585 1621848355.805737
354263.320781 4026203.505157 1621848356.805358
354265.382014 4026204.727383 1621848356.455206
354261.223492 4026202.24751 1621848357.155656
354253.246857 4026197.372983 1621848358.455548
354247.47431 4026193.809182 1621848359.505862
354242.098174 4026190.470966 1621848360.855487
354237.595633 4026187.653246 1621848362.355746
354233.917035 4026185.409874 1621848363.755425
354232.278768 4026184.403103 1621848364.405524
354229.688181 4026182.828967 1621848365.454949
354227.338983 4026181.355258 1621848366.455212
354224.275054 4026179.495317 1621848367.805199
354223.605751 4026179.021242 1621848368.156318
354221.867687 4026177.894657 1621848369.155332
354220.861742 4026177.271795 1621848369.805427
354220.378973 4026176.978066 1621848370.155426
354219.151399 4026176.242642 1621848371.505511
354218.827932 4026176.018072 1621848372.155128
354218.417732 4026175.594031 1621848374.754842
354218.430529 4026175.610198 1621848375.755437
354218.419656 4026175.618901 1621848376.10571
354218.597317 4026175.568274 1621848377.805396
354218.693064 4026175.54561 1621848378.455522
354218.745835 4026175.528313 1621848379.505449
354218.875165 4026175.472147 1621848380.805451
354218.814576 4026175.48928 1621848381.155719
354218.608893 4026175.572162 1621848382.505496
354218.586444 4026175.572867 1621848383.155695
354218.565851 4026175.575791 1621848383.505384
354218.532247 4026175.582801 1621848384.505362
354218.455948 4026175.589997 1621848385.855232
354218.243375 4026175.604968 1621848387.505086
354218.197436 4026175.627144 1621848388.218109
354218.202649 4026175.624991 1621848388.505497
354218.187996 4026175.612808 1621848390.05524
354218.150171 4026175.595371 1621848391.405281
354218.142054 4026175.579522 1621848392.805516
354218.145286 4026175.572838 1621848393.805447
354218.14444 4026175.572649 1621848394.15538
354218.142934 4026175.577893 1621848394.505805
354218.137331 4026175.591763 1621848395.855305
354218.136612 4026175.591935 1621848396.218016
354218.153951 4026175.586589 1621848399.40549
354218.154908 4026175.587289 1621848400.405407
354218.155122 4026175.587881 1621848400.755801
354218.154485 4026175.586962 1621848402.755541
354218.152429 4026175.58534 1621848403.455289
354218.153059 4026175.585313 1621848404.105317
354218.153822 4026175.58581 1621848404.455312
354218.161726 4026175.593341 1621848407.955237
354218.158323 4026175.591031 1621848408.805279
354218.154215 4026175.588252 1621848409.155671
354218.158272 4026175.591347 1621848410.505641
354218.159356 4026175.591811 1621848410.855267
354218.169129 4026175.59925 1621848413.555592
354218.161417 4026175.595559 1621848414.855171
354218.165556 4026175.599239 1621848414.217371
354218.168797 4026175.598804 1621848416.218767
354218.168206 4026175.59738 1621848417.755379
354218.118898 4026175.589606 1621848418.755322
354218.077226 4026175.585607 1621848419.455293
354218.077475 4026175.585867 1621848419.605308
354218.072286 4026175.582577 1621848421.805352
354218.075532 4026175.584336 1621848422.505287
354218.072834 4026175.583515 1621848422.155551
354218.071919 4026175.581874 1621848424.155573
354218.0031 4026175.551484 1621848425.905207
354217.999457 4026175.546569 1621848426.218203
354218.015722 4026175.497603 1621848427.755662
354217.999427 4026175.479448 1621848428.404474
354217.995438 4026175.467206 1621848429.805239
354217.99437 4026175.466124 1621848429.455299
354218.005866 4026175.461601 1621848431.805329
354217.999925 4026175.452423 1621848432.505162
354217.973251 4026175.442355 1621848433.211432
354217.972742 4026175.412212 1621848434.505492
354217.970909 4026175.385377 1621848435.505531
354217.968415 4026175.378112 1621848435.855067
354217.9788 4026175.350227 1621848436.855072
354217.965323 4026175.30014 1621848438.855266
354217.965913 4026175.30572 1621848438.50545
354217.964924 4026175.294395 1621848440.213829
354217.960196 4026175.291559 1621848441.214356
354217.958963 4026175.258334 1621848442.405053
354217.962501 4026175.253686 1621848443.405437
354217.976944 4026175.228826 1621848444.755645
354217.965955 4026175.218801 1621848445.60533
354217.946446 4026175.206543 1621848446.455147
354217.956306 4026175.189379 1621848447.755678
354217.957421 4026175.182686 1621848448.105311
354217.957602 4026175.182813 1621848449.455457
354217.947649 4026175.175673 1621848450.455451
354217.942676 4026175.171822 1621848451.105191
354217.949184 4026175.155983 1621848452.155393
354217.955134 4026175.136582 1621848453.855137
354217.959607 4026175.130856 1621848454.505505
354217.968586 4026175.130692 1621848455.707787
354217.968439 4026175.13151 1621848456.255352
354217.965575 4026175.121104 1621848457.25454
354217.965768 4026175.116298 1621848457.755197
354217.25447 4026174.659476 1621848459.505742
354215.413608 4026173.508261 1621848460.855235
354216.085951 4026173.924271 1621848460.50527
354211.538031 4026171.116895 1621848462.155742
354206.253301 4026167.844034 1621848463.505042
354203.320907 4026165.961865 1621848464.156343
354198.339385 4026162.733335 1621848465.155539
354190.490549 4026157.631903 1621848466.555759
354192.542724 4026158.963698 1621848466.213642
354186.642954 4026155.107112 1621848467.210626
354174.890565 4026147.126319 1621848469.255239
354168.881354 4026142.850642 1621848470.305578
354167.160057 4026141.615157 1621848470.605813
354154.214449 4026132.006973 1621848472.805337
354150.096392 4026128.80935 1621848473.505388
354152.159822 4026130.421799 1621848473.156284
354135.887587 4026117.451259 1621848475.8553
354140.112569 4026120.875735 1621848475.155446
354124.651367 4026107.953384 1621848477.905704
354123.190014 4026106.663969 1621848478.216975
354118.486378 4026102.737818 1621848479.217116
354116.89146 4026101.332887 1621848479.555844
354110.665947 4026095.801127 1621848480.90536
354107.666053 4026093.013398 1621848481.605399
354103.745455 4026089.276346 1621848482.605246
354097.268516 4026083.132445 1621848484.305813
354096.197818 4026082.062251 1621848484.605452
354091.552141 4026077.305178 1621848485.955539
354087.270602 4026072.771627 1621848487.305788
354083.699475 4026068.994637 1621848488.805532
354081.967683 4026067.212305 1621848489.805515
354081.399963 4026066.626951 1621848490.15525
354078.935493 4026064.109293 1621848491.855806
354078.112514 4026063.275907 1621848492.506294
354076.710199 4026061.865606 1621848493.85548
354076.046433 4026061.213943 1621848494.855307
354076.439984 4026061.598711 1621848494.218331
354075.954386 4026061.124447 1621848495.055161
354075.858851 4026061.050925 1621848500.905759
354075.862418 4026061.040364 1621848501.255602
354075.933419 4026061.066319 1621848502.90547
354075.923651 4026061.066451 1621848502.555501
354075.984964 4026061.07714 1621848504.255476
354075.909165 4026061.09261 1621848505.905365
354075.929821 4026061.096608 1621848505.255198
354075.89373 4026061.108247 1621848507.556251
354075.874913 4026061.125664 1621848508.257675
354075.874415 4026061.124608 1621848508.555668
354075.870364 4026061.124411 1621848510.605424
354075.863923 4026061.114739 1621848510.955263
354075.860998 4026061.11028 1621848511.105958
354075.834605 4026061.070636 1621848514.305104
354075.823796 4026061.048681 1621848514.955534
354075.83645 4026061.013135 1621848516.505251
354075.815315 4026061.004337 1621848517.805245
354075.820971 4026061.007158 1621848517.505313
354075.795954 4026061.017792 1621848519.85517
354075.78381 4026061.035543 1621848520.90547
354075.787972 4026061.029735 1621848520.555908
354075.757762 4026061.056935 1621848522.255174
354075.756782 4026061.058218 1621848522.604387
354075.733488 4026061.089597 1621848524.605213
354075.719105 4026061.094614 1621848524.955821
354075.708719 4026061.100802 1621848525.30626
354075.702777 4026061.16452 1621848527.804096
354075.703966 4026061.171466 1621848528.15564
354075.704669 4026061.176462 1621848528.505531
354075.695277 4026061.207247 1621848530.855027
354075.693131 4026061.210089 1621848531.21421
354075.689348 4026061.215839 1621848531.90535
354075.689603 4026061.221519 1621848532.706773
354075.69096 4026061.231011 1621848534.555384
354075.700589 4026061.238546 1621848535.707116
354075.695855 4026061.241928 1621848536.905119
354075.694492 4026061.250503 1621848537.604555
354075.698364 4026061.261782 1621848538.255203
354075.697465 4026061.262145 1621848538.60425
354075.696931 4026061.258244 1621848539.654946
354075.71852 4026061.26193 1621848541.855033
354075.721496 4026061.266486 1621848542.905447
354075.722785 4026061.264208 1621848542.214271
354075.734962 4026061.27468 1621848544.604042
354075.737523 4026061.273212 1621848545.955389
354075.740028 4026061.275035 1621848545.255441
354075.74484 4026061.28153 1621848546.605433
354075.761055 4026061.297084 1621848547.955529
354075.761306 4026061.297443 1621848549.005081
354075.757656 4026061.276739 1621848550.855
354075.750595 4026061.279999 1621848551.555386
354075.73935 4026061.287513 1621848552.905144
354075.73488 4026061.282099 1621848553.60518
354075.732604 4026061.277622 1621848554.254986
354075.729771 4026061.275748 1621848554.604234
354075.725647 4026061.286517 1621848556.305143
354075.718556 4026061.287466 1621848556.655194
354075.715402 4026061.301279 1621848558.305126
354075.706927 4026061.304009 1621848559.305227
354075.709334 4026061.313755 1621848560.305016
354075.709006 4026061.315454 1621848560.955493
354075.710123 4026061.317514 1621848561.305523
354075.718001 4026061.326458 1621848562.656445
354075.728275 4026061.345191 1621848564.855518
354075.728722 4026061.346295 1621848565.555016
354075.734901 4026061.347466 1621848566.604051
354075.737064 4026061.358459 1621848567.905045
354075.745321 4026061.357765 1621848568.905066
354075.739699 4026061.363446 1621848568.255522
354075.726987 4026061.373862 1621848570.754686
354075.727936 4026061.387516 1621848573.255145
354075.725834 4026061.402125 1621848573.955321
354075.725912 4026061.40884 1621848574.304682
354075.725895 4026061.410372 1621848576.304994
354075.722766 4026061.408668 1621848576.60429
354075.716899 4026061.406561 1621848577.305052
354075.729059 4026061.420565 1621848579.305105
354075.745105 4026061.431229 1621848580.005046
354075.739632 4026061.447898 1621848581.654487
354075.746074 4026061.462045 1621848582.65519
354075.74427 4026061.460447 1621848583.305444
354075.73984 4026061.459936 1621848583.654588
354075.219981 4026060.97006 1621848587.355221
354075.27629 4026061.025718 1621848587.215568
354062.591764 4026047.938908 1621848592.555481
354058.751443 4026043.935647 1621848593.255773
354048.311309 4026033.040507 1621848594.955146
354046.305343 4026030.985315 1621848595.257665
354041.499058 4026026.000374 1621848595.954876
354031.896742 4026016.169628 1621848597.305151
354027.307175 4026011.387741 1621848597.955487
354024.882905 4026008.849445 1621848598.305129
354009.556383 4025992.811613 1621848600.655162
353991.033185 4025973.576864 1621848604.005397
353983.194835 4025965.325706 1621848605.855969
353979.261999 4025961.079956 1621848606.905498
353978.757184 4025960.506077 1621848607.055804
353975.287673 4025956.680223 1621848608.255215
353973.252057 4025954.846961 1621848609.004002
353972.514919 4025954.164263 1621848609.304961
353969.196181 4025950.9472 1621848611.005015
353967.277907 4025949.060368 1621848612.707294
353967.034474 4025948.851946 1621848613.355313
353966.97038 4025948.818935 1621848614.355386
353966.759411 4025948.864627 1621848615.707439
353966.709289 4025948.872812 1621848616.004959
353966.649865 4025948.891325 1621848616.707199
353966.635175 4025948.899635 1621848617.00431
353966.491037 4025948.906479 1621848619.405084
353966.389678 4025948.890067 1621848620.604962
353966.332232 4025948.888528 1621848621.604913
353966.352618 4025948.882164 1621848621.255396
353966.208283 4025948.897033 1621848623.605188
353966.167349 4025948.893223 1621848624.305116
353966.122582 4025948.874384 1621848625.305306
353966.107545 4025948.86819 1621848626.005481
353966.100949 4025948.865087 1621848626.305027
353966.031798 4025948.84327 1621848628.355367
353966.032427 4025948.843605 1621848628.707287
353966.031096 4025948.853929 1621848630.905283
353966.024931 4025948.846124 1621848631.55564
353966.013452 4025948.837148 1621848632.905183
353966.013612 4025948.836918 1621848633.255356
353966.021287 4025948.837318 1621848634.955159
353966.014747 4025948.830501 1621848635.654852
353966.018989 4025948.832926 1621848635.305318
353965.985391 4025948.828664 1621848637.654949
353965.981098 4025948.828994 1621848638.004145
353965.979361 4025948.828981 1621848638.707004
353965.963884 4025948.831969 1621848640.755721
353965.954012 4025948.84467 1621848641.755469
353965.939775 4025948.849549 1621848642.555299
353965.917179 4025948.870094 1621848643.904887
353965.927121 4025948.852868 1621848643.255234
353965.879397 4025948.88862 1621848645.95546
353965.867433 4025948.892085 1621848646.604097
353965.853098 4025948.898254 1621848647.954493
353965.850821 4025948.899984 1621848648.304997
353965.853722 4025948.899676 1621848648.654933
353965.86108 4025948.909147 1621848650.655028
353965.859063 4025948.905965 1621848650.355393
353965.863149 4025948.91266 1621848651.00409
353965.875267 4025948.939643 1621848653.055543
353965.887883 4025948.956687 1621848654.755563
353965.896765 4025948.96586 1621848655.255141
353965.917461 4025948.972436 1621848656.605196
353965.934074 4025948.978586 1621848657.254981
353965.945719 4025948.995115 1621848658.955482
353965.947419 4025948.997771 1621848659.95542
353965.947518 4025949.003803 1621848661.004843
353965.949583 4025949.009109 1621848661.655537
353965.951381 4025949.013282 1621848662.355647
353965.94804 4025949.009616 1621848662.707632
353965.943739 4025949.006245 1621848663.404755
353965.945917 4025949.01167 1621848664.054356
353965.953888 4025949.004553 1621848666.605032
353965.967681 4025948.99876 1621848667.904823
353965.959997 4025948.986132 1621848668.254598
353965.194762 4025948.181299 1621848669.954834
353963.775403 4025946.717361 1621848671.004131
353962.209892 4025945.119059 1621848671.654826
353963.100061 4025946.028221 1621848671.305079
353959.011289 4025941.838171 1621848672.706907
353956.708611 4025939.465799 1621848673.355316
353952.902197 4025935.536575 1621848674.405131
353949.184476 4025931.63241 1621848675.404115
353940.433669 4025922.401043 1621848677.404103
353937.215099 4025919.012313 1621848678.058577
353931.736074 4025913.246346 1621848679.104991
353923.344904 4025904.519238 1621848680.60425
353919.039063 4025900.105814 1621848681.305108
353912.539323 4025893.343494 1621848682.30499
353903.256616 4025883.826203 1621848683.654668
353901.830788 4025882.375504 1621848683.85501
353888.645987 4025868.788733 1621848685.707392
353887.595662 4025867.711607 1621848685.854911
353874.850234 4025854.590784 1621848687.75538
353877.154679 4025856.939681 1621848687.405167
353860.661174 4025840.577488 1621848689.954097
353854.317621 4025834.368127 1621848690.95547
353852.131623 4025832.257408 1621848691.305845
353838.252452 4025819.251834 1621848693.654808
353834.242033 4025815.66365 1621848694.355405
353828.569598 4025810.794017 1621848695.356061
353826.528813 4025809.115066 1621848695.707419
353818.091078 4025801.884157 1621848697.055131
353816.06183 4025800.061226 1621848697.355897
353811.103829 4025795.502706 1621848698.054929
353803.55501 4025788.344136 1621848699.054407
353795.475215 4025780.669128 1621848700.055163
353779.341823 4025765.196688 1621848701.955373
353768.204687 4025754.241873 1621848703.305393
353756.264616 4025742.834526 1621848705.00473
353758.494093 4025744.895974 1621848704.65554
353747.291985 4025735.627201 1621848706.706911
353744.460706 4025733.929642 1621848707.357202
353742.148656 4025732.760073 1621848708.004911
353740.478597 4025732.057713 1621848708.707669
353739.964741 4025731.863728 1621848709.054878
353739.217393 4025731.56225 1621848710.104905
353739.217737 4025731.524215 1621848712.104771
353737.947118 4025731.096233 1621848714.004766
353736.473017 4025730.704819 1621848714.706768
353734.130934 4025730.266034 1621848715.355315
353731.010345 4025730.000947 1621848716.004058
353725.836608 4025730.386165 1621848717.004934
353719.998849 4025732.222971 1621848718.004015
353700.488829 4025748.360071 1621848720.905318
353699.437246 4025749.517715 1621848721.054787
353694.467516 4025755.230626 1621848721.755022
353681.91051 4025770.477287 1621848723.403875
353684.293019 4025767.552427 1621848723.10483
353660.339461 4025796.543488 1621848725.955205
353651.273645 4025807.859681 1621848727.004036
353645.60163 4025815.000629 1621848727.655461
353639.426741 4025822.761371 1621848728.354909
353630.506883 4025833.929917 1621848729.355357
353615.887089 4025852.28243 1621848731.003959
353610.30066 4025859.379768 1621848731.654687
353601.884294 4025870.135024 1621848732.654745
353598.970257 4025873.850826 1621848733.004924
353585.517611 4025890.862776 1621848734.654663
353587.894071 4025887.87718 1621848734.35526
353558.914799 4025935.091167 1621848740.214549
353562.569812 4025945.467512 1621848741.706794
353565.950007 4025949.551711 1621848742.354965
353574.68712 4025957.48635 1621848743.706241
353570.346428 4025953.759431 1621848743.055308
353586.878549 4025967.288411 1621848745.404822
353591.781451 4025971.270683 1621848746.054935
353594.418443 4025973.532093 1621848746.404881
353602.319173 4025980.80037 1621848747.454711
353617.040756 4025994.393158 1621848749.305075
353625.97082 4026002.106211 1621848750.355349
353627.24158 4026003.241846 1621848750.504552
353645.985537 4026020.366769 1621848752.706502
353649.084843 4026023.059772 1621848753.054885
353658.575636 4026031.07983 1621848754.104807
353659.951221 4026032.214272 1621848754.255053
353680.945742 4026049.131271 1621848756.604023
353700.018425 4026064.250497 1621848758.955239
353701.161062 4026065.164062 1621848759.104259
353711.069577 4026073.085146 1621848760.454962
