988326.965372 1818605.834029 1621847542.50694
988329.671064 1818608.032666 1621847542.855971
988349.069868 1818623.768 1621847545.216355
988355.340484 1818628.841479 1621847545.90719
988362.370977 1818634.537114 1621847546.656293
988368.671896 1818639.687027 1621847547.307026
988394.217029 1818660.693947 1621847549.80532
988405.045439 1818669.529213 1621847550.80687
988412.247722 1818675.405986 1621847551.456107
988423.533875 1818684.676205 1621847552.45581
988427.538196 1818687.954644 1621847552.806817
988442.731339 1818700.39489 1621847554.10637
988463.785552 1818717.52784 1621847555.855989
988468.067598 1818721.003573 1621847556.215683
988471.778059 1818724.009286 1621847556.507344
988485.476828 1818735.154223 1621847557.606736
988511.120832 1818756.210863 1621847559.656739
988515.511569 1818759.811405 1621847560.006845
988519.269484 1818762.907824 1621847560.306577
988550.570108 1818788.453475 1621847562.756572
988564.376687 1818799.770792 1621847563.806727
988569.022779 1818803.634247 1621847564.156733
988592.085163 1818822.762748 1621847565.856282
988596.228608 1818826.202634 1621847566.156636
988610.187994 1818837.672153 1621847567.156806
988624.371528 1818849.304314 1621847568.156778
988639.388761 1818861.566884 1621847569.217809
988659.568878 1818878.081741 1621847570.606694
988654.509372 1818873.93944 1621847570.256417
988670.434399 1818886.992447 1621847571.356525
988685.60774 1818899.575132 1621847572.406547
988720.173535 1818928.602282 1621847574.806942
988734.587864 1818940.536736 1621847575.80697
988739.611677 1818944.693137 1621847576.156259
988759.602447 1818961.245648 1621847577.556663
988779.497182 1818977.717263 1621847578.956743
988783.777976 1818981.224653 1621847579.256619
988783.777976 1818981.224653 1621847579.256619
988783.777976 1818981.224653 1621847579.256619
988783.777976 1818981.224653 1621847579.256619
988783.777976 1818981.224653 1621847579.256619
988783.777976 1818981.224653 1621847579.256619
988783.777976 1818981.224653 1621847579.256619
988783.777976 1818981.224653 1621847579.256619
988783.777976 1818981.224653 1621847579.256619
988783.777976 1818981.224653 1621847579.256619
988783.777976 1818981.224653 1621847579.256619
988783.777976 1818981.224653 1621847579.256619
988783.777976 1818981.224653 1621847579.256619
988783.777976 1818981.224653 1621847579.256619
988783.777976 1818981.224653 1621847579.256619
988783.777976 1818981.224653 1621847579.256619
988783.777976 1818981.224653 1621847579.256619
988783.777976 1818981.224653 1621847579.256619
988783.777976 1818981.224653 1621847579.256619
988783.777976 1818981.224653 1621847579.256619
988783.777976 1818981.224653 1621847579.256619
988783.777976 1818981.224653 1621847579.256619
988783.777976 1818981.224653 1621847579.256619
988783.777976 1818981.224653 1621847579.256619
988783.777976 1818981.224653 1621847579.256619
988783.777976 1818981.224653 1621847579.256619
988783.777976 1818981.224653 1621847579.256619
988783.777976 1818981.224653 1621847579.256619
988783.777976 1818981.224653 1621847579.256619
988783.777976 1818981.224653 1621847579.256619
988783.777976 1818981.224653 1621847579.256619
988783.777976 1818981.224653 1621847579.256619
988783.777976 1818981.224653 1621847579.256619
988783.777976 1818981.224653 1621847579.256619
988783.777976 1818981.224653 1621847579.256619
988783.777976 1818981.224653 1621847579.256619
988783.777976 1818981.224653 1621847579.256619
988783.777976 1818981.224653 1621847579.256619
988783.777976 1818981.224653 1621847579.256619
988783.777976 1818981.224653 1621847579.256619
988783.777976 1818981.224653 1621847579.256619
988783.777976 1818981.224653 1621847579.256619
988783.777976 1818981.224653 1621847579.256619
988783.777976 1818981.224653 1621847579.256619
988783.777976 1818981.224653 1621847579.256619
988783.777976 1818981.224653 1621847579.256619
988788.772227 1818985.283373 1621847677.846749
988788.772227 1818985.283373 1621847677.846749
988788.772227 1818985.283373 1621847677.846749
988788.772227 1818985.283373 1621847677.846749
988788.772227 1818985.283373 1621847677.846749
988788.772227 1818985.283373 1621847677.846749
988788.772227 1818985.283373 1621847677.846749
988788.772227 1818985.283373 1621847677.846749
988788.772227 1818985.283373 1621847677.846749
988788.772227 1818985.283373 1621847677.846749
988788.772227 1818985.283373 1621847677.846749
988788.772227 1818985.283373 1621847677.846749
988788.772227 1818985.283373 1621847677.846749
988788.772227 1818985.283373 1621847677.846749
988788.772227 1818985.283373 1621847677.846749
988788.772227 1818985.283373 1621847677.846749
988788.772227 1818985.283373 1621847677.846749
988788.772227 1818985.283373 1621847677.846749
988788.772227 1818985.283373 1621847677.846749
988788.772227 1818985.283373 1621847677.846749
988788.772227 1818985.283373 1621847677.846749
988788.772227 1818985.283373 1621847677.846749
988788.772227 1818985.283373 1621847677.846749
988788.772227 1818985.283373 1621847677.846749
988788.772227 1818985.283373 1621847677.846749
988788.772227 1818985.283373 1621847677.846749
988788.772227 1818985.283373 1621847677.846749
988788.772227 1818985.283373 1621847677.846749
988788.772227 1818985.283373 1621847677.846749
988788.772227 1818985.283373 1621847677.846749
988788.772227 1818985.283373 1621847677.846749
988788.772227 1818985.283373 1621847677.846749
988788.772227 1818985.283373 1621847677.846749
988788.772227 1818985.283373 1621847677.846749
988788.772227 1818985.283373 1621847677.846749
988788.772227 1818985.283373 1621847677.846749
988788.772227 1818985.283373 1621847677.846749
988788.772227 1818985.283373 1621847677.846749
988788.772227 1818985.283373 1621847677.846749
988788.772227 1818985.283373 1621847677.846749
988788.772227 1818985.283373 1621847677.846749
988788.772227 1818985.283373 1621847677.846749
988788.772227 1818985.283373 1621847677.846749
988788.772227 1818985.283373 1621847677.846749
988810.311258 1819002.817053 1621847678.286884
989706.073651 1819340.484061 1621847678.628599
989718.692525 1819340.146291 1621847680.307321
989727.211748 1819340.055198 1621847681.306763
989736.826058 1819340.117079 1621847682.356235
989742.984184 1819340.150876 1621847683.005788
989756.629028 1819340.100213 1621847684.406734
989760.129668 1819340.07849 1621847684.75619
989774.49737 1819340.045288 1621847686.156123
989781.380854 1819340.076668 1621847686.806531
989801.015283 1819340.037924 1621847688.556273
989813.016694 1819340.029826 1621847689.556142
989822.263291 1819340.014884 1621847690.306537
989838.534039 1819340.056831 1621847691.60682
989848.013471 1819339.991302 1621847692.35572
989856.282013 1819339.892106 1621847693.006605
989865.214431 1819339.8228 1621847693.709011
989878.665893 1819339.764813 1621847694.756412
989883.154382 1819339.742771 1621847695.106924
989917.595265 1819339.50271 1621847697.756422
989926.794284 1819339.458421 1621847698.456383
989939.980945 1819339.423276 1621847699.45709
989953.032512 1819339.339355 1621847700.457164
989948.500383 1819339.362788 1621847700.106742
989978.102646 1819339.13516 1621847702.456413
989982.340403 1819339.112198 1621847702.80672
989994.226969 1819339.050612 1621847703.806411
990005.796784 1819339.033314 1621847704.806386
990029.67739 1819338.830075 1621847706.855757
990033.846566 1819338.758449 1621847707.215279
990054.401513 1819338.517572 1621847708.906791
990045.90997 1819338.58712 1621847708.213151
990071.67782 1819338.540713 1621847710.306808
990076.06022 1819338.560955 1621847710.656479
990096.957001 1819338.567083 1621847712.306688
990105.861586 1819338.54472 1621847713.00634
990157.128636 1819338.052242 1621847716.956979
990181.346214 1819337.802048 1621847718.708553
990176.411512 1819337.834071 1621847718.355858
990206.34173 1819337.968399 1621847720.456504
990211.403081 1819338.026606 1621847720.806392
990240.229398 1819338.252068 1621847722.806496
990250.041241 1819338.315445 1621847723.506673
990264.36437 1819338.436217 1621847724.555988
990282.755005 1819338.690221 1621847725.956284
990287.235037 1819338.776728 1621847726.306823
990304.261521 1819339.196459 1621847727.656463
990342.466262 1819340.24977 1621847730.709413
990350.301654 1819340.497633 1621847731.356275
990358.570037 1819340.754429 1621847732.056563
990362.114054 1819340.858646 1621847732.356468
990378.348889 1819341.310383 1621847733.708598
990416.818544 1819342.515911 1621847736.75586
990430.338065 1819342.952769 1621847737.806543
990438.599468 1819343.214818 1621847738.456723
990446.706591 1819343.465436 1621847739.106848
990451.005184 1819343.585921 1621847739.457062
990472.468163 1819344.11106 1621847741.218266
990489.93966 1819344.550367 1621847742.60651
990498.052946 1819344.825078 1621847743.256927
990516.979973 1819345.213829 1621847744.956261
990529.813156 1819345.530092 1621847746.306808
990532.862852 1819345.612552 1621847746.656287
990545.007731 1819345.953226 1621847748.356313
990559.976761 1819346.526637 1621847751.356275
990561.521098 1819346.595801 1621847751.707804
990570.020294 1819346.965997 1621847753.709311
990567.284682 1819346.857674 1621847753.056266
990571.625747 1819347.026901 1621847754.056236
990579.738585 1819347.306699 1621847755.80638
990581.134677 1819347.331983 1621847756.156199
990589.649723 1819347.430765 1621847758.806623
990590.600003 1819347.445162 1621847759.155198
990593.235496 1819347.57765 1621847760.216005
990596.009183 1819347.597529 1621847761.212561
990601.31944 1819347.91593 1621847762.557326
990599.715817 1819347.810132 1621847762.215217
990611.256489 1819348.632638 1621847764.606098
990614.649933 1819348.973564 1621847765.255765
990621.436079 1819347.811453 1621847766.656497
990622.789344 1819346.825943 1621847767.006155
990626.99917 1819338.115041 1621847768.708194
990627.435024 1819330.944364 1621847769.708015
990627.405956 1819325.661538 1621847770.35634
990627.270654 1819316.325394 1621847771.356279
990627.188327 1819309.520003 1621847772.006381
990627.159694 1819298.120448 1621847773.004505
990627.215669 1819285.739239 1621847774.006311
990627.255511 1819275.92245 1621847774.755862
990627.171949 1819257.374078 1621847776.106575
990627.03934 1819238.557275 1621847777.406292
990626.905796 1819218.21214 1621847778.756371
990626.874154 1819213.575026 1621847779.055845
990626.709328 1819186.567633 1621847780.756432
990626.722442 1819192.213023 1621847780.406547
990626.65442 1819164.487957 1621847782.105915
990626.562449 1819136.28017 1621847783.806197
990626.49444 1819117.862094 1621847784.906175
990626.454037 1819112.819342 1621847785.215044
990626.249866 1819094.310656 1621847786.306704
990626.009285 1819071.405583 1621847787.656245
990625.933917 1819059.578877 1621847788.356227
990625.906611 1819053.660772 1621847788.708932
990625.897539 1819047.737115 1621847789.056195
990625.869238 1819024.833448 1621847790.407296
990625.623506 1818978.721913 1621847793.107284
990625.454044 1818949.582671 1621847794.805817
990625.341111 1818932.326231 1621847795.806358
990625.31654 1818926.253602 1621847796.156238
990625.292579 1818920.186226 1621847796.506476
990625.328176 1818902.94855 1621847797.506845
990625.09467 1818878.117222 1621847798.955352
990624.596569 1818848.811243 1621847800.655947
990624.28366 1818831.371265 1621847801.656821
990623.769602 1818813.923833 1621847802.656551
990623.097996 1818796.566518 1621847803.656476
990622.37118 1818772.465712 1621847805.056544
990621.266384 1818744.00519 1621847806.756081
990620.769271 1818733.41268 1621847807.406724
990619.834375 1818711.899303 1621847808.755286
990619.597437 1818706.409044 1621847809.10629
990618.781061 1818684.917189 1621847810.507354
990618.570831 1818680.395043 1621847810.806314
990618.313768 1818675.157336 1621847811.155224
990617.589339 1818659.699527 1621847812.21895
990616.173935 1818630.670475 1621847814.25614
990615.633783 1818621.124713 1621847814.956011
990614.660034 1818598.606139 1621847816.708376
990614.500943 1818595.092101 1621847817.005658
990613.343373 1818580.012003 1621847818.406188
990612.669988 1818567.753714 1621847819.755343
990612.844991 1818570.745852 1621847819.406042
990612.518817 1818564.865815 1621847820.106252
990612.42644 1818553.844953 1621847821.50639
990612.558478 1818542.763024 1621847823.156029
990613.159969 1818532.34604 1621847824.85638
990613.206866 1818530.461462 1621847825.155987
990613.321539 1818528.193314 1621847825.506605
990614.424583 1818512.694825 1621847827.906428
990614.940249 1818508.016194 1621847828.606486
990615.595776 1818503.166403 1621847829.307078
990616.847927 1818492.882343 1621847830.709272
990616.532055 1818495.557545 1621847830.35602
990618.197057 1818482.27285 1621847832.056443
990619.782559 1818470.342368 1621847833.755531
990620.090441 1818468.122392 1621847834.106051
990620.668472 1818464.10852 1621847834.756003
990620.975063 1818461.940277 1621847835.106459
990622.203391 1818453.215866 1621847836.456028
990623.253358 1818445.89998 1621847837.506557
990624.053449 1818440.614173 1621847838.218054
990626.280644 1818422.821847 1621847840.217116
990629.405188 1818398.569021 1621847842.555211
990630.826289 1818387.172844 1621847843.605886
990632.356804 1818375.6323 1621847844.658767
990632.821586 1818371.774319 1621847845.006553
990634.31544 1818360.945982 1621847846.00657
990635.232481 1818354.116772 1621847846.655608
990636.249265 1818337.21303 1621847848.408415
990634.442787 1818328.936629 1621847849.456009
990631.13702 1818322.355658 1621847850.456216
990627.921192 1818318.478925 1621847851.155956
990626.023646 1818316.791068 1621847851.506088
990621.799515 1818314.003189 1621847852.218481
990614.718538 1818311.434657 1621847853.218636
990606.42941 1818310.602342 1621847854.256378
990585.79499 1818310.347706 1621847856.656206
990579.681155 1818310.071827 1621847857.356237
990582.756263 1818310.242492 1621847857.005868
990560.382387 1818308.210391 1621847859.656246
990557.787775 1818308.047993 1621847860.005906
990555.239491 1818307.904042 1621847860.356263
990527.296392 1818306.618979 1621847863.708413
990516.213955 1818305.924017 1621847864.755372
990520.034089 1818306.165664 1621847864.406052
990499.767178 1818304.991456 1621847866.156074
990495.412097 1818304.78178 1621847866.506411
990464.009035 1818304.363611 1621847868.855871
990472.851807 1818304.395101 1621847868.215207
990436.302563 1818304.558227 1621847870.856024
990445.357087 1818304.461934 1621847870.215902
990431.424686 1818304.61301 1621847871.215375
990374.153517 1818305.086735 1621847875.256029
990363.947318 1818305.125007 1621847875.956257
990338.109406 1818305.182866 1621847877.707675
990344.04808 1818305.185945 1621847877.306517
990307.352785 1818305.119278 1621847879.756045
990292.201616 1818305.142876 1621847880.75607
990297.497623 1818305.113225 1621847880.406206
990281.702227 1818305.221269 1621847881.455914
990225.035734 1818305.59083 1621847885.456019
990184.668565 1818305.634082 1621847888.506793
990179.997623 1818305.642903 1621847888.856114
990157.421097 1818305.721355 1621847890.55624
990152.753441 1818305.750924 1621847890.906294
990148.086476 1818305.775714 1621847891.256272
990134.77011 1818305.837134 1621847892.255932
990103.965214 1818306.120181 1621847894.655214
990099.021553 1818306.183753 1621847895.056007
990085.962051 1818306.363583 1621847896.105803
990081.518832 1818306.419925 1621847896.456069
990067.871677 1818306.604761 1621847897.506409
990053.746944 1818306.7823 1621847898.556111
990023.852089 1818307.118832 1621847900.65588
990008.697489 1818307.216091 1621847901.656122
989998.531069 1818307.249277 1621847902.30652
989987.30439 1818307.24779 1621847903.004508
989959.31489 1818307.199757 1621847904.7077
989942.591414 1818307.175164 1621847905.707389
989925.610577 1818307.191709 1621847906.707579
989919.594698 1818307.20142 1621847907.055826
989896.063842 1818307.276553 1621847908.405912
989872.920038 1818307.382233 1621847909.707482
989860.269241 1818307.443385 1621847910.404979
989866.613384 1818307.406577 1621847910.055785
989828.818524 1818307.602728 1621847912.106351
989816.585729 1818307.682507 1621847912.755958
989778.404402 1818307.889886 1621847914.756025
989764.892502 1818307.981319 1621847915.456856
989738.808178 1818308.106466 1621847916.805013
989751.369839 1818308.041668 1621847916.156195
989731.069423 1818308.121755 1621847917.214513
989711.675354 1818308.174096 1621847918.214905
989669.545423 1818308.226145 1621847920.355967
989648.738584 1818308.275228 1621847921.406166
989627.773527 1818308.359232 1621847922.456544
989613.705498 1818308.45069 1621847923.155031
989599.481723 1818308.596178 1621847923.856017
989592.299949 1818308.674634 1621847924.212657
989543.970315 1818308.973802 1621847926.506408
989528.819717 1818309.04901 1621847927.214545
989499.025198 1818309.185626 1621847928.555397
989490.055935 1818309.21789 1621847928.955242
989450.163674 1818309.369858 1621847930.705784
989426.963351 1818309.473119 1621847931.705986
989435.098001 1818309.434208 1621847931.354515
989395.557224 1818309.616046 1621847933.055161
989357.985427 1818309.771855 1621847934.705652
989350.209564 1818309.805992 1621847935.055338
989314.304577 1818309.945635 1621847936.706503
989328.29357 1818309.872273 1621847936.055428
989286.055057 1818310.018087 1621847938.055363
989278.933287 1818310.057715 1621847938.40439
989231.792815 1818310.379623 1621847940.855675
989213.681187 1818310.468203 1621847941.85718
989202.335504 1818310.50598 1621847942.506305
989179.553329 1818310.305589 1621847943.855368
989169.071401 1818310.508524 1621847944.506182
989158.343685 1818311.383793 1621847945.215934
989149.350027 1818311.573399 1621847945.855674
989128.805225 1818312.683279 1621847947.506157
989132.262755 1818312.426 1621847947.21651
989121.366963 1818313.298333 1621847948.216398
989098.269655 1818314.940978 1621847951.25609
989088.069822 1818315.072752 1621847952.906323
989090.008485 1818315.071549 1621847952.605934
989083.524392 1818315.046432 1621847953.60606
989078.921784 1818315.002753 1621847954.306398
989066.020894 1818314.922984 1621847956.708141
989063.009673 1818314.976815 1621847957.405883
989056.207084 1818315.751501 1621847958.755819
989058.205367 1818315.437413 1621847958.405403
989045.507816 1818317.545415 1621847960.455963
989040.458453 1818318.008753 1621847961.155896
989032.221622 1818318.131368 1621847962.218351
989029.300321 1818318.14274 1621847962.555212
989016.703606 1818318.197629 1621847963.955062
989006.508853 1818318.293391 1621847965.006006
989003.017271 1818318.327944 1621847965.355318
988978.165286 1818318.422596 1621847967.755141
988966.489743 1818318.463018 1621847968.806072
988958.323276 1818318.486828 1621847969.506257
988946.20811 1818318.559356 1621847970.506598
988950.498008 1818318.540324 1621847970.155531
988920.516793 1818318.54524 1621847972.555999
988916.767377 1818318.534289 1621847972.856738
988908.054832 1818318.513747 1621847973.55506
988883.601605 1818318.647026 1621847975.605836
988872.40499 1818318.712657 1621847976.606182
988868.531965 1818318.713919 1621847976.955997
988857.823289 1818318.788251 1621847977.955811
988830.684645 1818319.021331 1621847980.655986
988826.690701 1818319.041615 1621847981.056161
988813.229987 1818319.109294 1621847982.406157
988809.773426 1818319.107849 1621847982.756132
988789.349588 1818319.196977 1621847984.806252
988785.789175 1818319.231696 1621847985.155639
988767.907083 1818319.202523 1621847986.860454
988764.165343 1818319.209102 1621847987.217221
988749.882077 1818319.232765 1621847988.555819
988753.527844 1818319.249085 1621847988.217734
988738.729039 1818319.236125 1621847989.65591
988719.212721 1818319.41068 1621847991.707747
988713.344211 1818319.472995 1621847992.356014
988716.484169 1818319.437664 1621847992.006054
988698.088718 1818319.621779 1621847994.106771
988683.734085 1818319.681437 1621847995.855849
988681.365947 1818319.685878 1621847996.155127
988675.501417 1818319.715568 1621847996.906517
988672.790545 1818319.735061 1621847997.256109
988664.988438 1818319.838986 1621847998.306373
988654.572825 1818320.186672 1621847999.955074
988648.177649 1818320.44206 1621848001.656796
988645.927657 1818320.563932 1621848002.955074
988646.274997 1818320.53549 1621848002.656364
988645.462455 1818320.612255 1621848004.00571
988645.477565 1818320.644812 1621848005.05576
988645.485337 1818320.647248 1621848006.456153
988645.46094 1818320.662596 1621848007.455453
988645.457597 1818320.662332 1621848007.106542
988645.484897 1818320.657384 1621848009.105399
988645.4684 1818320.665162 1621848010.805905
988645.464351 1818320.668416 1621848010.105675
988645.472058 1818320.662226 1621848011.106128
988645.452964 1818320.647572 1621848012.10616
988645.42221 1818320.616155 1621848014.506176
988645.421575 1818320.617285 1621848014.155541
988645.428722 1818320.615638 1621848016.155849
988645.418479 1818320.614476 1621848017.155852
988645.394962 1818320.62067 1621848018.855665
988645.392797 1818320.622263 1621848019.155766
988645.356513 1818320.611973 1621848020.855796
988645.343625 1818320.610948 1621848021.555875
988645.332435 1818320.615469 1621848022.554971
988645.328312 1818320.614004 1621848022.905572
988645.324183 1818320.612509 1621848023.256124
988645.290897 1818320.605768 1621848024.25624
988645.222473 1818320.602026 1621848026.955217
988645.233397 1818320.6019 1621848026.257934
988645.214265 1818320.601156 1621848027.65546
988645.20288 1818320.60258 1621848028.708046
988645.18604 1818320.620129 1621848030.75587
988645.17052 1818320.621896 1621848031.756023
988645.165072 1818320.623078 1621848032.404343
988645.161581 1818320.611236 1621848033.754932
988645.163017 1818320.619145 1621848033.405968
988645.124551 1818320.605221 1621848037.405714
988645.118156 1818320.607587 1621848038.455094
988645.116502 1818320.605641 1621848038.805889
988645.110224 1818320.583567 1621848040.506283
988645.115935 1818320.587588 1621848042.155434
988644.929702 1818320.589404 1621848043.45583
988644.149915 1818320.60191 1621848044.506294
988641.947909 1818320.65831 1621848046.50626
988642.19128 1818320.649592 1621848046.215355
988640.308346 1818320.701983 1621848048.906706
988640.869934 1818320.692008 1621848048.256335
988639.90594 1818320.710853 1621848049.306203
988634.490064 1818320.843832 1621848052.005718
988636.562014 1818320.799551 1621848051.359564
988630.535963 1818320.940523 1621848053.005919
988628.880915 1818320.985773 1621848053.35536
988618.707775 1818321.357426 1621848055.00605
988605.778311 1818322.368282 1621848056.707909
988600.014702 1818323.014188 1621848057.405778
988588.461357 1818324.738764 1621848058.805972
988585.596718 1818325.266843 1621848059.15593
988572.317117 1818328.371153 1621848060.806083
988569.47826 1818329.172894 1621848061.155066
988554.592201 1818334.219913 1621848062.906495
988552.020268 1818335.230913 1621848063.214659
988540.282645 1818340.273587 1621848064.605802
988529.128914 1818345.845393 1621848065.954409
988515.139924 1818353.922538 1621848067.655766
988517.617878 1818352.401068 1621848067.355932
988497.276623 1818365.77829 1621848069.754838
988500.324424 1818363.655128 1621848069.405189
988482.601844 1818377.963726 1621848071.455554
988471.328051 1818389.625091 1621848072.805171
988468.404503 1818392.839694 1621848073.155735
988465.469384 1818396.113308 1621848073.5067
988451.059207 1818412.608505 1621848075.21225
988435.728657 1818430.668887 1621848076.955392
988438.839303 1818426.96735 1621848076.606135
988420.366516 1818449.284587 1621848078.65583
988417.158745 1818453.223895 1621848079.00589
988401.287515 1818472.769313 1621848080.707965
988404.599475 1818468.7044 1621848080.356011
988391.730523 1818484.492457 1621848081.707952
988375.023437 1818505.001257 1621848083.455642
988361.931234 1818520.914563 1621848084.856982
988359.131835 1818524.317021 1621848085.154521
988355.868433 1818528.278253 1621848085.506418
988334.507196 1818554.232144 1621848087.905696
988329.527043 1818560.521467 1621848088.554821
988332.138471 1818557.177622 1621848088.214354
988321.347184 1818573.163464 1621848089.955318
988318.547829 1818581.81557 1621848090.956606
988320.26829 1818593.962458 1621848092.355355
988325.825369 1818602.155576 1621848093.354523
988331.487662 1818608.059509 1621848094.106485
988334.349611 1818610.776331 1621848094.45579
988343.014232 1818618.451194 1621848095.455834
988365.326783 1818637.062438 1621848097.855827
988375.700512 1818645.65467 1621848098.906263
988382.784269 1818651.452008 1621848099.606022
988393.033279 1818659.867053 1621848100.605877
988396.117515 1818662.372193 1621848100.906013
988410.264579 1818673.930897 1621848102.256008
988424.623792 1818685.728978 1621848103.605392
988435.327722 1818694.462179 1621848104.604975
988449.197206 1818705.742647 1621848105.906364
988442.270643 1818700.112023 1621848105.255507
988471.443223 1818723.770667 1621848108.006125
988474.546239 1818726.287521 1621848108.306236
988488.146194 1818737.261679 1621848109.659562
988491.084211 1818739.613389 1621848109.95592
988494.457475 1818742.331306 1621848110.306133
988503.818799 1818749.913183 1621848111.306843
988521.802679 1818764.54419 1621848113.355824
988527.579808 1818769.262019 1621848114.05604
988535.445298 1818775.607204 1621848115.055935
988544.512631 1818783.101288 1621848116.406122
988550.647178 1818788.617351 1621848117.707594
988551.822644 1818789.585792 1621848118.055667
988554.329015 1818791.771986 1621848119.455584
988554.580096 1818791.98367 1621848120.155909
988554.618019 1818792.060435 1621848121.855858
988554.633418 1818792.075039 1621848121.506183
988554.591267 1818792.129673 1621848123.605981
988554.606374 1818792.173516 1621848124.606395
988554.593823 1818792.224786 1621848125.955647
988554.586268 1818792.226916 1621848126.306162
988554.59007 1818792.168258 1621848127.005833
988554.373356 1818791.757593 1621848128.055779
988554.339171 1818791.691579 1621848129.055802
988554.345701 1818791.72016 1621848129.405579
988554.377431 1818791.90966 1621848130.755181
988554.400009 1818791.995981 1621848132.805774
988554.400577 1818791.996425 1621848133.855794
988554.402395 1818791.997227 1621848134.556347
988554.403179 1818791.997849 1621848135.906008
988554.404666 1818791.999649 1621848135.218179
988554.390646 1818792.073327 1621848137.955032
988554.396596 1818792.037479 1621848137.605563
988554.426645 1818792.24062 1621848139.604983
988554.429043 1818792.286453 1621848140.955784
988554.430362 1818792.278525 1621848140.306545
988554.422852 1818792.313927 1621848141.605532
988554.409227 1818792.408912 1621848144.955809
988554.39398 1818792.404292 1621848146.707231
988554.391633 1818792.408524 1621848147.355776
988554.379139 1818792.439508 1621848149.405762
988554.37947 1818792.438552 1621848149.055748
988556.822088 1818794.502958 1621848151.755968
988563.037447 1818799.692777 1621848153.455642
988575.294973 1818809.661982 1621848155.506263
988582.419904 1818815.48666 1621848156.455936
988593.757469 1818824.967107 1621848157.805825
988596.895876 1818827.612346 1621848158.156792
988600.116508 1818830.319802 1621848158.506196
988616.945149 1818844.368808 1621848160.217297
988631.946452 1818856.783286 1621848161.605149
988647.294617 1818869.461922 1621848162.955596
988643.223996 1818866.10463 1621848162.60595
988671.54149 1818889.369901 1621848164.955119
988680.254128 1818896.535634 1621848165.655598
988693.476274 1818907.449707 1621848166.707488
988697.292582 1818910.608882 1621848167.005819
988714.637845 1818925.089566 1621848168.355868
988719.202397 1818928.862961 1621848168.707433
988723.802608 1818932.635865 1621848169.059762
988741.831154 1818947.317722 1621848170.405672
988751.300006 1818955.017866 1621848171.106163
988789.099335 1818986.008143 1621848173.856829
988779.409177 1818977.970953 1621848173.155142
988817.787492 1819009.845833 1621848175.906081
988832.698373 1819022.260139 1621848176.955773
988847.045216 1819034.138218 1621848177.955807
988852.093539 1819038.300679 1621848178.305534
988857.160851 1819042.44861 1621848178.655947
988882.100263 1819061.974859 1621848180.355743
988887.260936 1819065.705739 1621848180.707114
988897.522048 1819072.912737 1621848181.405853
988921.682421 1819089.327132 1621848183.106509
988939.561575 1819101.15376 1621848184.455753
988943.355007 1819103.66073 1621848184.755822
988951.972071 1819109.38076 1621848185.455974
988963.771764 1819117.191086 1621848186.456624
988982.275756 1819129.329595 1621848188.155861
988985.853009 1819131.770736 1621848188.506169
989004.701058 1819144.455745 1621848190.505932
989013.050942 1819150.012544 1621848191.505882
989018.082429 1819153.456385 1621848192.15583
989025.254218 1819158.330155 1621848193.155762
989036.840511 1819165.852187 1621848194.905867
989039.092279 1819167.284079 1621848195.25659
989041.006436 1819168.503429 1621848195.555715
989055.251695 1819178.133599 1621848197.65592
989059.87146 1819181.283151 1621848198.305604
989065.281252 1819184.916165 1621848199.055576
989072.645431 1819189.773015 1621848200.055608
989080.707831 1819195.10779 1621848201.106141
989092.067336 1819202.589088 1621848202.505872
989101.454175 1819208.730529 1621848203.605691
989110.79367 1819214.798786 1621848204.658155
989116.699192 1819218.650399 1621848205.306028
989119.893844 1819220.738988 1621848205.655778
989147.210017 1819239.070337 1621848208.708331
989150.422634 1819241.220116 1621848209.055664
989153.656359 1819243.374327 1621848209.405585
989172.94844 1819256.220714 1621848211.455826
989186.640907 1819265.246748 1621848212.855509
989193.545518 1819269.817308 1621848213.555705
989206.679062 1819278.631637 1621848214.906428
989216.022913 1819284.906397 1621848215.906083
989225.608866 1819291.323649 1621848216.955474
989228.374525 1819293.17287 1621848217.256098
989238.594888 1819299.985518 1621848218.355873
989241.361844 1819301.820847 1621848218.656033
989254.113757 1819310.123226 1621848220.055609
989263.84204 1819315.973755 1621848221.105753
989273.335123 1819321.471169 1621848222.155818
989288.681304 1819330.520711 1621848223.855575
989298.117059 1819336.416828 1621848224.905623
989304.856344 1819340.656056 1621848225.655511
989308.003265 1819342.622836 1621848226.005654
989322.509304 1819351.39955 1621848227.655594
989325.497554 1819353.161948 1621848228.005555
989336.456977 1819359.673624 1621848229.35568
989346.505859 1819365.392507 1621848230.655481
989351.843779 1819367.85003 1621848231.35566
989359.834411 1819369.948181 1621848232.405425
989366.908208 1819369.690682 1621848233.405601
989373.524603 1819365.56649 1621848234.707854
989375.508174 1819361.949709 1621848235.405543
989376.355089 1819353.198846 1621848236.70854
989376.312642 1819357.868354 1621848236.056524
989376.245056 1819347.487416 1621848237.406245
989376.093629 1819337.411053 1621848238.455553
989375.878079 1819326.290597 1621848239.455572
989375.499223 1819304.610485 1621848241.157716
989375.170969 1819284.171027 1621848242.605609
989375.121445 1819279.769458 1621848242.906208
989374.84852 1819253.012554 1621848244.655344
989374.762583 1819241.835365 1621848245.355717
989374.701103 1819236.158343 1621848245.708878
989374.625899 1819229.607555 1621848246.105794
989374.392919 1819212.185813 1621848247.155462
989373.734523 1819166.350132 1621848249.905407
989373.885804 1819177.995954 1621848249.214603
989373.459057 1819144.741472 1621848251.216959
989373.132845 1819121.757662 1621848252.60561
989373.031588 1819116.108107 1621848252.954971
989372.664718 1819093.68373 1621848254.355565
989372.538885 1819083.393564 1621848255.005062
989372.30784 1819066.298904 1621848256.105581
989372.019146 1819046.57508 1621848257.455502
989371.81117 1819030.154407 1621848258.805686
989371.830183 1819034.064111 1621848258.455378
989371.45126 1819012.648895 1621848260.855279
989370.43484 1819008.477617 1621848261.555628
989368.155541 1819004.533176 1621848262.305825
989361.309047 1819000.065658 1621848263.604854
989363.17483 1819000.814929 1621848263.305464
989347.7894 1818996.850285 1621848265.35616
989338.766539 1818994.633914 1621848266.356332
989325.287746 1818990.962792 1621848267.755532
989318.781718 1818989.053776 1621848268.404028
989315.24913 1818987.990756 1621848268.754869
989311.67584 1818986.90433 1621848269.105841
989293.389773 1818981.072818 1621848270.85565
989285.89832 1818978.598869 1621848271.555829
989259.577268 1818969.907132 1621848273.955095
989255.761386 1818968.668367 1621848274.305079
989240.540445 1818963.679745 1621848275.707453
989236.642548 1818962.400366 1621848276.055836
989233.276379 1818961.294965 1621848276.355704
989214.011255 1818954.920752 1621848278.05567
989195.689137 1818948.842601 1621848279.707783
989202.934598 1818951.228949 1621848279.055744
989141.797811 1818929.870528 1621848285.455361
989143.804045 1818930.684454 1621848285.056357
989136.934455 1818927.879006 1621848287.855617
989136.83986 1818927.846752 1621848288.154737
989136.746809 1818927.818216 1621848288.505935
989136.440252 1818927.693264 1621848289.555986
989136.096198 1818927.513145 1621848290.255114
989135.344113 1818927.263424 1621848291.557127
989135.326134 1818927.232691 1621848294.955899
989135.334915 1818927.243171 1621848296.30565
989135.326246 1818927.267381 1621848297.655532
989135.335621 1818927.26199 1621848297.305818
989135.337006 1818927.222574 1621848300.404499
989135.23673 1818927.175916 1621848301.455297
989135.286276 1818927.197616 1621848301.105402
989135.196005 1818927.122661 1621848303.105416
989135.211017 1818927.135492 1621848304.805344
989135.234921 1818927.143204 1621848305.455478
989135.270286 1818927.147456 1621848306.105734
989135.288914 1818927.118855 1621848307.805486
989135.284931 1818927.105847 1621848308.105747
989135.287711 1818927.099104 1621848308.455543
989135.42219 1818927.069519 1621848312.855707
989135.431463 1818927.061843 1621848313.15609
989135.484969 1818927.016198 1621848318.855656
989135.489294 1818927.010534 1621848319.855314
989135.485669 1818927.004103 1621848320.855522
989135.483796 1818927.001571 1621848321.214399
989135.484807 1818926.998033 1621848322.554779
989135.485502 1818927.001539 1621848323.855407
989135.487908 1818927.002291 1621848324.214173
989135.487875 1818926.989322 1621848325.555487
989135.493635 1818926.987062 1621848326.555392
989135.501268 1818926.990645 1621848327.215347
989135.507989 1818926.99076 1621848328.855396
989135.50754 1818926.989965 1621848329.214236
989135.508261 1818926.988116 1621848329.905169
989135.51943 1818926.987802 1621848330.905453
989135.50912 1818926.992233 1621848332.604479
989135.474969 1818926.982052 1621848333.305824
989135.187239 1818926.872974 1621848334.30538
989134.419917 1818926.566039 1621848335.655376
989133.79373 1818926.303691 1621848336.305572
989133.408176 1818926.13851 1621848336.655931
989131.200573 1818925.206186 1621848338.305958
989127.583768 1818923.571724 1621848339.655207
989126.11748 1818922.88228 1621848340.004498
989121.358792 1818920.605529 1621848341.005347
989111.740958 1818916.007374 1621848342.655193
989109.453347 1818914.912293 1621848343.005415
989102.555987 1818911.520207 1621848344.005334
989091.930122 1818906.079817 1621848345.404521
989089.116044 1818904.624974 1621848345.755568
989072.793508 1818896.039139 1621848347.755412
989067.852497 1818893.392659 1621848348.404415
989060.871379 1818889.515786 1621848349.404546
989056.658377 1818887.09181 1621848350.055199
989048.318913 1818882.164399 1621848351.404423
989042.118718 1818878.394451 1621848352.455238
989036.583414 1818874.9475 1621848353.45541
989034.959395 1818873.949636 1621848353.755345
989023.668784 1818867.201266 1621848355.805737
989017.921665 1818863.713958 1621848356.805358
989019.963137 1818864.967754 1621848356.455206
989015.844702 1818862.424195 1621848357.155656
989007.646441 1818857.237052 1621848358.505715
989001.997413 1818853.623643 1621848359.555534
988996.572899 1818850.134983 1621848360.955459
988992.5885 1818847.554158 1621848362.306036
988988.935385 1818845.248807 1621848363.707741
988987.313898 1818844.213422 1621848364.355868
988984.73907 1818842.600998 1621848365.404813
988982.419131 1818841.082322 1621848366.405245
988979.263603 1818839.106421 1621848367.805199
988978.601917 1818838.622124 1621848368.156318
988976.882007 1818837.468955 1621848369.155332
988975.886117 1818836.830696 1621848369.805427
988975.408092 1818836.529576 1621848370.155426
988974.16223 1818835.754298 1621848371.556348
988973.835669 1818835.518769 1621848372.255916
988973.46559 1818835.114824 1621848374.70758
988973.483134 1818835.130839 1621848375.707208
988973.472151 1818835.139336 1621848376.055473
988973.635165 1818835.095964 1621848377.756046
988973.745071 1818835.07146 1621848378.455522
988973.798091 1818835.05499 1621848379.505449
988973.928245 1818835.000854 1621848380.805451
988973.867413 1818835.01704 1621848381.155719
988973.660519 1818835.096695 1621848382.505496
988973.638067 1818835.097051 1621848383.155695
988973.617437 1818835.099654 1621848383.505384
988973.586216 1818835.105891 1621848384.555623
988973.498618 1818835.112895 1621848385.90565
988973.291477 1818835.125239 1621848387.555059
988973.247331 1818835.145584 1621848388.255512
988973.254789 1818835.14276 1621848388.555509
988973.242902 1818835.131227 1621848389.955489
988973.20212 1818835.113043 1621848391.355477
988973.19374 1818835.096798 1621848392.805516
988973.197059 1818835.090201 1621848393.855231
988973.196232 1818835.089965 1621848394.15538
988973.194645 1818835.095184 1621848394.505805
988973.188747 1818835.108989 1621848395.905341
988973.188297 1818835.108968 1621848396.255843
988973.204749 1818835.103625 1621848399.305307
988973.206492 1818835.104657 1621848400.355272
988973.206646 1818835.10522 1621848400.655727
988973.206123 1818835.104509 1621848402.707538
988973.203816 1818835.102694 1621848403.405365
988973.2047 1818835.102839 1621848404.055066
988973.2052 1818835.103106 1621848404.405452
988973.211542 1818835.10951 1621848407.755602
988973.209824 1818835.108556 1621848408.805279
988973.205761 1818835.105714 1621848409.155671
988973.209768 1818835.108871 1621848410.505641
988973.210845 1818835.109352 1621848410.855267
988973.219937 1818835.116678 1621848413.605345
988973.212544 1818835.112908 1621848414.905282
988973.216418 1818835.116462 1621848414.255272
988973.220604 1818835.116668 1621848416.255367
988973.220367 1818835.11567 1621848417.655247
988973.17879 1818835.107556 1621848418.656146
988973.128735 1818835.101805 1621848419.405196
988973.129223 1818835.102367 1621848419.755794
988973.123951 1818835.098768 1621848421.805352
988973.126845 1818835.100522 1621848422.455802
988973.124522 1818835.099627 1621848422.106081
988973.123044 1818835.097828 1621848424.217043
988973.05479 1818835.065882 1621848425.955398
988973.052311 1818835.060575 1621848426.255454
988973.071847 1818835.016095 1621848427.655402
988973.05315 1818834.995522 1621848428.355696
988973.04854 1818834.981946 1621848429.755595
988973.047762 1818834.981019 1621848429.404257
988973.059435 1818834.976805 1621848431.805329
988973.053639 1818834.967539 1621848432.505162
988973.027132 1818834.95706 1621848433.211432
988973.027173 1818834.925525 1621848434.556052
988973.02541 1818834.899131 1621848435.555542
988973.022966 1818834.891761 1621848435.905242
988973.03497 1818834.863401 1621848436.90532
988973.021189 1818834.813931 1621848438.905187
988973.022026 1818834.819671 1621848438.55558
988973.021107 1818834.809026 1621848440.213829
988973.016318 1818834.803718 1621848441.305163
988973.015538 1818834.772888 1621848442.355534
988973.018334 1818834.769507 1621848443.355713
988973.034084 1818834.74416 1621848444.707252
988973.020031 1818834.731891 1621848445.706927
988973.002882 1818834.721886 1621848446.355841
988973.013903 1818834.704834 1621848447.707275
988973.015074 1818834.698122 1621848448.055136
988973.016249 1818834.698015 1621848449.355858
988973.006153 1818834.690579 1621848450.355481
988973.001107 1818834.686432 1621848451.055032
988973.006803 1818834.672022 1621848452.055181
988973.013781 1818834.651873 1621848453.804439
988973.018333 1818834.645466 1621848454.505505
988973.02757 1818834.645385 1621848455.60486
988973.026829 1818834.645648 1621848456.305307
988973.024621 1818834.634972 1621848457.355347
988973.025679 1818834.632154 1621848457.707215
988972.362216 1818834.190513 1621848459.454884
988970.605323 1818833.053051 1621848460.805261
988971.164125 1818833.41022 1621848460.50527
988966.661527 1818830.533231 1621848462.155742
988961.429627 1818827.179482 1621848463.505042
988958.527575 1818825.252455 1621848464.156343
988953.598081 1818821.947733 1621848465.155539
988945.831447 1818816.726258 1621848466.555759
988947.862161 1818818.08944 1621848466.213642
988942.024521 1818814.14263 1621848467.210626
988930.117965 1818805.777776 1621848469.306943
988924.176213 1818801.405023 1621848470.355591
988922.190031 1818799.93068 1621848470.707698
988910.257397 1818790.776263 1621848472.755533
988906.485493 1818787.76114 1621848473.405406
988908.227834 1818789.161406 1621848473.107299
988891.873233 1818775.712263 1621848475.8553
988896.043426 1818779.201102 1621848475.155446
988880.788794 1818766.043363 1621848477.905704
988879.348022 1818764.731725 1621848478.216975
988874.70715 1818760.733962 1621848479.217116
988873.134658 1818759.304777 1621848479.555844
988866.774578 1818753.474571 1621848480.955523
988863.842293 1818750.647055 1621848481.656946
988859.990804 1818746.866624 1621848482.655117
988853.624883 1818740.624429 1621848484.355837
988852.399129 1818739.359484 1621848484.707198
988847.852574 1818734.534328 1621848486.055091
988843.826865 1818730.139553 1621848487.355304
988840.553707 1818726.565497 1621848488.755485
988838.754105 1818724.654353 1621848489.805515
988838.274235 1818724.14493 1621848490.105968
988835.771264 1818721.505392 1621848491.855806
988834.961541 1818720.659531 1621848492.506294
988833.581664 1818719.22797 1621848493.85548
988832.928272 1818718.566238 1621848494.855307
988833.351511 1818718.993121 1621848494.155946
988832.785648 1818718.423055 1621848495.218121
988832.743293 1818718.400367 1621848500.905759
988832.747023 1818718.389865 1621848501.255602
988832.817594 1818718.416914 1621848502.90547
988832.809549 1818718.417018 1621848502.604463
988832.868951 1818718.428532 1621848504.255476
988832.79294 1818718.442818 1621848505.905365
988832.813527 1818718.447136 1621848505.255198
988832.775742 1818718.459702 1621848507.605257
988832.758188 1818718.475328 1621848508.257675
988832.757807 1818718.474221 1621848508.604739
988832.752658 1818718.472529 1621848510.65524
988832.746315 1818718.462628 1621848511.005456
988832.742854 1818718.454959 1621848511.35542
988832.71688 1818718.416067 1621848514.405381
988832.706368 1818718.393739 1621848515.055071
988832.723053 1818718.362888 1621848516.405207
988832.70163 1818718.353761 1621848517.755489
988832.707782 1818718.356899 1621848517.40518
988832.681467 1818718.365426 1621848519.805095
988832.668519 1818718.383825 1621848520.90547
988832.673233 1818718.377245 1621848520.505432
988832.642148 1818718.404804 1621848522.255174
988832.641149 1818718.406071 1621848522.604387
988832.615293 1818718.437708 1621848524.655348
988832.600748 1818718.442873 1621848525.005308
988832.593002 1818718.448946 1621848525.355502
988832.585392 1818718.51045 1621848527.755747
988832.586394 1818718.517439 1621848528.105061
988832.587102 1818718.52235 1621848528.405172
988832.577718 1818718.553721 1621848530.804231
988832.575362 1818718.556295 1621848531.155048
988832.571555 1818718.562149 1621848531.855199
988832.572381 1818718.569163 1621848532.855186
988832.572667 1818718.577777 1621848534.555384
988832.583214 1818718.585667 1621848535.855203
988832.57739 1818718.588766 1621848536.905119
988832.575895 1818718.597317 1621848537.604555
988832.579343 1818718.608625 1621848538.30646
988832.578592 1818718.609141 1621848538.655002
988832.578541 1818718.604762 1621848539.706609
988832.599736 1818718.609113 1621848541.855033
988832.60264 1818718.613713 1621848542.905447
988832.603221 1818718.611055 1621848542.155326
988832.615974 1818718.622113 1621848544.604042
988832.618557 1818718.620686 1621848545.955389
988832.62096 1818718.6225 1621848545.305682
988832.626668 1818718.630276 1621848546.655574
988832.642279 1818718.64494 1621848548.055075
988832.641819 1818718.645261 1621848549.105155
988832.639272 1818718.624948 1621848550.805454
988832.631941 1818718.626865 1621848551.505029
988832.620161 1818718.63501 1621848552.905144
988832.615777 1818718.629528 1621848553.60518
988832.613571 1818718.625018 1621848554.254986
988832.610546 1818718.622973 1621848554.655168
988832.605504 1818718.6339 1621848556.354589
988832.598588 1818718.634917 1621848556.706738
988832.595545 1818718.648469 1621848558.355602
988832.587373 1818718.651276 1621848559.354703
988832.589704 1818718.66087 1621848560.354687
988832.589565 1818718.662878 1621848561.004061
988832.590667 1818718.664801 1621848561.355482
988832.598392 1818718.673665 1621848562.755262
988832.608688 1818718.692404 1621848564.803959
988832.608241 1818718.693691 1621848565.504945
988832.615245 1818718.69498 1621848566.555773
988832.616773 1818718.705894 1621848567.905045
988832.625038 1818718.705328 1621848568.905066
988832.618944 1818718.7108 1621848568.213665
988832.605507 1818718.719313 1621848570.60445
988832.607197 1818718.734798 1621848573.255145
988832.604869 1818718.749369 1621848573.955321
988832.604843 1818718.756082 1621848574.304682
988832.604802 1818718.757614 1621848576.304994
988832.601319 1818718.755689 1621848576.654938
988832.595869 1818718.753664 1621848577.305052
988832.608812 1818718.768565 1621848579.355479
988832.624823 1818718.779576 1621848580.055118
988832.618394 1818718.796545 1621848581.706577
988832.624023 1818718.809371 1621848582.707314
988832.621711 1818718.807778 1621848583.355522
988832.61745 1818718.807419 1621848583.706574
988832.065582 1818718.268139 1621848587.455366
988832.197129 1818718.401876 1621848587.104862
988819.684901 1818705.087129 1621848592.555481
988815.908219 1818701.0257 1621848593.255773
988805.641276 1818689.972433 1621848594.955146
988803.667994 1818687.886844 1621848595.257665
988798.595104 1818682.462712 1621848596.004217
988789.494986 1818672.852841 1621848597.305151
988784.634457 1818667.631185 1621848598.004091
988782.597512 1818665.426427 1621848598.305129
988767.525916 1818649.156478 1621848600.655162
988749.083417 1818629.399206 1621848604.055001
988741.804325 1818621.481913 1621848605.804965
988737.90615 1818617.162734 1621848606.855264
988736.763852 1818615.821401 1621848607.216598
988733.831426 1818612.506203 1621848608.255215
988731.825056 1818610.642001 1621848609.004002
988730.99101 1818609.83116 1621848609.355033
988727.743453 1818606.601769 1621848611.055766
988725.943052 1818604.764759 1621848612.707294
988725.695045 1818604.544607 1621848613.405013
988725.630852 1818604.520562 1621848614.404963
988725.427792 1818604.561035 1621848615.707439
988725.369565 1818604.569518 1621848616.055153
988725.315627 1818604.587387 1621848616.755415
988725.300565 1818604.595276 1621848617.054929
988725.154342 1818604.598027 1621848619.455158
988725.061042 1818604.581642 1621848620.555296
988725.003563 1818604.577197 1621848621.555405
988725.023353 1818604.57206 1621848621.217523
988724.876367 1818604.584866 1621848623.605188
988724.835508 1818604.580422 1621848624.305116
988724.789902 1818604.560304 1621848625.355334
988724.776115 1818604.554469 1621848626.005481
988724.768148 1818604.550252 1621848626.355474
988724.700883 1818604.528429 1621848628.405205
988724.701565 1818604.528844 1621848628.755268
988724.7001 1818604.540222 1621848630.805162
988724.69461 1818604.531649 1621848631.505082
988724.68254 1818604.521977 1621848632.905183
988724.682316 1818604.521252 1621848633.217547
988724.690369 1818604.522268 1621848634.955159
988724.68461 1818604.515775 1621848635.604004
988724.68814 1818604.517842 1621848635.305318
988724.654087 1818604.513171 1621848637.707488
988724.650325 1818604.513323 1621848638.004145
988724.648642 1818604.513262 1621848638.75565
988724.633088 1818604.517184 1621848640.805037
988724.621907 1818604.528847 1621848641.805086
988724.60952 1818604.532968 1621848642.504894
988724.586555 1818604.552124 1621848643.855163
988724.597644 1818604.535161 1621848643.155361
988724.549141 1818604.57099 1621848645.90503
988724.536306 1818604.574417 1621848646.555315
988724.521296 1818604.580568 1621848647.954493
988724.518993 1818604.582262 1621848648.304997
988724.521898 1818604.582 1621848648.654933
988724.529435 1818604.592142 1621848650.707184
988724.527139 1818604.588369 1621848650.355393
988724.531432 1818604.595612 1621848651.054859
988724.543798 1818604.623369 1621848653.155526
988724.556139 1818604.640519 1621848654.804932
988724.562354 1818604.647305 1621848655.15468
988724.582002 1818604.655 1621848656.505353
988724.600341 1818604.661735 1621848657.21126
988724.611861 1818604.678248 1621848658.904974
988724.614127 1818604.681532 1621848659.904917
988724.614041 1818604.687545 1621848661.004843
988724.616023 1818604.692881 1621848661.655537
988724.617755 1818604.69708 1621848662.355647
988724.614473 1818604.693364 1621848662.707632
988724.610226 1818604.689927 1621848663.404755
988724.612466 1818604.695874 1621848664.10507
988724.6193 1818604.689187 1621848666.504873
988724.634006 1818604.683287 1621848667.854926
988724.629502 1818604.67369 1621848668.21225
988723.914879 1818603.897259 1621848669.905011
988722.578304 1818602.473577 1621848670.954992
988720.938174 1818600.746187 1621848671.654826
988721.813883 1818601.668838 1621848671.305079
988717.791745 1818597.416833 1621848672.706907
988715.347854 1818594.820726 1621848673.404735
988711.604629 1818590.830674 1621848674.455029
988707.937115 1818586.85574 1621848675.455239
988699.284839 1818577.439396 1621848677.45493
988695.859863 1818573.71865 1621848678.155385
988690.70706 1818568.126706 1621848679.15453
988683.011454 1818559.866599 1621848680.555503
988678.79268 1818555.410509 1621848681.25721
988672.418548 1818548.566824 1621848682.255034
988662.959304 1818538.56038 1621848683.654668
988660.848224 1818536.346928 1621848683.955519
988648.587789 1818523.301553 1621848685.707392
988646.186834 1818520.760848 1621848686.054856
988635.017801 1818508.894593 1621848687.75538
988636.958299 1818510.93576 1621848687.454929
988621.368016 1818494.987145 1621848689.905021
988614.807085 1818488.360521 1621848690.95547
988612.963356 1818486.519552 1621848691.255364
988598.982801 1818473.000307 1621848693.654808
988595.029635 1818469.351163 1621848694.355405
988589.149522 1818464.153004 1621848695.405202
988587.421052 1818462.685202 1621848695.707419
988579.098828 1818455.325916 1621848697.055131
988576.759704 1818453.156466 1621848697.404582
988572.213347 1818448.838305 1621848698.054929
988564.392656 1818441.185591 1621848699.10492
988556.411607 1818433.366732 1621848700.104982
988541.774289 1818418.896149 1621848701.85491
988530.358837 1818407.317684 1621848703.255614
988518.520178 1818395.627251 1621848704.955791
988520.732311 1818397.744958 1621848704.604737
988509.579263 1818388.146707 1621848706.655087
988506.551872 1818386.252985 1621848707.357202
988504.258862 1818385.047935 1621848708.004911
988502.600342 1818384.319893 1621848708.707669
988502.089693 1818384.117998 1621848709.054878
988501.334905 1818383.799243 1621848710.155608
988501.338172 1818383.759894 1621848712.212345
988500.151389 1818383.340508 1621848713.954595
988498.759637 1818382.942101 1621848714.655148
988496.2829 1818382.430269 1621848715.355315
988493.167603 1818382.1168 1621848716.004058
988487.989825 1818382.421493 1621848717.004934
988482.125723 1818384.166913 1621848718.004015
988463.796112 1818398.509451 1621848720.706714
988461.303156 1818401.135709 1621848721.054787
988455.880601 1818407.1916 1621848721.804124
988442.635881 1818422.791646 1621848723.505142
988445.483644 1818419.405212 1621848723.155345
988422.366198 1818446.489818 1621848725.855344
988412.693365 1818458.168948 1621848726.955633
988406.916667 1818465.212857 1621848727.605642
988400.628685 1818472.870186 1621848728.30512
988391.544361 1818483.892948 1621848729.305453
988376.630714 1818502.021658 1621848730.955392
988370.926582 1818509.035732 1621848731.604969
988362.33803 1818519.666268 1621848732.603909
988359.366562 1818523.337628 1621848732.955491
988345.230373 1818540.657716 1621848734.654663
988348.062391 1818537.211238 1621848734.304891
988317.99327 1818585.180887 1621848740.304924
988321.442831 1818594.885372 1621848741.706794
988324.758298 1818599.020551 1621848742.354965
988333.368844 1818607.087952 1621848743.706241
988329.08769 1818603.294994 1621848743.055308
988345.773227 1818617.378339 1621848745.454603
988350.614858 1818621.455394 1621848746.104793
988353.213994 1818623.770625 1621848746.454672
988361.001329 1818631.188328 1621848747.505324
988374.718862 1818644.268057 1621848749.255495
988383.521294 1818652.104739 1621848750.304911
988386.440553 1818654.806391 1621848750.655236
988403.663466 1818671.052478 1621848752.706502
988406.719765 1818673.792622 1621848753.054885
988416.08238 1818681.957124 1621848754.104807
988419.260872 1818684.650416 1621848754.455268
988437.317895 1818699.655261 1621848756.505018
988455.858258 1818714.821462 1621848758.804116
988458.87017 1818717.308087 1621848759.214019
988468.252863 1818725.049661 1621848760.505049
