988508.401417 1818754.554121 1620288187.856148
988506.116904 1818752.65863 1620288187.655451
988548.409869 1818786.906328 1620288191.307849
988550.747036 1818788.790593 1620288191.505088
988574.946566 1818808.398096 1620288193.555722
988577.308605 1818810.38437 1620288193.755873
988602.189087 1818831.223218 1620288195.805752
988604.712124 1818833.317108 1620288196.005727
988615.59677 1818842.321843 1620288196.855481
988628.840048 1818853.149694 1620288197.856206
988631.547659 1818855.345937 1620288198.056169
988665.854659 1818883.416886 1620288200.506479
988680.143441 1818895.284828 1620288201.505845
988691.678024 1818904.854254 1620288202.305916
988706.211128 1818916.898649 1620288203.305786
988709.120958 1818919.320057 1620288203.505071
988739.113506 1818944.121374 1620288205.555846
988736.177954 1818941.694124 1620288205.355871
988772.328354 1818971.484307 1620288207.805887
988775.27915 1818973.931828 1620288208.005781
988796.804535 1818991.652285 1620288209.45626
988805.687051 1818999.000552 1620288210.056108
988833.160052 1819021.626697 1620288211.905742
988839.159644 1819026.50323 1620288212.305728
988842.159002 1819028.945802 1620288212.505032
988873.015486 1819053.932677 1620288214.555685
988888.457652 1819065.672526 1620288215.556193
988885.335467 1819063.357871 1620288215.356965
988940.707858 1819101.663917 1620288218.806107
988937.460994 1819099.497508 1620288218.607482
988999.014971 1819140.335389 1620288222.456375
989002.171082 1819142.41249 1620288222.656184
989066.879192 1819185.62322 1620288227.056475
989079.955801 1819194.356659 1620288228.115336
989082.239728 1819195.877363 1620288228.305663
989098.179139 1819206.600954 1620288229.956063
989112.794216 1819216.522171 1620288232.406095
989113.509452 1819217.011243 1620288232.60753
989116.62606 1819219.238003 1620288234.856168
989116.621414 1819219.248338 1620288235.056372
989116.841695 1819218.881757 1620288238.116214
989116.833036 1819218.894547 1620288238.907061
989116.829957 1819218.89513 1620288240.556539
989116.834309 1819218.891984 1620288241.35558
989116.826008 1819218.897326 1620288242.555786
989116.888645 1819218.801657 1620288243.55591
989116.870762 1819218.826909 1620288244.355845
989116.828159 1819218.899992 1620288245.555748
989116.827366 1819218.900361 1620288245.355925
989116.830883 1819218.898785 1620288246.405819
989116.829864 1819218.89766 1620288247.806527
989116.830182 1819218.895848 1620288248.806272
989116.829949 1819218.890975 1620288250.905788
989116.829848 1819218.892034 1620288250.655205
989117.831964 1819219.517383 1620288252.906088
989120.113333 1819220.950614 1620288253.905851
989118.14251 1819219.712941 1620288253.116065
989124.012186 1819223.417546 1620288254.905864
989124.907992 1819223.980987 1620288255.115316
989141.821735 1819235.041551 1620288257.955842
989146.327975 1819238.018647 1620288258.55684
989144.790196 1819237.002896 1620288258.355925
989154.934574 1819243.743582 1620288259.60758
989196.861572 1819272.042875 1620288263.855614
989194.693438 1819270.576682 1620288263.65587
989201.235611 1819274.996708 1620288264.256583
989228.915828 1819293.605202 1620288266.705119
989261.656026 1819315.382693 1620288269.555757
989270.44076 1819321.235648 1620288270.356319
989281.16981 1819328.364562 1620288271.355722
989283.278782 1819329.760081 1620288271.556564
989291.944201 1819335.483497 1620288272.406299
989310.074535 1819347.513917 1620288274.606859
989308.710524 1819346.613475 1620288274.406077
989317.897808 1819352.773852 1620288276.056158
989321.117399 1819354.923942 1620288277.055057
989322.60449 1819355.90345 1620288278.056059
989322.77174 1819356.007124 1620288279.055804
989322.788417 1819355.994454 1620288279.856276
989322.799358 1819355.981148 1620288280.455965
989322.838022 1819355.912989 1620288282.905802
989322.846419 1819355.889436 1620288283.905983
989322.848421 1819355.88368 1620288284.113362
989322.853951 1819355.865118 1620288285.555509
989322.854024 1819355.861577 1620288286.35557
989322.852888 1819355.859587 1620288287.005756
989322.79978 1819355.949772 1620288288.455249
989322.797286 1819355.945055 1620288289.905985
989322.797407 1819355.944267 1620288290.115781
989322.798232 1819355.94758 1620288291.355716
989322.793188 1819355.943214 1620288292.405944
989322.790361 1819355.943613 1620288293.856241
989322.791012 1819355.943652 1620288294.856342
989322.789048 1819355.943189 1620288294.056091
989322.788421 1819355.945409 1620288297.505707
989322.787581 1819355.9443 1620288297.304636
989322.795363 1819355.949053 1620288304.555772
989322.794986 1819355.948563 1620288305.355661
989322.797845 1819355.950195 1620288306.555624
989322.797915 1819355.95095 1620288307.555598
989322.79759 1819355.950746 1620288307.355619
989322.79963 1819355.953047 1620288309.607421
989322.799402 1819355.953087 1620288309.405412
989322.800577 1819355.955538 1620288311.005375
989323.642044 1819356.505276 1620288313.855805
989323.86638 1819356.649233 1620288314.056091
989325.185728 1819357.51432 1620288315.115258
989326.234245 1819358.2124 1620288315.905765
989328.907434 1819359.975397 1620288317.305501
989339.026626 1819366.500818 1620288319.955596
989340.103482 1819367.171133 1620288320.155951
989349.895903 1819372.974642 1620288321.755638
989355.543688 1819375.870557 1620288322.556382
989363.311668 1819379.112346 1620288323.555711
989369.996137 1819381.218623 1620288324.356645
989371.734945 1819381.663902 1620288324.556084
989390.770321 1819384.36297 1620288326.606623
989392.747116 1819384.447593 1620288326.805638
989425.442902 1819381.773804 1620288329.856153
989427.784498 1819381.353055 1620288330.054816
989432.564575 1819380.475943 1620288330.455117
989493.490616 1819368.364564 1620288335.114501
989504.556028 1819366.132886 1620288335.905824
989524.640493 1819362.117572 1620288337.355394
989541.847458 1819358.726832 1620288338.605922
989552.274352 1819356.663444 1620288339.35554
989549.479935 1819357.226753 1620288339.155524
989602.566244 1819347.55218 1620288342.855749
989611.438097 1819346.299148 1620288343.455863
989631.942253 1819343.99069 1620288344.857482
989634.839445 1819343.722887 1620288345.055816
989661.482826 1819341.884415 1620288346.955302
989663.484484 1819341.791476 1620288347.117668
989681.587815 1819341.297842 1620288348.607447
989690.367422 1819341.204327 1620288349.456011
989699.166775 1819341.011785 1620288350.455899
989700.802482 1819340.931481 1620288350.656093
989714.283435 1819340.006249 1620288352.655385
989716.605582 1819339.910644 1620288353.057154
989724.933609 1819339.765359 1620288354.90682
989725.419663 1819339.763347 1620288355.056178
989726.686599 1819339.749466 1620288355.505803
989728.422519 1819339.912406 1620288356.556292
989728.702348 1819340.185866 1620288358.555567
989728.704392 1819340.17793 1620288359.355293
989728.703939 1819340.150258 1620288360.555471
989728.704078 1819340.133566 1620288361.155537
989728.704386 1819340.130513 1620288361.355594
989728.709904 1819340.112358 1620288365.606475
989728.714797 1819340.100514 1620288365.40571
989728.699519 1819340.136811 1620288367.855834
989728.700772 1819340.134703 1620288368.655823
989728.699989 1819340.135589 1620288368.455145
989728.697065 1819340.135038 1620288370.11604
989728.697967 1819340.134187 1620288370.304647
989728.702425 1819340.131347 1620288372.955579
989728.701896 1819340.131008 1620288373.155483
989728.70187 1819340.13108 1620288373.355662
989728.698495 1819340.127925 1620288376.607049
989728.699742 1819340.129406 1620288377.606247
989728.699618 1819340.127548 1620288378.606632
989728.700569 1819340.128722 1620288379.607007
989728.700428 1819340.131671 1620288380.60664
989728.700153 1819340.130772 1620288381.40553
989728.699951 1819340.130178 1620288381.606883
989729.538583 1819340.09936 1620288383.607022
989729.333105 1819340.106652 1620288383.406163
989733.817162 1819339.96078 1620288385.405627
989737.46875 1819339.836134 1620288386.206083
989778.971389 1819339.610813 1620288391.655149
989777.059184 1819339.59837 1620288391.455626
989782.852295 1819339.614791 1620288392.055081
989816.9443 1819339.868765 1620288395.115276
989840.525166 1819339.734153 1620288396.906731
989843.28912 1819339.716097 1620288397.116498
989869.208788 1819339.414499 1620288398.906137
989900.28472 1819339.143229 1620288400.955389
989909.642764 1819339.097833 1620288401.556875
989922.25081 1819339.031451 1620288402.355553
989941.330836 1819338.958617 1620288403.556735
989957.126972 1819338.905187 1620288404.55541
989953.990816 1819338.918341 1620288404.355014
989988.912597 1819338.700933 1620288406.607086
990004.438497 1819338.555518 1620288407.605651
990019.992486 1819338.425982 1620288408.606803
990016.872614 1819338.449181 1620288408.406045
990047.989242 1819338.330902 1620288410.405432
990066.788363 1819338.235514 1620288411.607031
990082.605378 1819338.139898 1620288412.606589
990095.36381 1819338.023978 1620288413.405626
990111.389184 1819337.860887 1620288414.405543
990114.601988 1819337.834636 1620288414.606718
990144.43446 1819337.580272 1620288416.455886
990150.923509 1819337.524947 1620288416.855101
990154.173757 1819337.506147 1620288417.056015
990218.483722 1819337.60135 1620288420.905628
990221.897916 1819337.632169 1620288421.115026
990236.496612 1819337.763072 1620288421.955343
990239.942792 1819337.804001 1620288422.155417
990285.915961 1819338.614882 1620288424.805052
990289.39428 1819338.695447 1620288425.005184
990314.499377 1819339.347573 1620288426.455837
990317.912924 1819339.43909 1620288426.654906
990355.495191 1819340.536926 1620288428.905644
990371.59489 1819341.082477 1620288429.905891
990374.755309 1819341.193328 1620288430.114923
990387.216547 1819341.589021 1620288430.90532
990390.282524 1819341.678562 1620288431.114171
990405.201827 1819342.019686 1620288432.113905
990433.908196 1819342.751208 1620288434.155846
990458.03758 1819343.421993 1620288435.955142
990447.419562 1819343.126498 1620288435.155468
990484.645154 1819343.992145 1620288437.9553
990490.004456 1819344.093569 1620288438.355235
990487.321902 1819344.042769 1620288438.155468
990511.909637 1819344.589587 1620288440.005402
990514.508536 1819344.669181 1620288440.205541
990539.873234 1819345.45057 1620288442.205353
990549.653135 1819345.820256 1620288443.005817
990591.146934 1819348.014009 1620288446.655639
990589.005887 1819347.866274 1620288446.45583
990624.239466 1819346.100317 1620288450.905406
990625.052065 1819345.313017 1620288451.114563
990629.382978 1819334.464015 1620288452.955369
990629.765236 1819329.749456 1620288453.555364
990629.543404 1819332.9679 1620288453.155638
990630.111157 1819305.220425 1620288455.955453
990630.143209 1819300.476028 1620288456.355168
990630.156626 1819295.543474 1620288456.755331
990630.121986 1819277.096695 1620288458.155415
990630.03743 1819253.743791 1620288459.805384
990630.058376 1819241.963865 1620288460.605983
990630.089436 1819235.988409 1620288461.005203
990630.239265 1819207.823265 1620288462.855964
990630.302808 1819195.496129 1620288463.655787
990630.333578 1819183.129674 1620288464.454862
990630.338178 1819180.034596 1620288464.655695
990630.330431 1819167.631057 1620288465.454525
990630.005899 1819130.057244 1620288467.905157
990629.964762 1819127.05859 1620288468.115155
990629.724945 1819112.248514 1620288469.116386
990629.449613 1819084.68897 1620288470.955261
990629.224444 1819069.661288 1620288471.955289
990629.197474 1819067.385814 1620288472.114758
990629.123023 1819054.332558 1620288472.955288
990629.040419 1819025.029519 1620288474.804715
990629.057735 1819018.601112 1620288475.20468
990628.988168 1818995.191413 1620288476.655038
990628.782556 1818978.916219 1620288477.655539
990628.560844 1818962.634691 1620288478.655602
990628.618035 1818965.884784 1620288478.456856
990627.523168 1818932.334235 1620288480.505427
990627.351169 1818929.002082 1620288480.705663
990626.481878 1818912.143753 1620288481.706119
990625.128887 1818873.05261 1620288483.955001
990625.073757 1818870.403264 1620288484.118056
990624.880068 1818862.384217 1620288484.555001
990624.22518 1818832.516552 1620288486.205575
990623.43854 1818805.74924 1620288487.656848
990622.826184 1818786.999455 1620288488.65502
990622.271717 1818771.827706 1620288489.455611
990622.54371 1818779.425941 1620288489.055482
990620.831906 1818732.514494 1620288491.506117
990620.695832 1818728.663563 1620288491.704465
990617.257347 1818643.114375 1620288496.15582
990616.874524 1818635.411191 1620288496.555899
990615.652074 1818607.504776 1620288498.005288
990614.490741 1818580.45772 1620288499.45584
990613.917232 1818561.875176 1620288500.455579
990613.826427 1818539.62245 1620288501.65756
990614.259294 1818521.118275 1620288502.655638
990614.10838 1818524.843923 1620288502.45561
990616.913201 1818486.493423 1620288504.506547
990617.316666 1818482.707516 1620288504.705383
990618.186365 1818475.12768 1620288505.117329
990632.337259 1818369.243183 1620288510.955386
990632.659424 1818367.060451 1620288511.139857
990635.538114 1818344.111531 1620288512.954539
990635.333646 1818334.376036 1620288513.955658
990635.062104 1818332.704082 1620288514.155556
990633.211538 1818326.806547 1620288514.956577
990628.874933 1818319.921163 1620288516.155185
990627.165735 1818318.115394 1620288516.555265
990618.173753 1818312.332188 1620288518.20539
990563.898533 1818309.648899 1620288522.855557
990551.427996 1818309.608838 1620288523.655605
990538.506606 1818309.507297 1620288524.455501
990541.776903 1818309.544966 1620288524.254638
990504.358391 1818308.497781 1620288526.505158
990501.025336 1818308.38552 1620288526.706228
990477.891453 1818307.991045 1620288528.117902
990471.285104 1818307.990828 1620288528.504277
990388.226594 1818308.079213 1620288533.955165
990385.382332 1818308.083224 1620288534.154929
990370.259863 1818308.499519 1620288535.205064
990358.418942 1818308.56759 1620288536.00521
990355.479835 1818308.575953 1620288536.205002
990315.237409 1818308.843462 1620288538.855313
990312.139853 1818308.85329 1620288539.05549
990287.103408 1818308.893642 1620288540.704257
990284.119322 1818308.886094 1620288540.905458
990252.985012 1818307.931797 1620288542.956537
990236.567048 1818306.95812 1620288543.955056
990233.108073 1818306.810753 1620288544.154821
990213.792717 1818306.307613 1620288545.205156
990194.460322 1818305.935814 1620288546.205202
990178.903582 1818305.875529 1620288547.006222
990159.502366 1818305.783712 1620288548.005169
990140.281696 1818305.695405 1620288549.005202
990116.92382 1818305.764037 1620288550.2054
990101.134345 1818305.893351 1620288551.005075
990097.159828 1818305.92776 1620288551.206049
990047.67903 1818306.29723 1620288553.656249
990059.928578 1818306.230436 1620288553.055406
990009.540939 1818306.515855 1620288555.50517
990005.380811 1818306.546105 1620288555.70495
989997.026755 1818306.600079 1620288556.114783
989970.901365 1818306.686035 1620288557.355389
989908.918615 1818306.782922 1620288560.405163
989916.881743 1818306.763015 1620288560.005008
989721.881295 1818305.089113 1620288569.654471
989703.769376 1818305.014082 1620288570.455861
989699.209758 1818304.9968 1620288570.6555
989656.457226 1818304.932914 1620288572.505466
989628.091539 1818305.022271 1620288573.705039
989608.877329 1818305.100277 1620288574.506037
989604.032768 1818305.112636 1620288574.705028
989569.721961 1818305.22842 1620288576.115071
989519.064543 1818305.451628 1620288578.1553
989514.096806 1818305.490079 1620288578.354464
989467.908196 1818305.764238 1620288580.204575
989432.708075 1818305.969547 1620288581.604394
989447.818076 1818305.898992 1620288581.004416
989376.229618 1818306.055925 1620288583.854805
989313.519016 1818306.47105 1620288586.453649
989294.831991 1818306.655241 1620288587.25417
989262.790551 1818306.969935 1620288588.654352
989276.417374 1818306.822322 1620288588.054753
989236.019046 1818307.096706 1620288589.854971
989209.716691 1818307.090435 1620288591.055573
989175.134341 1818307.161964 1620288592.656715
989157.943623 1818307.301867 1620288593.456541
989153.660877 1818307.343125 1620288593.65553
989132.375084 1818307.4828 1620288594.655222
989091.531476 1818307.887624 1620288596.555671
989066.921887 1818308.089749 1620288597.756049
989050.803104 1818308.199442 1620288598.555216
989026.900486 1818308.290845 1620288599.754599
989011.155016 1818308.344327 1620288600.55492
989007.249475 1818308.352833 1620288600.754864
989000.440035 1818308.369427 1620288601.114564
988946.991971 1818309.533207 1620288604.005043
988943.26426 1818309.723223 1620288604.205049
988924.715604 1818310.785641 1620288605.204863
988905.521546 1818311.417851 1620288606.254692
988901.901405 1818311.482318 1620288606.454565
988769.2172 1818314.764362 1620288614.705101
988753.562101 1818315.402128 1620288615.704932
988756.669758 1818315.306281 1620288615.505075
988747.377491 1818315.581418 1620288616.113908
988710.565272 1818316.068093 1620288618.554991
988695.921697 1818316.379232 1620288619.555028
988675.001918 1818317.269804 1620288621.004724
988660.626938 1818318.031076 1620288622.005289
988646.398305 1818318.811703 1620288623.005185
988657.762031 1818318.181962 1620288622.204767
988640.779541 1818319.153838 1620288623.405154
988600.694578 1818322.330473 1620288626.655369
988596.991742 1818322.838629 1620288627.055233
988584.213587 1818324.857352 1620288628.704448
988588.836126 1818324.120594 1620288628.054423
988572.682177 1818327.358221 1620288631.554939
988572.350614 1818327.435617 1620288631.75498
988571.852473 1818327.550975 1620288632.154423
988571.564759 1818327.743869 1620288635.15489
988571.58063 1818327.789894 1620288640.605195
988571.588424 1818327.755761 1620288642.004923
988571.588284 1818327.756772 1620288642.204693
988571.588509 1818327.761314 1620288643.455197
988571.587737 1818327.759513 1620288644.055378
988571.588657 1818327.754391 1620288645.70634
988571.59196 1818327.750731 1620288646.505147
988571.587776 1818327.75134 1620288646.113769
988571.590018 1818327.748818 1620288648.554917
988571.590495 1818327.748523 1620288648.754759
988571.585852 1818327.749029 1620288650.204865
988571.586714 1818327.75033 1620288651.204861
988571.583722 1818327.751528 1620288652.005889
988571.583926 1818327.752056 1620288653.655062
988571.583503 1818327.752046 1620288653.855231
988571.582737 1818327.752863 1620288656.114656
988571.588805 1818327.753397 1620288657.705175
988571.592968 1818327.753698 1620288658.504845
988571.593193 1818327.755073 1620288659.704838
988571.594409 1818327.75481 1620288659.503855
988571.589907 1818327.75611 1620288660.112562
988571.59415 1818327.756252 1620288661.304703
988571.591672 1818327.75746 1620288664.754949
988571.592451 1818327.757578 1620288664.555039
988571.590355 1818327.759059 1620288666.20572
988571.588234 1818327.758626 1620288667.004725
988571.59032 1818327.758084 1620288668.004878
988571.592593 1818327.75652 1620288669.004886
988571.605565 1818327.750939 1620288672.054114
988571.60542 1818327.749957 1620288673.703706
988571.60607 1818327.749362 1620288673.503749
988571.602592 1818327.752547 1620288675.75477
988571.600614 1818327.75395 1620288676.954544
988571.598557 1818327.754519 1620288676.154912
988571.030238 1818327.923829 1620288678.954683
988571.289315 1818327.846394 1620288678.55461
988570.686013 1818328.028943 1620288679.355117
988564.809531 1818329.928932 1620288681.804671
988564.202013 1818330.137053 1620288682.005308
988561.392494 1818331.113889 1620288682.80459
988551.876636 1818334.875849 1620288684.655243
988553.073291 1818334.366728 1620288684.455059
988542.96496 1818338.834092 1620288686.055458
988522.831443 1818348.806694 1620288688.704756
988516.191089 1818352.637268 1620288689.504278
988505.520802 1818359.34608 1620288690.754797
988498.492482 1818364.235479 1620288691.555203
988488.07343 1818372.623049 1620288692.755063
988479.670923 1818380.581481 1620288693.754716
988473.005364 1818387.502412 1620288694.554856
988471.321027 1818389.300886 1620288694.754532
988458.930552 1818402.938465 1620288696.205017
988460.64454 1818401.006943 1620288696.005964
988443.055114 1818421.543888 1620288698.054359
988430.565936 1818436.578867 1620288699.503783
988421.423977 1818447.685465 1620288700.554733
988412.15119 1818459.011355 1620288701.605189
988403.143723 1818470.018882 1620288702.606151
988399.485354 1818474.489991 1620288703.004732
988390.181082 1818485.856367 1620288704.004913
988376.628154 1818502.37389 1620288705.455096
988370.766394 1818509.563804 1620288706.115263
988362.249817 1818520.013058 1620288707.116723
988357.329142 1818525.987561 1620288707.704828
988321.89498 1818570.404889 1620288712.955032
988319.571465 1818574.82266 1620288713.554669
988321.034018 1818571.874557 1620288713.155326
988318.735908 1818590.062605 1620288715.605388
988318.317959 1818588.62122 1620288715.404838
988354.69689 1818625.625419 1620288720.654897
988363.343726 1818633.417058 1620288721.554526
988373.385351 1818642.379453 1620288722.554473
988368.815566 1818638.323702 1620288722.114877
988395.202553 1818661.219417 1620288724.605004
988406.865444 1818671.087805 1620288725.655107
988404.626079 1818669.1873 1620288725.455297
988430.074469 1818691.22196 1620288727.703774
988434.076885 1818694.747862 1620288728.055322
988445.593072 1818704.862982 1620288729.054916
988450.751178 1818709.378911 1620288729.503906
988468.731824 1818724.951265 1620288731.114504
988479.174386 1818733.772514 1620288732.054359
988484.05673 1818737.844334 1620288732.505055
988505.073761 1818755.216626 1620288734.505266
988511.043653 1818760.131321 1620288735.114112
988520.381614 1818767.809822 1620288736.114297
988523.882205 1818770.697213 1620288736.505195
988536.180087 1818780.859224 1620288738.115914
988548.395638 1818790.830119 1620288740.554606
988546.988064 1818789.676091 1620288740.154426
988551.760788 1818793.558266 1620288742.004968
988552.271393 1818793.962927 1620288742.404672
988552.827484 1818794.401433 1620288743.204749
988552.9035 1818794.409327 1620288745.65482
988552.91016 1818794.398617 1620288746.054677
988552.930549 1818794.371469 1620288747.115307
988552.939289 1818794.349185 1620288748.115258
988552.944925 1818794.338608 1620288749.115248
988552.945183 1818794.336207 1620288749.503885
988552.930588 1818794.355594 1620288751.554748
988552.901405 1818794.387342 1620288752.554866
988552.90267 1818794.386835 1620288753.954655
988552.902412 1818794.3867 1620288754.15474
988552.907109 1818794.390009 1620288756.005036
988552.907112 1818794.390139 1620288756.204834
988552.901796 1818794.383888 1620288762.45515
988552.901802 1818794.385163 1620288764.115185
988552.897624 1818794.379737 1620288765.114608
988552.898431 1818794.381106 1620288766.114382
988552.899199 1818794.381535 1620288766.505656
988552.898076 1818794.379035 1620288768.554666
988552.897809 1818794.378591 1620288768.1547
988552.895681 1818794.376797 1620288771.004781
988552.890954 1818794.372125 1620288771.604771
988552.893088 1818794.374075 1620288771.404581
988552.883082 1818794.364673 1620288773.655475
988552.891177 1818794.372724 1620288774.055032
988552.888528 1818794.369402 1620288774.655184
988552.896032 1818794.373679 1620288776.504976
988552.894996 1818794.374111 1620288776.114552
988552.895158 1818794.371942 1620288778.113307
988552.896001 1818794.370874 1620288779.953993
988552.89615 1818794.370164 1620288780.555052
988552.898578 1818794.37221 1620288781.555022
988552.899047 1818794.373523 1620288782.554851
988552.896353 1818794.370429 1620288783.554358
988552.894909 1818794.370027 1620288783.154523
988552.903945 1818794.374819 1620288785.404408
988552.899047 1818794.370202 1620288786.004692
988552.900747 1818794.370339 1620288787.054969
988552.908666 1818794.378143 1620288788.056018
988553.029715 1818794.474591 1620288788.654613
988556.275401 1818797.130064 1620288790.505278
988558.308633 1818798.790155 1620288791.115614
988562.623082 1818802.340671 1620288792.114773
988568.415894 1818807.114157 1620288793.114667
988575.422779 1818812.846197 1620288794.115177
988578.529915 1818815.383873 1620288794.50452
988585.288881 1818820.871807 1620288795.304802
988603.015143 1818835.363072 1620288797.154507
988654.161709 1818877.262649 1620288801.604839
988649.09507 1818873.164012 1620288801.203841
988740.78065 1818948.886981 1620288807.855105
988753.13915 1818958.676374 1620288808.654759
988765.802623 1818968.506143 1620288809.45672
988782.684025 1818981.583121 1620288810.504024
988838.267842 1819026.149601 1620288813.954301
988847.938431 1819034.046093 1620288814.554388
988841.492948 1819028.78195 1620288814.154823
988918.445871 1819086.998715 1620288818.804779
988932.096201 1819096.260543 1620288819.604421
988949.067564 1819107.504904 1620288820.606938
988965.731955 1819118.547004 1620288821.604779
988982.09339 1819129.400713 1620288822.604752
988988.551975 1819133.689215 1620288823.004749
988998.136142 1819140.062264 1620288823.60528
989045.217623 1819171.460973 1620288826.654082
989149.994838 1819241.128165 1620288833.905682
989157.853873 1819246.354384 1620288834.503766
989165.1569 1819251.226648 1620288835.115356
989181.37124 1819262.825967 1620288836.504629
989176.801547 1819259.431831 1620288836.115174
989188.146871 1819267.956125 1620288837.115266
989201.31099 1819277.640402 1620288838.304467
989229.191336 1819296.569825 1620288841.55435
989236.139288 1819300.716025 1620288842.554195
989233.459466 1819299.16281 1620288842.154553
989248.003186 1819307.181195 1620288844.604988
989246.988038 1819306.61197 1620288844.404437
989258.357018 1819312.709555 1620288846.654992
989260.582683 1819313.782121 1620288847.054309
989264.418328 1819315.624412 1620288847.705274
989276.537073 1819322.04356 1620288849.504447
989275.473661 1819321.419754 1620288849.353953
989299.142247 1819336.703529 1620288852.605072
989306.689997 1819341.728311 1620288853.606118
989303.619789 1819339.708258 1620288853.205022
989323.981979 1819352.536498 1620288855.654063
989327.441454 1819354.663298 1620288856.054156
989335.875139 1819359.794763 1620288857.054061
989343.404888 1819364.144649 1620288858.054903
989352.527097 1819368.657308 1620288859.354263
989357.725358 1819370.367459 1620288860.154188
989368.098754 1819370.240579 1620288862.004446
989370.669621 1819368.655387 1620288862.606276
989369.025636 1819369.80397 1620288862.204638
989375.604218 1819358.202072 1620288864.655069
989375.927746 1819350.640636 1620288865.654835
989375.940676 1819347.17275 1620288866.054833
989375.768524 1819327.223757 1620288867.905452
989375.669556 1819319.639534 1620288868.504914
989375.626622 1819317.011875 1620288868.705376
989375.496599 1819308.920646 1620288869.303408
989375.145968 1819276.695292 1620288871.504674
989374.850692 1819250.333718 1620288873.154607
989374.684449 1819233.922634 1620288874.154423
989374.444301 1819209.763166 1620288875.605612
989374.310162 1819193.029451 1620288876.604909
989374.063443 1819176.321851 1620288877.604681
989373.898569 1819166.320344 1620288878.204444
989373.568348 1819142.521282 1620288879.654232
989373.232016 1819122.530842 1620288880.904928
989373.002158 1819109.986511 1620288881.704755
989373.060012 1819113.106318 1620288881.505829
989372.494849 1819083.266715 1620288883.554397
989372.300548 1819070.977777 1620288884.60567
989372.332546 1819073.180574 1620288884.404327
989372.118064 1819057.014756 1620288886.053782
989371.988091 1819047.245902 1620288887.504727
989371.93287 1819043.770536 1620288888.153758
989371.796427 1819036.963742 1620288889.605867
989371.741391 1819034.38584 1620288890.204616
989371.392617 1819014.750649 1620288895.054367
989370.870535 1819009.45051 1620288896.654747
989370.309162 1819007.375588 1620288897.654119
989370.079266 1819006.733953 1620288898.054504
989369.639092 1819005.667625 1620288899.05417
989369.451983 1819005.162837 1620288901.254043
989369.458259 1819005.146235 1620288902.704826
989369.458249 1819005.143085 1620288903.114969
989369.448756 1819005.143992 1620288904.114197
989369.43688 1819005.152564 1620288905.115083
989369.422773 1819005.169508 1620288906.113997
989369.44257 1819005.190178 1620288907.115165
989369.438335 1819005.184127 1620288907.504774
989369.237352 1819004.846334 1620288908.755122
989368.352109 1819003.568274 1620288910.205466
989366.870375 1819002.0884 1620288911.653988
989366.65186 1819001.919179 1620288911.854346
989362.647719 1818999.894901 1620288913.704443
989358.186855 1818998.666766 1620288914.704697
989353.703478 1818997.676911 1620288915.504464
989349.718146 1818996.83671 1620288916.114022
989346.859114 1818996.221335 1620288916.504184
989331.515586 1818992.573354 1620288918.554169
989327.005265 1818991.363954 1620288919.1544
989319.376396 1818989.028846 1620288920.204157
989302.579849 1818983.868908 1620288922.654085
989303.994465 1818984.320566 1620288922.454963
989283.786006 1818977.730175 1620288925.117729
989276.204681 1818975.190064 1620288926.114904
989268.609963 1818972.539322 1620288927.114137
989260.684595 1818969.866388 1620288928.115055
989255.223096 1818968.037285 1620288928.754202
989239.129138 1818962.627581 1620288930.605038
989230.070823 1818959.622226 1620288931.605214
989220.498282 1818956.571578 1620288932.6046
989210.805088 1818953.331125 1620288933.605631
989201.191435 1818950.103156 1620288934.604593
989191.682136 1818946.907383 1620288935.604295
989181.924001 1818943.608632 1620288936.605784
989185.877396 1818944.944921 1620288936.204087
989167.440646 1818938.399828 1620288938.054093
989157.33899 1818934.581212 1620288939.05405
989146.672157 1818930.285746 1620288940.114011
989136.308902 1818925.764728 1620288941.114046
989132.137419 1818923.863258 1620288941.504271
989114.679482 1818915.87629 1620288943.158957
989103.510416 1818910.745653 1620288944.15416
989086.061013 1818902.249085 1620288945.604433
989073.256094 1818895.679054 1620288946.605277
989059.545789 1818888.452936 1620288947.604457
989045.139442 1818880.397902 1620288948.604229
989030.547152 1818871.586097 1620288949.604287
989015.575537 1818862.34177 1620288950.604293
989021.618549 1818866.087263 1620288950.204237
988951.209169 1818820.753254 1620288954.654388
988944.646823 1818816.347983 1620288955.054314
988941.39326 1818814.10504 1620288955.254624
988911.587829 1818792.38996 1620288957.117966
988908.413276 1818789.89801 1620288957.305144
988870.924205 1818757.672817 1620288959.754229
988865.08651 1818752.123193 1620288960.159967
988850.79784 1818738.058135 1620288961.155214
988837.251857 1818723.900501 1620288962.153784
988824.094991 1818709.798369 1620288963.154308
988811.291977 1818696.165873 1620288964.155259
988792.426581 1818676.239507 1620288965.804941
988783.847965 1818667.12417 1620288966.653971
988781.907818 1818665.04644 1620288966.854054
988770.351043 1818652.753073 1620288968.11766
988758.428107 1818640.393764 1620288969.55515
988750.111507 1818631.550318 1620288970.805105
988747.772228 1818629.044266 1620288971.204307
988740.304332 1818620.656651 1620288972.654735
988743.230359 1818623.890773 1620288972.054502
988734.755075 1818614.543305 1620288974.118891
988727.035775 1818606.374574 1620288976.95523
988726.511375 1818605.82933 1620288977.204157
988725.832325 1818605.079359 1620288977.554439
988722.911994 1818602.025434 1620288979.055456
988720.581405 1818599.631775 1620288980.30428
988717.47498 1818596.731676 1620288981.954136
988717.224311 1818596.463309 1620288982.115148
988715.608864 1818594.72861 1620288983.114954
988714.60686 1818593.643166 1620288983.754432
988712.231866 1818591.210026 1620288985.204801
988711.425323 1818590.362154 1620288985.604304
988709.959603 1818588.814507 1620288986.203959
988700.541851 1818578.766324 1620288988.654014
988695.021106 1818572.872032 1620288989.656605
988688.65453 1818566.128816 1620288990.654139
988682.015993 1818559.007794 1620288991.653942
988675.303019 1818551.702202 1620288992.654618
988678.00679 1818554.644911 1620288992.25386
988646.241672 1818520.633037 1620288996.704716
988639.127786 1818513.09549 1620288997.704558
988631.694341 1818505.305955 1620288998.754225
988628.799123 1818502.288138 1620288999.153991
988625.873188 1818499.271309 1620288999.554576
988610.155709 1818483.408577 1620289001.804192
988607.60869 1818480.880501 1620289002.203921
988587.718344 1818461.713387 1620289005.455868
988579.855602 1818454.546467 1620289006.654007
988572.800588 1818448.163548 1620289007.654158
988565.292925 1818441.24935 1620289008.654026
988568.346275 1818444.065275 1620289008.254613
988550.145304 1818426.786419 1620289010.704299
988542.940259 1818419.718544 1620289011.703856
988547.270976 1818423.972446 1620289011.115114
988532.736152 1818409.546911 1620289013.153554
988526.11996 1818402.856877 1620289014.154212
988519.947333 1818396.680596 1620289015.15431
988514.814334 1818391.745843 1620289016.154004
988512.193985 1818389.481268 1620289016.753082
988498.209293 1818382.07708 1620289021.60605
988496.090041 1818381.669648 1620289022.853882
988494.885958 1818381.502167 1620289023.654694
988495.476174 1818381.578613 1620289023.254629
988492.866468 1818381.369546 1620289025.654276
988493.08447 1818381.378004 1620289025.253996
988492.441724 1818381.360497 1620289027.706943
988492.105606 1818381.36698 1620289028.753853
988491.915609 1818381.372772 1620289029.15403
988491.366861 1818381.38918 1620289030.154016
988491.264273 1818381.390885 1620289031.75409
988491.259152 1818381.39041 1620289031.355398
988481.50678 1818383.270399 1620289037.204019
988473.636018 1818388.614846 1620289038.654452
988467.613718 1818393.950817 1620289039.653564
988470.060728 1818391.695152 1620289039.254477
988454.533533 1818407.899531 1620289041.704259
988447.967072 1818415.649538 1620289042.704559
988445.300448 1818418.809061 1620289043.114527
988438.584368 1818426.803229 1620289044.113959
988435.886811 1818430.051413 1620289044.504163
988424.66745 1818443.616688 1620289046.154189
988420.613441 1818448.562208 1620289046.755107
988386.769711 1818489.919893 1620289051.604689
988383.846562 1818493.448825 1620289052.004143
988376.186294 1818502.673134 1620289053.054549
988367.600452 1818513.059027 1620289054.253797
988361.633812 1818520.327394 1620289055.114893
988356.080665 1818527.110529 1620289055.904716
988343.488835 1818542.641353 1620289057.753942
988340.804953 1818545.965578 1620289058.153981
988339.470449 1818547.62217 1620289058.353812
988327.651281 1818562.451659 1620289060.204798
988322.386116 1818569.859113 1620289061.204066
988321.425834 1818594.626615 1620289064.654213
988326.637454 1818601.029912 1620289065.654036
988330.67097 1818604.822001 1620289066.25403
988335.078843 1818608.781942 1620289066.854642
988350.30271 1818622.291601 1620289068.704952
988353.905444 1818625.49433 1620289069.112639
988367.605519 1818637.807518 1620289070.553895
988373.482059 1818643.081929 1620289071.154024
988383.608105 1818651.961429 1620289072.153941
988394.11679 1818660.874611 1620289073.156574
988411.320077 1818675.199228 1620289074.752698
988415.640762 1818678.791647 1620289075.153984
988419.972005 1818682.376832 1620289075.552776
988442.245126 1818700.541034 1620289077.604439
988448.655247 1818705.78677 1620289078.203967
988450.774181 1818707.520168 1620289078.403791
988505.452205 1818751.796861 1620289083.853709
988512.786725 1818757.833644 1620289084.653866
988521.683846 1818765.13062 1620289085.654043
988518.161688 1818762.246589 1620289085.254489
988537.65296 1818778.08803 1620289087.703191
988544.251423 1818783.495736 1620289088.753618
988550.367961 1818788.456265 1620289090.203846
988552.075716 1818789.871006 1620289092.654146
