353752.614401 4026102.714693 1620288187.905929
353750.878736 4026101.32074 1620288187.756656
353792.552362 4026133.986071 1620288191.307849
353794.919134 4026135.834257 1620288191.505088
353820.024456 4026155.55588 1620288193.607046
353821.819948 4026157.018017 1620288193.755873
353847.027714 4026177.472877 1620288195.805752
353849.58364 4026179.527826 1620288196.005727
353860.609727 4026188.364559 1620288196.855481
353874.707841 4026199.525305 1620288197.906261
353877.453511 4026201.683889 1620288198.113485
353911.513189 4026228.683809 1620288200.506479
353925.988377 4026240.331208 1620288201.505845
353937.673266 4026249.722599 1620288202.305916
353952.395551 4026261.542675 1620288203.305786
353955.343413 4026263.91917 1620288203.505071
353986.470824 4026288.852547 1620288205.60683
353983.494972 4026286.471274 1620288205.406222
354019.370185 4026315.107766 1620288207.805887
354022.359423 4026317.50974 1620288208.005781
354044.163161 4026334.897925 1620288209.45626
354053.909776 4026342.70973 1620288210.114748
354081.749403 4026364.909151 1620288211.955927
354087.826108 4026369.694027 1620288212.355713
354090.861336 4026372.091037 1620288212.5558
354122.12388 4026396.587299 1620288214.606968
354137.771192 4026408.067743 1620288215.607368
354134.607691 4026405.805105 1620288215.406026
354188.976177 4026442.158339 1620288218.756982
354186.514917 4026440.570819 1620288218.607482
354249.509587 4026480.964665 1620288222.504699
354252.696273 4026482.991207 1620288222.705789
354317.959003 4026525.132625 1620288227.115986
354330.503343 4026533.227242 1620288228.115336
354332.240933 4026534.345917 1620288228.256416
354349.324281 4026545.456184 1620288230.006069
354363.690703 4026554.885156 1620288232.406095
354364.413637 4026555.363173 1620288232.60753
354367.568649 4026557.540311 1620288234.805971
354367.562063 4026557.549437 1620288235.005882
354367.775401 4026557.182129 1620288238.116214
354367.766939 4026557.195055 1620288238.907061
354367.770072 4026557.187954 1620288240.505789
354367.76427 4026557.195238 1620288241.306037
354367.759953 4026557.197944 1620288242.555786
354367.821377 4026557.101044 1620288243.508096
354367.806854 4026557.121372 1620288244.306076
354367.762146 4026557.200577 1620288245.555748
354367.760936 4026557.200951 1620288245.305517
354367.764852 4026557.199327 1620288246.405819
354367.763971 4026557.198459 1620288247.756268
354367.764116 4026557.196465 1620288248.755676
354367.763875 4026557.191854 1620288250.855569
354367.764024 4026557.192574 1620288250.704966
354368.775682 4026557.802443 1620288252.906088
354371.079635 4026559.200396 1620288253.905851
354369.08931 4026557.993199 1620288253.116065
354375.017356 4026561.607039 1620288254.905864
354375.92204 4026562.156628 1620288255.115316
354393.377445 4026573.189335 1620288258.006782
354397.563094 4026575.86313 1620288258.55684
354396.00932 4026574.871153 1620288258.355925
354406.259834 4026581.455016 1620288259.60758
354448.632332 4026609.10621 1620288263.855614
354446.988696 4026608.031972 1620288263.705948
354452.497431 4026611.628531 1620288264.206236
354482.200987 4026630.930218 1620288266.80863
354514.10913 4026651.444381 1620288269.555757
354522.986018 4026657.161529 1620288270.356319
354533.827314 4026664.124576 1620288271.355722
354535.95826 4026665.48749 1620288271.556564
354544.713802 4026671.076937 1620288272.406299
354563.03356 4026682.827065 1620288274.606859
354561.65537 4026681.947711 1620288274.406077
354570.939639 4026687.966062 1620288276.056158
354574.193081 4026690.066379 1620288277.055057
354575.695596 4026691.022896 1620288278.056059
354575.86448 4026691.123983 1620288279.055804
354575.880962 4026691.111052 1620288279.856276
354575.892483 4026691.09634 1620288280.50571
354575.930002 4026691.027178 1620288282.955445
354575.937863 4026691.003789 1620288283.955477
354575.939433 4026690.998398 1620288284.155628
354575.94448 4026690.981017 1620288285.505712
354575.944512 4026690.977138 1620288286.35557
354575.943418 4026690.975602 1620288286.955813
354575.891508 4026691.06608 1620288288.505705
354575.889108 4026691.061321 1620288289.955729
354575.889326 4026691.060672 1620288290.155862
354575.89005 4026691.06402 1620288291.355716
354575.884984 4026691.059772 1620288292.456074
354575.882116 4026691.060174 1620288293.856241
354575.882768 4026691.060203 1620288294.856342
354575.880796 4026691.059771 1620288294.056091
354575.879828 4026691.061642 1620288297.454915
354575.878928 4026691.060485 1620288297.255667
354575.887203 4026691.065537 1620288304.555772
354575.886819 4026691.065053 1620288305.355661
354575.889703 4026691.066641 1620288306.555624
354575.889785 4026691.067395 1620288307.555598
354575.889457 4026691.067196 1620288307.355619
354575.891802 4026691.069538 1620288309.656054
354575.891334 4026691.069513 1620288309.456061
354575.892519 4026691.071942 1620288311.005375
354576.742643 4026691.60867 1620288313.855805
354576.969247 4026691.749158 1620288314.056091
354578.302218 4026692.593847 1620288315.115258
354579.434217 4026693.322454 1620288315.955639
354582.062676 4026694.997385 1620288317.305501
354591.755168 4026701.047946 1620288319.855928
354593.651651 4026702.189493 1620288320.205669
354602.583134 4026707.312665 1620288321.655943
354608.949557 4026710.480514 1620288322.556382
354616.768958 4026713.601958 1620288323.555711
354623.487052 4026715.604587 1620288324.356645
354625.233011 4026716.02289 1620288324.556084
354644.80437 4026718.443724 1620288326.655153
354646.29122 4026718.480265 1620288326.805638
354678.949726 4026715.297796 1620288329.856153
354681.285088 4026714.840586 1620288330.054816
354686.655921 4026713.76759 1620288330.50554
354747.484413 4026700.679053 1620288335.155468
354758.52227 4026698.273309 1620288335.955493
354777.854712 4026694.096745 1620288337.355394
354794.32199 4026690.584494 1620288338.555676
354805.407389 4026688.212276 1620288339.35554
354803.317309 4026688.667447 1620288339.205404
354854.091426 4026678.567522 1620288342.755549
354864.417729 4026676.926801 1620288343.455863
354885.61291 4026674.219933 1620288344.907292
354887.782078 4026673.98638 1620288345.055816
354914.400351 4026671.733442 1620288346.955302
354917.061492 4026671.569703 1620288347.155183
354933.951921 4026670.848744 1620288348.556571
354943.278138 4026670.604194 1620288349.456011
354952.075644 4026670.274823 1620288350.455899
354953.710315 4026670.169078 1620288350.656093
354967.178639 4026669.034136 1620288352.655385
354969.218268 4026668.918156 1620288353.005565
354977.656715 4026668.630748 1620288354.856655
354978.312541 4026668.618067 1620288355.056178
354979.702112 4026668.581297 1620288355.555426
354981.224229 4026668.679343 1620288356.455005
354981.601697 4026668.98995 1620288358.505595
354981.604031 4026668.982767 1620288359.305617
354981.603151 4026668.955276 1620288360.506746
354981.603139 4026668.937271 1620288361.155537
354981.6032 4026668.935039 1620288361.304574
354981.609886 4026668.9131 1620288365.555568
354981.614564 4026668.901181 1620288365.355292
354981.59882 4026668.94055 1620288367.806056
354981.59985 4026668.938459 1620288368.655823
354981.599081 4026668.939358 1620288368.455145
354981.596148 4026668.938852 1620288370.11604
354981.596315 4026668.93855 1620288370.20612
354981.601451 4026668.935077 1620288372.955579
354981.600917 4026668.934746 1620288373.155483
354981.60107 4026668.934733 1620288373.305573
354981.597395 4026668.931514 1620288376.555518
354981.598642 4026668.933271 1620288377.555366
354981.598587 4026668.931463 1620288378.555303
354981.599583 4026668.932178 1620288379.556684
354981.599324 4026668.935432 1620288380.554892
354981.599147 4026668.934715 1620288381.355414
354981.599178 4026668.934071 1620288381.555605
354982.437221 4026668.890086 1620288383.607022
354982.23183 4026668.900574 1620288383.406163
354986.714202 4026668.684969 1620288385.405627
354990.617282 4026668.491162 1620288386.256135
355031.868861 4026667.632941 1620288391.655149
355029.956214 4026667.650225 1620288391.455626
355035.262221 4026667.582657 1620288392.005429
355069.231233 4026667.311834 1620288395.055936
355093.432551 4026666.799317 1620288396.906731
355096.196583 4026666.738287 1620288397.116498
355122.114925 4026666.033675 1620288398.906137
355153.190669 4026665.279231 1620288400.955389
355161.763575 4026665.100496 1620288401.505702
355174.369507 4026664.840006 1620288402.30574
355193.44783 4026664.468687 1620288403.505498
355209.253467 4026664.173257 1620288404.505568
355206.11484 4026664.234563 1620288404.304706
355241.823142 4026663.458977 1620288406.607086
355257.348788 4026663.072161 1620288407.605651
355272.902773 4026662.70079 1620288408.606803
355269.782858 4026662.772497 1620288408.406045
355300.901666 4026662.170432 1620288410.405432
355319.701731 4026661.782761 1620288411.607031
355335.5193 4026661.441225 1620288412.606589
355348.277575 4026661.126934 1620288413.405626
355364.302479 4026660.714676 1620288414.405543
355367.515289 4026660.638472 1620288414.606718
355397.34765 4026659.920269 1620288416.455886
355403.025159 4026659.782797 1620288416.80547
355408.717605 4026659.659416 1620288417.156647
355471.406767 4026658.790105 1620288420.905628
355474.821879 4026658.767848 1620288421.115026
355489.424486 4026658.671802 1620288421.955343
355492.871745 4026658.659158 1620288422.155417
355537.122641 4026658.742596 1620288424.705467
355543.213622 4026658.787568 1620288425.055693
355567.461897 4026659.043797 1620288426.455837
355571.729246 4026659.091193 1620288426.705553
355608.481455 4026659.59594 1620288428.905644
355624.591698 4026659.891259 1620288429.905891
355627.754245 4026659.952989 1620288430.114923
355640.223229 4026660.154998 1620288430.90532
355643.290991 4026660.196884 1620288431.114171
355658.217506 4026660.306101 1620288432.113905
355687.623986 4026660.597996 1620288434.205419
355711.744054 4026660.893727 1620288436.005779
355701.126006 4026660.761554 1620288435.205368
355738.370445 4026661.046599 1620288438.006073
355743.063214 4026661.061823 1620288438.355235
355741.050278 4026661.055648 1620288438.206554
355765.630722 4026661.227332 1620288440.054782
355768.228608 4026661.268107 1620288440.255622
355794.196609 4026661.665744 1620288442.304395
355802.138002 4026661.846461 1620288442.955008
355844.812423 4026663.438919 1620288446.704376
355842.672552 4026663.324659 1620288446.504961
355877.346526 4026660.981876 1620288450.905406
355878.146988 4026660.181843 1620288451.114563
355882.347185 4026648.895596 1620288453.005652
355882.618792 4026644.543028 1620288453.555364
355882.476823 4026647.375745 1620288453.205516
355882.577089 4026619.421474 1620288456.005299
355882.541703 4026615.260002 1620288456.355168
355882.487613 4026610.955999 1620288456.705581
355882.141757 4026591.193557 1620288458.206019
355881.720102 4026569.253273 1620288459.755825
355881.547186 4026556.74172 1620288460.605983
355881.481258 4026550.014137 1620288461.054671
355881.203702 4026523.363286 1620288462.805182
355881.060968 4026509.492204 1620288463.705669
355880.896509 4026497.121795 1620288464.504542
355880.853592 4026494.026097 1620288464.705222
355880.648422 4026481.618497 1620288465.507395
355879.754951 4026444.821688 1620288467.905157
355879.667191 4026441.823292 1620288468.115155
355879.197102 4026427.015062 1620288469.116386
355878.49329 4026399.456294 1620288470.955261
355878.034471 4026384.430202 1620288471.955289
355877.972123 4026382.154858 1620288472.114758
355877.707377 4026369.87619 1620288472.905202
355877.14289 4026338.992771 1620288474.854409
355877.07396 4026333.366125 1620288475.20468
355876.660762 4026310.764372 1620288476.606391
355876.181811 4026293.680464 1620288477.655539
355875.706963 4026277.400312 1620288478.655602
355875.814686 4026280.649929 1620288478.456856
355874.198114 4026247.112134 1620288480.505427
355873.974293 4026243.782231 1620288480.705663
355872.842819 4026226.935272 1620288481.706119
355870.913975 4026188.741546 1620288483.906647
355870.785643 4026185.211365 1620288484.118056
355870.431317 4026176.298155 1620288484.607384
355869.347996 4026147.333025 1620288486.205575
355868.192317 4026121.504849 1620288487.608087
355867.289318 4026102.775985 1620288488.607074
355866.450865 4026086.666827 1620288489.455611
355866.790049 4026093.312664 1620288489.117982
355864.399746 4026047.370996 1620288491.506117
355864.203792 4026043.52169 1620288491.704465
355859.49662 4025958.977737 1620288496.117927
355858.871663 4025949.358064 1620288496.606475
355857.276011 4025922.425892 1620288498.005288
355855.749712 4025896.32283 1620288499.405585
355854.854845 4025877.751717 1620288500.405464
355854.409107 4025855.481876 1620288501.606345
355854.540227 4025836.050048 1620288502.655638
355854.447207 4025839.778516 1620288502.45561
355856.656257 4025801.379537 1620288504.506547
355857.000925 4025797.586877 1620288504.705383
355857.655534 4025790.945232 1620288505.055543
355870.163287 4025684.613171 1620288510.907377
355870.548026 4025681.68661 1620288511.139857
355873.070371 4025658.690025 1620288512.954539
355872.714552 4025648.95647 1620288513.955658
355872.416987 4025647.288524 1620288514.155556
355870.474516 4025641.419003 1620288514.956577
355866.030336 4025634.60015 1620288516.155185
355864.51582 4025633.032947 1620288516.504686
355855.209834 4025627.176544 1620288518.20539
355802.409546 4025625.316292 1620288522.75506
355788.41324 4025625.490313 1620288523.655605
355775.488623 4025625.589604 1620288524.455501
355777.945178 4025625.580708 1620288524.306269
355741.320358 4025625.110744 1620288526.505158
355737.154247 4025625.035415 1620288526.755229
355715.665834 4025625.009079 1620288528.055703
355707.412245 4025625.133086 1620288528.554967
355625.167201 4025626.497224 1620288533.955165
355622.322637 4025626.545446 1620288534.154929
355607.204701 4025627.196851 1620288535.205064
355595.363321 4025627.448981 1620288536.00521
355592.423967 4025627.50303 1620288536.205002
355553.722526 4025628.367731 1620288538.755967
355548.310654 4025628.467789 1620288539.115033
355524.043704 4025628.883574 1620288540.704257
355521.803979 4025628.912979 1620288540.854541
355489.905974 4025628.451927 1620288542.956537
355473.470765 4025627.733319 1620288543.955056
355470.009054 4025627.639698 1620288544.154821
355450.683393 4025627.436723 1620288545.205156
355430.377156 4025627.372819 1620288546.255303
355414.806865 4025627.562176 1620288547.055486
355395.413182 4025627.76327 1620288548.05539
355376.189293 4025627.979032 1620288549.055789
355352.812016 4025628.421217 1620288550.255537
355337.01081 4025628.796743 1620288551.055472
355333.032176 4025628.896389 1620288551.255555
355284.548125 4025630.008343 1620288553.656249
355295.778067 4025629.774534 1620288553.115304
355245.368388 4025630.843553 1620288555.555224
355241.206497 4025630.938513 1620288555.755697
355234.940017 4025631.075965 1620288556.055665
355208.806206 4025631.574196 1620288557.305216
355145.777296 4025632.650936 1620288560.405163
355152.742895 4025632.523997 1620288560.054214
354958.689335 4025633.864146 1620288569.654471
354940.573889 4025634.07063 1620288570.455861
354936.013408 4025634.124219 1620288570.6555
354892.081823 4025634.744143 1620288572.554996
354863.692572 4025635.281707 1620288573.754811
354844.460632 4025635.652469 1620288574.554992
354839.613528 4025635.743522 1620288574.755494
354806.512301 4025636.368582 1620288576.115071
354755.851722 4025637.379221 1620288578.1553
354752.128291 4025637.46338 1620288578.304595
354703.439959 4025638.515972 1620288580.25438
354669.491981 4025639.239504 1620288581.604394
354683.344149 4025638.961656 1620288581.054321
354610.529056 4025640.255877 1620288583.954218
354550.295049 4025641.59371 1620288586.453649
354530.450498 4025642.098737 1620288587.303805
354499.567655 4025642.881168 1620288588.654352
354512.05434 4025642.552995 1620288588.107721
354473.903421 4025643.406558 1620288589.804516
354445.400532 4025643.840245 1620288591.116207
354411.902862 4025644.435724 1620288592.656715
354393.641812 4025644.868946 1620288593.503963
354389.358135 4025644.977624 1620288593.705
354368.088106 4025645.442154 1620288594.705145
354328.30022 4025646.460979 1620288596.555671
354303.690513 4025647.045656 1620288597.756049
354287.5713 4025647.405909 1620288598.555216
354263.666934 4025647.86886 1620288599.754599
354247.920206 4025648.167093 1620288600.55492
354244.01428 4025648.236306 1620288600.754864
354237.204194 4025648.358747 1620288601.114564
354184.704647 4025650.290549 1620288603.955033
354180.967435 4025650.5375 1620288604.155013
354161.507262 4025651.952322 1620288605.204863
354142.320479 4025652.882964 1620288606.254692
354139.606053 4025652.974449 1620288606.404939
354006.838935 4025658.29499 1620288614.654848
353991.180439 4025659.196984 1620288615.655697
353994.291402 4025659.040026 1620288615.455423
353983.452783 4025659.536738 1620288616.154889
353947.410493 4025660.564182 1620288618.554991
353932.769797 4025661.102979 1620288619.555028
353912.580376 4025662.270536 1620288620.954803
353897.495993 4025663.303659 1620288622.005289
353883.277589 4025664.305557 1620288623.005185
353894.633047 4025663.499096 1620288622.204767
353878.368044 4025664.682116 1620288623.354748
353838.113112 4025668.470163 1620288626.605014
353833.927002 4025669.100989 1620288627.055233
353821.506238 4025671.252544 1620288628.654742
353825.790219 4025670.509895 1620288628.054423
353809.684429 4025673.999051 1620288631.554939
353809.354025 4025674.081611 1620288631.75498
353808.906511 4025674.19116 1620288632.114887
353808.573482 4025674.399863 1620288635.115078
353808.589444 4025674.447904 1620288640.605195
353808.596715 4025674.413509 1620288641.95473
353808.596585 4025674.414658 1620288642.204693
353808.596764 4025674.419492 1620288643.404883
353808.59608 4025674.417408 1620288644.055378
353808.596921 4025674.412271 1620288645.70634
353808.600167 4025674.408559 1620288646.505147
353808.596215 4025674.409576 1620288646.054461
353808.598195 4025674.406676 1620288648.554917
353808.598668 4025674.406374 1620288648.754759
353808.594032 4025674.406952 1620288650.204865
353808.594914 4025674.40824 1620288651.204861
353808.591941 4025674.409485 1620288652.005889
353808.592342 4025674.409978 1620288653.604927
353808.592179 4025674.409917 1620288653.755045
353808.591041 4025674.410877 1620288656.154917
353808.597053 4025674.411275 1620288657.705175
353808.601222 4025674.411511 1620288658.504845
353808.601468 4025674.412883 1620288659.704838
353808.60268 4025674.412601 1620288659.503855
353808.598302 4025674.414107 1620288660.15507
353808.602608 4025674.413894 1620288661.353597
353808.599984 4025674.415294 1620288664.754949
353808.600605 4025674.415354 1620288664.605709
353808.598691 4025674.416913 1620288666.20572
353808.596563 4025674.416513 1620288667.004725
353808.598641 4025674.415939 1620288668.004878
353808.60089 4025674.414339 1620288669.004886
353808.613777 4025674.408556 1620288672.054114
353808.613617 4025674.407576 1620288673.703706
353808.614258 4025674.406971 1620288673.503749
353808.610829 4025674.41021 1620288675.75477
353808.608799 4025674.411608 1620288676.904914
353808.606967 4025674.412034 1620288676.115655
353808.078098 4025674.578256 1620288678.904656
353808.271697 4025674.517676 1620288678.604958
353807.79182 4025674.671174 1620288679.254212
353801.7025 4025676.745549 1620288681.855365
353801.246322 4025676.91007 1620288682.005308
353798.253972 4025678.004943 1620288682.855064
353789.292627 4025681.706913 1620288684.605714
353790.474387 4025681.184381 1620288684.404765
353779.802256 4025686.100456 1620288686.115793
353760.160398 4025696.225275 1620288688.704756
353753.578695 4025700.15958 1620288689.504278
353742.579525 4025707.332995 1620288690.80477
353735.625336 4025712.361556 1620288691.606891
353725.350511 4025720.974537 1620288692.805007
353717.080378 4025729.101325 1620288693.805784
353710.516169 4025736.15324 1620288694.605515
353708.857295 4025737.987582 1620288694.80593
353697.092346 4025751.357593 1620288696.205017
353698.77654 4025749.399169 1620288696.005964
353681.081221 4025770.73593 1620288698.115331
353669.246826 4025785.443423 1620288699.503783
353660.27628 4025796.69362 1620288700.554733
353650.740506 4025808.716536 1620288701.654397
353641.893157 4025819.877448 1620288702.654299
353638.751361 4025823.842774 1620288703.004732
353629.622519 4025835.355309 1620288704.004913
353616.324521 4025852.085729 1620288705.455096
353610.14226 4025859.914145 1620288706.155229
353601.412285 4025870.967678 1620288707.205047
353596.185012 4025877.496517 1620288707.854661
353562.859556 4025920.605946 1620288712.905035
353560.227841 4025925.806811 1620288713.605667
353561.415775 4025923.196633 1620288713.254528
353560.027093 4025941.416504 1620288715.704008
353559.255103 4025938.887978 1620288715.354936
353597.26006 4025976.520663 1620288720.754757
353604.578346 4025982.919567 1620288721.504643
353614.738166 4025991.715707 1620288722.504716
353611.645147 4025989.056376 1620288722.204648
353637.37063 4026010.663909 1620288724.605004
353649.756871 4026020.820536 1620288725.704922
353645.786045 4026017.559104 1620288725.354899
353673.293541 4026040.621128 1620288727.753737
353677.352322 4026044.090373 1620288728.11454
353689.028338 4026054.025613 1620288729.114694
353692.515082 4026056.984866 1620288729.404829
353711.900509 4026073.26131 1620288731.114504
353723.033062 4026082.368906 1620288732.115619
353726.33272 4026085.035992 1620288732.404615
353748.204103 4026102.553917 1620288734.454238
353754.764905 4026107.788343 1620288735.114112
353764.223484 4026115.322713 1620288736.114297
353767.335163 4026117.80765 1620288736.455228
353780.226934 4026128.128273 1620288738.115914
353792.599126 4026137.910609 1620288740.554606
353791.36456 4026136.929859 1620288740.204861
353795.850386 4026140.465729 1620288741.904831
353796.411529 4026140.897907 1620288742.303881
353797.116441 4026141.435246 1620288743.304161
353797.163975 4026141.418972 1620288745.705091
353797.169727 4026141.409406 1620288746.054677
353797.189696 4026141.381937 1620288747.115307
353797.198091 4026141.359514 1620288748.115258
353797.203564 4026141.348848 1620288749.115248
353797.203973 4026141.346714 1620288749.454275
353797.189489 4026141.36606 1620288751.554748
353797.160795 4026141.398265 1620288752.554866
353797.162248 4026141.397689 1620288753.905326
353797.16182 4026141.39757 1620288754.204881
353797.166171 4026141.400559 1620288755.954797
353797.166275 4026141.400812 1620288756.255297
353797.160572 4026141.394302 1620288762.354738
353797.161159 4026141.39608 1620288764.115185
353797.156896 4026141.390718 1620288765.114608
353797.157724 4026141.392075 1620288766.114382
353797.158306 4026141.39241 1620288766.454553
353797.157335 4026141.390024 1620288768.504775
353797.15707 4026141.389613 1620288768.204776
353797.155092 4026141.388053 1620288770.954617
353797.149699 4026141.382779 1620288771.654652
353797.152893 4026141.385814 1620288771.304277
353797.143109 4026141.376839 1620288773.703453
353797.150339 4026141.383804 1620288774.055032
353797.14724 4026141.380032 1620288774.703639
353797.155071 4026141.384762 1620288776.453819
353797.15418 4026141.385132 1620288776.114552
353797.154447 4026141.383116 1620288778.155585
353797.155828 4026141.382639 1620288779.85417
353797.155273 4026141.381167 1620288780.555052
353797.157733 4026141.383175 1620288781.555022
353797.158222 4026141.384481 1620288782.554851
353797.15548 4026141.381429 1620288783.554358
353797.154254 4026141.381128 1620288783.2044
353797.163963 4026141.386436 1620288785.304001
353797.158687 4026141.381634 1620288785.954486
353797.159807 4026141.381262 1620288787.004769
353797.167914 4026141.388952 1620288788.056018
353797.317053 4026141.504062 1620288788.704932
353800.425832 4026143.96808 1620288790.454998
353802.637192 4026145.717611 1620288791.115614
353807.007414 4026149.201533 1620288792.114773
353812.875208 4026153.885607 1620288793.114667
353819.97214 4026159.50949 1620288794.115177
353822.715235 4026161.679173 1620288794.45476
353828.632934 4026166.335397 1620288795.154396
353848.441018 4026182.01526 1620288797.204584
353900.366788 4026223.217991 1620288801.654777
353895.864912 4026219.695911 1620288801.303594
353985.158284 4026291.206523 1620288807.705064
354001.563753 4026303.79856 1620288808.754883
354011.988608 4026311.627523 1620288809.40452
354029.068187 4026324.429272 1620288810.454868
354084.538579 4026367.464589 1620288813.854733
354095.962926 4026376.502446 1620288814.554388
354090.250835 4026371.982951 1620288814.204752
354169.88557 4026430.082178 1620288818.954315
354181.961417 4026437.97512 1620288819.654895
354199.096535 4026448.943712 1620288820.655083
354215.91896 4026459.718026 1620288821.654148
354232.436442 4026470.309621 1620288822.655143
354238.144237 4026473.97278 1620288823.004749
354248.630938 4026480.71285 1620288823.654862
354296.920082 4026511.844766 1620288826.753558
354399.915779 4026578.037106 1620288833.804371
354408.580538 4026583.60948 1620288834.455065
354417.198484 4026589.172127 1620288835.155073
354432.996662 4026600.128912 1620288836.504629
354428.952161 4026597.217014 1620288836.155302
354440.420766 4026605.571106 1620288837.154199
354451.564171 4026613.526894 1620288838.154661
354481.347679 4026633.133764 1620288841.55435
354488.361007 4026637.17249 1620288842.554195
354486.34047 4026636.049498 1620288842.25411
354500.580736 4026643.591559 1620288844.653966
354498.780584 4026642.622457 1620288844.30447
354511.043715 4026648.951035 1620288846.703554
354513.010762 4026649.860285 1620288847.054309
354517.185365 4026651.789754 1620288847.754601
354529.095694 4026657.874768 1620288849.504447
354526.251706 4026656.289562 1620288849.115722
354551.558805 4026671.941999 1620288852.554439
354559.558627 4026677.093318 1620288853.606118
354556.8388 4026675.366249 1620288853.254952
354577.02092 4026687.634085 1620288855.654063
354579.645405 4026689.189986 1620288855.954707
354589.028489 4026694.708399 1620288857.054061
354596.626856 4026698.94179 1620288858.054903
354606.80917 4026703.683379 1620288859.505167
354611.045955 4026704.942774 1620288860.154188
354620.939739 4026704.845834 1620288861.905355
354623.965301 4026703.02923 1620288862.606276
354622.55819 4026704.076313 1620288862.254359
354628.738026 4026692.497824 1620288864.655069
354628.944038 4026684.930365 1620288865.654835
354628.912151 4026681.912484 1620288866.004445
354628.479036 4026663.934737 1620288867.704542
354628.245423 4026655.227017 1620288868.404293
354628.098858 4026650.639782 1620288868.754343
354627.82147 4026641.834913 1620288869.404611
354627.033104 4026611.764577 1620288871.454957
354626.307373 4026584.627024 1620288873.154607
354625.885969 4026568.21637 1620288874.154423
354625.290213 4026544.893689 1620288875.554018
354624.895809 4026528.162929 1620288876.554412
354624.369381 4026510.617679 1620288877.604681
354624.023661 4026499.786788 1620288878.254261
354623.34874 4026476.820369 1620288879.654232
354622.778517 4026459.208356 1620288880.754347
354622.250343 4026443.512781 1620288881.753979
354622.437045 4026448.973956 1620288881.404453
354621.375465 4026418.212904 1620288883.504774
354620.968534 4026405.28718 1620288884.60567
354621.100775 4026409.744116 1620288884.204432
354620.579788 4026391.73104 1620288886.004292
354620.305225 4026382.128721 1620288887.404456
354620.177839 4026378.082082 1620288888.153758
354619.943706 4026371.492233 1620288889.554567
354619.83377 4026368.485204 1620288890.254824
354619.194465 4026349.25655 1620288895.003836
354618.581823 4026343.774064 1620288896.654747
354617.956573 4026341.620653 1620288897.705178
354617.777288 4026341.141997 1620288898.004548
354617.308918 4026340.048986 1620288899.005309
354617.096927 4026339.506584 1620288901.354439
354617.102416 4026339.490805 1620288902.757701
354617.102388 4026339.488029 1620288903.114969
354617.092908 4026339.489084 1620288904.114197
354617.081164 4026339.497841 1620288905.115083
354617.067318 4026339.515007 1620288906.113997
354617.087439 4026339.535372 1620288907.115165
354617.084396 4026339.531403 1620288907.455022
354616.859679 4026339.165758 1620288908.805083
354615.923194 4026337.876423 1620288910.25512
354614.466686 4026336.473174 1620288911.653988
354614.022636 4026336.1359 1620288912.054808
354610.016601 4026334.285805 1620288913.754193
354605.473784 4026333.128425 1620288914.754254
354601.536422 4026332.325964 1620288915.454036
354597.23056 4026331.487442 1620288916.114022
354594.724307 4026330.98953 1620288916.454122
354579.33894 4026327.599682 1620288918.503228
354574.058634 4026326.264467 1620288919.204085
354566.406251 4026324.051436 1620288920.254016
354549.526022 4026319.141375 1620288922.704345
354552.356419 4026319.996192 1620288922.304694
354530.992716 4026313.403372 1620288925.117729
354523.370905 4026310.980785 1620288926.114904
354515.733978 4026308.447761 1620288927.114137
354507.766013 4026305.897682 1620288928.115055
354501.837862 4026304.007703 1620288928.804125
354486.095181 4026298.99302 1620288930.605038
354476.988951 4026296.128088 1620288931.605214
354467.367723 4026293.225852 1620288932.6046
354457.622875 4026290.13566 1620288933.605631
354447.957772 4026287.056718 1620288934.604593
354438.397537 4026284.008353 1620288935.604295
354428.586832 4026280.860865 1620288936.605784
354432.068076 4026281.978221 1620288936.254758
354414.527349 4026276.056383 1620288938.004457
354403.858236 4026272.214448 1620288939.05405
354393.123217 4026268.084239 1620288940.114011
354382.68831 4026263.723728 1620288941.114046
354379.010174 4026262.117134 1620288941.453998
354360.902307 4026254.170229 1620288943.158957
354349.070638 4026248.954204 1620288944.204288
354332.068207 4026240.986117 1620288945.604433
354319.159458 4026234.614277 1620288946.605277
354305.335003 4026227.600339 1620288947.604457
354290.801527 4026219.768194 1620288948.604229
354276.070318 4026211.182068 1620288949.604287
354260.95301 4026202.169259 1620288950.604293
354266.296067 4026205.370071 1620288950.254241
354195.931587 4026161.575834 1620288954.654388
354190.126333 4026157.814559 1620288955.00512
354184.372998 4026153.963476 1620288955.354089
354155.864064 4026133.824703 1620288957.117966
354150.253535 4026129.533082 1620288957.453881
354113.168365 4026098.372881 1620288959.854523
354107.989947 4026093.590909 1620288960.204118
354093.519286 4026079.734059 1620288961.204222
354079.776261 4026065.778721 1620288962.204964
354066.410234 4026051.897178 1620288963.204287
354053.428246 4026038.503571 1620288964.205325
354033.292505 4026017.888812 1620288965.954286
354025.661409 4026010.012628 1620288966.704217
354022.25541 4026006.451682 1620288967.05505
354012.437796 4025996.364771 1620288968.11766
354000.699481 4025984.582213 1620288969.504435
353991.256795 4025974.847124 1620288970.906384
353988.923844 4025972.393192 1620288971.305648
353981.660724 4025964.488641 1620288972.704376
353984.864832 4025967.920208 1620288972.054502
353976.243112 4025958.703239 1620288974.118891
353968.616182 4025950.872287 1620288976.854128
353967.862854 4025950.116247 1620288977.204157
353967.269916 4025949.481476 1620288977.50472
353964.400713 4025946.561686 1620288978.955091
353961.729202 4025943.92744 1620288980.356687
353959.026017 4025941.514873 1620288981.753922
353958.428957 4025940.89334 1620288982.115148
353956.786329 4025939.183521 1620288983.114954
353955.767318 4025938.113508 1620288983.754432
353953.354184 4025935.716962 1620288985.204801
353952.644403 4025934.993445 1620288985.552823
353951.04438 4025933.356445 1620288986.203959
353941.7262 4025923.72061 1620288988.605005
353936.157937 4025917.955346 1620288989.604543
353929.721614 4025911.343833 1620288990.604704
353922.97214 4025904.335911 1620288991.605049
353915.806266 4025896.777904 1620288992.654618
353918.213307 4025899.318038 1620288992.30421
353886.258075 4025866.156329 1620288996.704716
353879.026069 4025858.728355 1620288997.704558
353871.104576 4025850.683804 1620288998.805125
353868.898447 4025848.452431 1620288999.113417
353866.297591 4025845.849984 1620288999.45477
353849.260939 4025829.171972 1620289001.854037
353847.00199 4025826.998999 1620289002.203921
353825.842577 4025807.275755 1620289005.604658
353819.179592 4025801.394942 1620289006.605567
353811.68066 4025794.81873 1620289007.654158
353804.064514 4025788.020307 1620289008.654026
353806.777951 4025790.445347 1620289008.304567
353788.690046 4025773.790894 1620289010.704299
353781.37417 4025766.834067 1620289011.703856
353786.136682 4025771.36815 1620289011.05403
353771.010584 4025756.819684 1620289013.153554
353764.617449 4025750.552886 1620289014.114708
353758.020053 4025744.150433 1620289015.15431
353752.809659 4025739.294805 1620289016.154004
353749.947751 4025736.909581 1620289016.805121
353736.152559 4025729.905297 1620289021.554343
353733.769968 4025729.486424 1620289022.954228
353732.79208 4025729.366427 1620289023.605592
353733.23559 4025729.41742 1620289023.303974
353730.697555 4025729.258274 1620289025.654276
353730.883116 4025729.262246 1620289025.304204
353730.272613 4025729.255826 1620289027.706943
353729.9158 4025729.268217 1620289028.803892
353729.772684 4025729.274878 1620289029.114702
353729.198051 4025729.30122 1620289030.154016
353729.096079 4025729.304684 1620289031.804106
353729.092075 4025729.304161 1620289031.504045
353719.113263 4025731.456015 1620289037.253998
353711.577141 4025736.803466 1620289038.654452
353705.636974 4025742.233765 1620289039.653564
353707.752085 4025740.218164 1620289039.304078
353692.771851 4025756.387674 1620289041.704259
353686.324974 4025764.240793 1620289042.704559
353684.035051 4025767.040613 1620289043.054154
353677.445192 4025775.133129 1620289044.05414
353675.130825 4025778.007646 1620289044.404452
353663.456944 4025792.573878 1620289046.154189
353658.821204 4025798.414679 1620289046.853718
353626.631244 4025839.0266 1620289051.553817
353624.124498 4025842.152564 1620289051.904531
353616.598116 4025851.507618 1620289052.953967
353606.769934 4025863.782229 1620289054.354086
353601.949835 4025869.845021 1620289055.053571
353595.143249 4025878.427784 1620289056.054425
353583.476383 4025893.295852 1620289057.803815
353581.174103 4025896.240145 1620289058.153981
353578.889887 4025899.169011 1620289058.50416
353568.274927 4025912.932917 1620289060.204798
353562.911086 4025920.789197 1620289061.253747
353562.54879 4025945.208985 1620289064.654213
353567.860651 4025951.532132 1620289065.654036
353572.314412 4025955.579891 1620289066.304144
353577.587395 4025960.155326 1620289067.00489
353592.310499 4025972.816867 1620289068.752706
353595.051276 4025975.176887 1620289069.053227
353608.91572 4025987.24981 1620289070.504155
353615.365264 4025992.861623 1620289071.154024
353625.630705 4026001.58491 1620289072.153941
353636.279361 4026010.335935 1620289073.156574
353654.802188 4026025.275957 1620289074.854196
353658.084751 4026027.920792 1620289075.153984
353661.922965 4026031.00146 1620289075.504004
353684.486161 4026048.828634 1620289077.55275
353692.061318 4026054.832055 1620289078.253721
353695.802809 4026057.798193 1620289078.604418
353749.985238 4026100.282629 1620289083.9533
353756.472493 4026105.463261 1620289084.653866
353765.484242 4026112.622907 1620289085.654043
353762.366148 4026110.15174 1620289085.303374
353781.999129 4026125.607267 1620289087.753578
353788.900718 4026131.080418 1620289088.853777
353794.67208 4026135.612913 1620289090.254204
353796.264787 4026136.89416 1620289092.654146
