988487.967846 1818737.503759 1620800835.466174
988498.114529 1818745.910164 1620800836.466219
988502.13915 1818749.186248 1620800836.866001
988522.463171 1818765.707239 1620800838.919619
988532.247628 1818773.7752 1620800839.916902
988542.020377 1818781.76644 1620800840.91623
988551.895954 1818789.696992 1620800841.915845
988555.842058 1818792.868126 1620800842.315866
988565.64826 1818800.876112 1620800843.316026
988567.6245 1818802.483446 1620800843.517435
988612.543048 1818839.544657 1620800847.965157
988623.250928 1818848.356348 1620800848.966063
988634.208127 1818857.391539 1620800849.964941
988627.606225 1818851.947807 1620800849.365928
988638.660879 1818861.054252 1620800850.365384
988662.004408 1818880.342447 1620800852.416047
988669.003649 1818886.116827 1620800853.0253
988691.086072 1818904.363215 1620800854.867239
988703.95559 1818915.025111 1620800855.916145
988708.874108 1818919.090867 1620800856.316263
988736.099221 1818941.484916 1620800858.566469
988743.822683 1818947.735578 1620800859.215973
988757.454978 1818958.759531 1620800860.365564
988776.352027 1818974.228095 1620800861.9651
988781.084358 1818978.135279 1620800862.366274
988788.19844 1818984.014646 1620800862.965407
988792.961025 1818987.916918 1620800863.366189
988817.497069 1819008.06586 1620800865.416322
988812.720452 1819004.088352 1620800865.026027
988831.828262 1819020.128151 1620800866.616464
988870.938529 1819052.521784 1620800869.86575
988882.983109 1819062.076496 1620800870.867637
988895.647811 1819071.420866 1620800871.915414
988907.771553 1819079.790218 1620800872.915351
988919.932357 1819087.936189 1620800873.916078
988932.113087 1819095.898284 1620800874.915703
988944.283408 1819103.846424 1620800875.91909
988956.271673 1819111.847689 1620800876.91627
988951.48583 1819108.649682 1620800876.518678
988961.061356 1819115.028913 1620800877.316064
988997.570495 1819139.421068 1620800880.366213
989004.830769 1819144.258639 1620800880.965974
989034.951294 1819164.170088 1620800883.416248
989047.42794 1819172.44319 1620800884.416147
989060.400498 1819181.080441 1620800885.467258
989072.46641 1819189.152833 1620800886.466348
989077.26478 1819192.379213 1620800886.866286
989101.331444 1819208.473565 1620800888.916294
989112.558423 1819216.022803 1620800889.917283
989123.487842 1819223.380959 1620800890.919655
989116.958929 1819218.980955 1620800890.316184
989127.825195 1819226.299913 1620800891.316089
989156.491775 1819245.443402 1620800893.965074
989167.248333 1819252.580472 1620800894.966695
989177.986697 1819259.687584 1620800895.966079
989171.552224 1819255.42115 1620800895.366173
989182.256903 1819262.544043 1620800896.366062
989199.749024 1819274.27737 1620800898.028073
989208.005367 1819279.8231 1620800898.815936
989224.421089 1819290.892466 1620800900.466014
989237.992931 1819299.998467 1620800901.915717
989246.785937 1819305.914658 1620800902.916239
989243.336857 1819303.591831 1620800902.518818
989252.223855 1819309.528949 1620800903.565958
989263.819396 1819317.15911 1620800905.026304
989274.653307 1819324.358786 1620800906.46661
989284.759186 1819331.075232 1620800907.917344
989286.087078 1819331.957051 1620800908.116177
989293.88162 1819337.104931 1620800909.366691
989299.394693 1819340.73518 1620800910.416199
989301.235747 1819341.94852 1620800910.816767
989309.026113 1819347.005464 1620800912.865928
989310.887188 1819348.225279 1620800913.465728
989309.672379 1819347.421067 1620800913.069244
989316.108504 1819351.688893 1620800915.517687
989315.626996 1819351.368647 1620800915.316103
989333.802885 1819362.913428 1620800920.970968
989345.561562 1819370.44448 1620800923.36606
989346.444404 1819370.987643 1620800923.566599
989348.900781 1819372.45177 1620800924.16682
989353.218062 1819374.888847 1620800927.816874
989353.21678 1819374.891054 1620800928.416826
989353.214932 1819374.891962 1620800929.416059
989353.21425 1819374.894183 1620800929.026819
989353.2285 1819374.885836 1620800933.666479
989353.227814 1819374.886809 1620800934.466202
989353.229667 1819374.889575 1620800935.467058
989353.224523 1819374.885822 1620800936.867212
989353.225809 1819374.886332 1620800936.46628
989353.224998 1819374.880303 1620800937.91626
989353.228211 1819374.881777 1620800939.91667
989353.226189 1819374.881408 1620800939.517669
989353.222806 1819374.876145 1620800943.366648
989353.225075 1819374.877661 1620800943.566671
989353.226167 1819374.883479 1620800947.815835
989353.223101 1819374.881533 1620800948.416151
989353.218847 1819374.878255 1620800949.02739
989353.217967 1819374.877547 1620800949.21685
989353.222657 1819374.880114 1620800951.865997
989353.225101 1819374.880607 1620800952.519024
989353.224211 1819374.880398 1620800952.116338
989353.225831 1819374.880517 1620800953.116137
989353.216911 1819374.876392 1620800955.965985
989353.220415 1819374.877452 1620800956.966049
989353.219092 1819374.877021 1620800956.566691
989353.229542 1819374.88336 1620800958.96639
989353.226968 1819374.882347 1620800959.366663
989353.224926 1819374.881019 1620800960.61594
989353.227211 1819374.881001 1620800960.965286
989353.231565 1819374.884317 1620800961.965917
989353.233022 1819374.886632 1620800962.417039
989353.226267 1819374.888538 1620800966.46633
989353.222555 1819374.888227 1620800966.028671
989353.231249 1819374.889389 1620800967.066162
989353.225964 1819374.885155 1620800969.518287
989353.222572 1819374.880209 1620800970.519408
989353.221131 1819374.878178 1620800970.916505
989353.229731 1819374.876605 1620800974.966032
989353.226901 1819374.874305 1620800975.965992
989353.220395 1819374.872832 1620800976.965047
989353.223536 1819374.873565 1620800976.565511
989353.221698 1819374.874064 1620800977.566566
989353.22648 1819374.877338 1620800979.02673
989353.226991 1819374.876941 1620800979.417242
989353.229059 1819374.877435 1620800980.216465
989353.226836 1819374.88606 1620800982.466694
989353.223988 1819374.881806 1620800983.466814
989353.227887 1819374.881138 1620800984.4663
989353.233793 1819374.883117 1620800985.466079
989353.233295 1819374.881823 1620800985.066315
989353.229121 1819374.882538 1620800988.518272
989353.225969 1819374.881057 1620800989.518445
989353.229903 1819374.882715 1620800990.518576
989353.232107 1819374.88339 1620800990.917792
989353.234198 1819374.88457 1620800991.317899
989353.2333 1819374.885426 1620800993.365339
989353.240238 1819374.888581 1620800994.965211
989353.238102 1819374.887307 1620800994.566384
989353.239864 1819374.888589 1620800995.167066
989353.239591 1819374.885924 1620800997.81805
989353.24157 1819374.886175 1620800998.027976
989353.23799 1819374.884406 1620800998.616717
989353.236101 1819374.88366 1620801000.866197
989353.238007 1819374.883368 1620801001.467238
989353.237057 1819374.884581 1620801001.067879
989353.239382 1819374.882639 1620801005.519432
989353.238784 1819374.882352 1620801006.518147
989353.235982 1819374.88006 1620801007.518023
989353.237741 1819374.88127 1620801008.966345
989353.230898 1819374.876279 1620801009.965458
989353.232692 1819374.878019 1620801010.36623
989353.235293 1819374.878995 1620801012.418051
989353.231084 1819374.873988 1620801013.028151
989353.237487 1819374.880843 1620801017.467304
989353.238625 1819374.881109 1620801018.468028
989353.242785 1819374.883448 1620801019.466779
989353.242323 1819374.885253 1620801020.467771
989353.243845 1819374.885086 1620801020.066936
989353.24514 1819374.88195 1620801022.116534
989353.242304 1819374.883615 1620801023.519637
989353.242507 1819374.884655 1620801023.916441
989353.242037 1819374.88123 1620801026.967154
989353.23763 1819374.879583 1620801027.566262
989353.23866 1819374.879929 1620801027.366622
989353.229113 1819374.874417 1620801029.417222
989353.233293 1819374.876659 1620801030.417312
989353.231835 1819374.877095 1620801030.816445
989353.234411 1819374.875119 1620801032.266311
989353.229034 1819374.873359 1620801033.466533
989353.230705 1819374.871499 1620801034.467037
989353.226502 1819374.869801 1620801034.066506
989353.272195 1819374.880093 1620801038.917628
989353.27118 1819374.879759 1620801039.116434
989353.265426 1819374.876466 1620801040.117448
989353.242522 1819374.864579 1620801042.567795
989353.243649 1819374.860181 1620801042.365649
989353.242106 1819374.876328 1620801045.026848
989353.241009 1819374.874133 1620801045.416439
989353.235326 1819374.871525 1620801047.466877
989353.228992 1819374.86915 1620801048.066388
989353.227863 1819374.867722 1620801048.267426
989353.226983 1819374.86817 1620801051.916362
989353.223446 1819374.864009 1620801052.518403
989353.221565 1819374.861496 1620801053.518797
989353.222719 1819374.862811 1620801053.9168
989353.222551 1819374.863194 1620801054.118537
989353.228704 1819374.866034 1620801056.965396
989353.219672 1819374.859895 1620801057.966242
989353.224108 1819374.862697 1620801057.567004
989353.262474 1819374.886134 1620801060.4163
989353.460295 1819374.996845 1620801061.029552
989353.740329 1819375.149813 1620801061.417155
989358.601406 1819377.590515 1620801063.466521
989360.993822 1819378.655384 1620801064.067778
989381.632535 1819384.384962 1620801067.51992
989384.633351 1819384.728002 1620801067.916621
989386.166303 1819384.861076 1620801068.117793
989396.282478 1819385.047622 1620801069.365875
989430.425461 1819380.924971 1620801072.965533
989426.326183 1819381.71569 1620801072.566917
989469.463466 1819372.98345 1620801076.467288
989481.463528 1819370.515095 1620801077.466746
989486.346063 1819369.503259 1620801077.86649
989506.257899 1819365.467784 1620801079.466542
989518.97528 1819362.944335 1620801080.466844
989537.688744 1819359.199333 1620801081.919622
989527.32573 1819361.299526 1620801081.118569
989559.426678 1819355.03119 1620801083.566981
989564.690195 1819354.064708 1620801083.966211
989590.209242 1819349.387075 1620801085.965486
989602.489839 1819347.383837 1620801086.96634
989598.227229 1819348.063537 1620801086.617727
989626.813709 1819344.095785 1620801089.032255
989632.111301 1819343.568339 1620801089.466644
989656.361898 1819341.774219 1620801091.520199
989668.054253 1819341.251691 1620801092.518718
989663.419151 1819341.434176 1620801092.117886
989690.263665 1819340.863955 1620801094.566638
989699.90601 1819340.756757 1620801095.568529
989696.121785 1819340.807461 1620801095.168156
989729.70286 1819340.334819 1620801099.617476
989731.94165 1819340.328826 1620801100.03364
989737.256487 1819340.308762 1620801101.032755
989739.247806 1819340.288661 1620801101.417639
989748.289864 1819340.202089 1620801103.467725
989750.456098 1819340.194712 1620801104.066717
989753.484183 1819340.21596 1620801105.067428
989753.981501 1819340.213807 1620801105.268278
989756.197186 1819340.172172 1620801107.519825
989756.1534 1819340.126029 1620801108.519316
989756.194765 1819340.167058 1620801108.116336
989755.998862 1819340.098553 1620801110.56742
989755.980298 1819340.100241 1620801111.566633
989755.969093 1819340.096521 1620801112.967044
989756.491789 1819340.093215 1620801115.616727
989756.9189 1819340.097986 1620801116.029083
989758.626747 1819340.102603 1620801117.028244
989761.578099 1819340.14437 1620801118.028481
989763.071207 1819340.16929 1620801118.418005
989770.8471 1819340.34805 1620801120.067847
989777.051287 1819340.491655 1620801121.066976
989784.093824 1819340.605211 1620801122.067461
989787.102924 1819340.714783 1620801122.467049
989814.535547 1819342.287961 1620801125.519521
989825.176678 1819342.557353 1620801126.519472
989836.111473 1819342.639179 1620801127.519497
989831.724687 1819342.61327 1620801127.116229
989842.803075 1819342.682804 1620801128.118335
989871.321101 1819342.749819 1620801130.567473
989876.167842 1819342.706209 1620801130.967538
989894.134487 1819342.547364 1620801132.417279
989899.190373 1819342.501011 1620801132.817539
989922.371822 1819342.449353 1620801134.617106
989927.596041 1819342.438889 1620801135.027523
989940.758846 1819342.336171 1620801136.027607
989973.459198 1819342.20137 1620801138.467806
989981.552359 1819342.144577 1620801139.06684
990014.902517 1819341.839126 1620801141.520362
990020.402555 1819341.817961 1620801141.91816
990090.952762 1819341.154192 1620801146.966766
990099.420836 1819341.104646 1620801147.566638
990104.992215 1819341.081173 1620801147.967503
990158.856231 1819340.584253 1620801152.027258
990172.198214 1819340.48124 1620801153.028215
990177.583521 1819340.4608 1620801153.417697
990205.704484 1819340.4454 1620801155.466558
990214.086108 1819340.240976 1620801156.06711
990228.211353 1819339.63197 1620801157.066535
990233.895135 1819339.360386 1620801157.466938
990298.40098 1819338.697908 1620801161.91806
990301.280381 1819338.777042 1620801162.11781
990327.804198 1819339.431604 1620801163.967471
990336.391523 1819339.665277 1620801164.56882
990356.361354 1819340.266379 1620801165.966804
990364.902983 1819340.504745 1620801166.56699
990362.057267 1819340.42542 1620801166.366643
990385.537056 1819341.066052 1620801168.027948
990399.754484 1819341.45438 1620801169.027497
990413.893244 1819342.118727 1620801170.027492
990428.776148 1819342.566398 1620801171.068212
990442.959553 1819342.912349 1620801172.067849
990457.125057 1819343.272098 1620801173.067834
990462.785367 1819343.411228 1620801173.467782
990491.635903 1819343.970916 1620801175.523863
990486.071613 1819343.837412 1620801175.118191
990518.428045 1819344.567289 1620801177.567544
990513.454019 1819344.462135 1620801177.167325
990546.03922 1819345.427178 1620801180.02861
990552.09589 1819345.694165 1620801180.617988
990571.055812 1819346.628004 1620801182.667422
990574.458519 1819346.847127 1620801183.067479
990579.379231 1819347.198692 1620801183.667397
990600.971089 1819349.038609 1620801186.918078
990605.991597 1819349.478026 1620801187.917071
990608.737775 1819349.71458 1620801188.520104
990612.97204 1819350.008666 1620801189.519723
990611.316037 1819349.92133 1620801189.117218
990620.315968 1819349.029689 1620801191.56702
990621.448686 1819348.470671 1620801191.966005
990621.978819 1819348.164316 1620801192.167667
990627.018506 1819339.216498 1620801195.617284
990626.92568 1819339.848297 1620801195.417995
990627.915445 1819331.911914 1620801197.668427
990628.096705 1819330.256474 1620801198.06807
990630.026692 1819309.749168 1620801201.566828
990630.43166 1819302.49503 1620801202.519649
990630.710142 1819294.056224 1620801203.520752
990630.624158 1819297.542387 1620801203.117725
990630.776969 1819288.581381 1620801204.118055
990630.47647 1819247.818311 1620801207.966249
990630.445099 1819240.001257 1620801208.617162
990630.372888 1819222.985228 1620801209.966237
990630.394546 1819227.481692 1620801209.617421
990630.35842 1819219.74683 1620801210.217943
990630.221138 1819186.639748 1620801212.668226
990630.27145 1819192.203806 1620801212.268221
990630.02566 1819157.874798 1620801214.667522
990630.007747 1819152.682747 1620801215.027975
990629.566024 1819086.694294 1620801219.519811
990629.534899 1819071.512637 1620801220.520075
990629.429281 1819037.169978 1620801222.767222
990629.32382 1819024.915913 1620801223.566978
990629.384345 1819031.057701 1620801223.167153
990629.218246 1819015.645561 1620801224.167364
990628.678681 1818951.056004 1620801228.216561
990628.665479 1818947.777025 1620801228.417564
990628.385426 1818914.132191 1620801230.467465
990628.343566 1818910.888689 1620801230.667404
990627.458686 1818875.491712 1620801232.91717
990627.300925 1818872.446395 1620801233.117872
990626.398536 1818857.426738 1620801234.117851
990626.032843 1818851.506966 1620801234.518307
990624.755784 1818821.551975 1620801236.567466
990624.550056 1818815.76822 1620801236.967429
990624.237369 1818809.985492 1620801237.367593
990622.083474 1818763.056906 1620801240.618126
990621.488528 1818748.606061 1620801241.61961
990620.901584 1818733.974728 1620801242.618198
990620.659396 1818728.115638 1620801243.032169
990620.417975 1818722.39074 1620801243.418176
990619.445904 1818699.406115 1620801245.067919
990619.243047 1818693.911271 1620801245.467302
990617.63073 1818663.442734 1620801247.717966
990617.39773 1818658.274541 1620801248.119424
990617.178919 1818653.179708 1620801248.520081
990614.726843 1818600.656453 1620801252.967515
990614.31173 1818593.582107 1620801253.569417
990614.603566 1818598.304171 1620801253.169101
990613.112226 1818556.783882 1620801256.618085
990613.095904 1818544.415411 1620801257.617951
990613.156327 1818539.503401 1620801258.033507
990613.215476 1818537.039345 1620801258.219003
990615.961159 1818495.784967 1620801261.668383
990616.460256 1818491.057123 1620801262.069378
990620.026832 1818462.205635 1620801264.518681
990620.951287 1818455.151144 1620801265.119754
990621.537335 1818450.440549 1620801265.520592
990625.797508 1818419.277041 1620801268.168432
990627.359546 1818407.550583 1620801269.167648
990629.27442 1818391.310357 1620801270.567567
990628.893643 1818396.104867 1620801270.167682
990632.056202 1818368.683691 1620801272.567459
990631.44199 1818373.043696 1620801272.168795
990634.968858 1818348.311799 1620801274.618165
990635.220821 1818346.564317 1620801274.818547
990635.448032 1818329.958862 1620801277.068178
990633.274617 1818324.532107 1620801278.06881
990629.916144 1818319.914356 1620801279.069046
990627.327624 1818317.46094 1620801279.667649
990619.2138 1818312.77046 1620801281.117208
990616.750705 1818311.792029 1620801281.520845
990585.852719 1818310.593656 1620801285.567572
990580.554388 1818310.641304 1620801286.167649
990567.148059 1818310.595735 1620801287.568456
990571.112607 1818310.645539 1620801287.168163
990543.141446 1818308.945008 1620801289.818352
990533.965798 1818308.115196 1620801290.617663
990522.463807 1818307.279209 1620801291.618346
990517.960108 1818306.892458 1620801292.035316
990506.699059 1818305.74572 1620801293.032756
990462.43308 1818303.888175 1620801297.068551
990451.971471 1818303.911789 1620801298.068177
990441.470394 1818303.970267 1620801299.068622
990435.143428 1818304.059197 1620801299.668106
990420.216624 1818304.234115 1620801301.118469
990416.280818 1818304.243314 1620801301.521387
990401.799892 1818304.29597 1620801303.118403
990394.333429 1818304.312166 1620801304.118827
990391.794758 1818304.337044 1620801304.520871
990384.078067 1818304.905077 1620801306.118537
990381.320864 1818304.955556 1620801307.118722
990379.972181 1818304.981989 1620801308.519646
990380.070777 1818304.979507 1620801308.118291
990376.007458 1818304.957461 1620801311.568106
990371.290493 1818304.941866 1620801312.618769
990365.982668 1818304.939504 1620801313.618299
990367.112213 1818304.940208 1620801313.417935
990344.493923 1818305.094902 1620801316.668031
990339.45196 1818305.165211 1620801317.267741
990324.579842 1818305.336952 1620801318.869198
990322.605711 1818305.352982 1620801319.068784
990247.186118 1818305.319999 1620801325.718796
990242.301981 1818305.360739 1620801326.118942
990239.844666 1818305.387373 1620801326.319054
990216.908636 1818305.556713 1620801328.168204
990174.980292 1818305.987208 1620801331.668914
990172.589484 1818306.006488 1620801331.868751
990126.027493 1818306.244157 1620801335.719176
990121.117465 1818306.282129 1620801336.118674
990108.774474 1818306.392578 1620801337.118792
990103.813834 1818306.442799 1620801337.520696
990083.185971 1818306.627288 1620801339.167851
990069.937702 1818306.692292 1620801340.219085
990051.49688 1818306.668232 1620801341.668282
990048.938387 1818306.666387 1620801341.868649
990032.878527 1818306.722654 1620801343.118677
990019.288396 1818306.863908 1620801344.168105
990014.08766 1818306.923532 1620801344.569391
989860.829901 1818307.703309 1620801355.618839
989845.536396 1818307.754143 1620801356.617858
989851.696222 1818307.728324 1620801356.217934
989819.523452 1818307.862002 1620801358.26825
989797.056729 1818308.026079 1620801359.668128
989790.599112 1818308.085692 1620801360.067928
989787.363478 1818308.110737 1620801360.268946
989751.524012 1818308.251466 1620801362.468545
989724.368841 1818308.139752 1620801364.119106
989707.794324 1818307.987363 1620801365.119486
989696.994646 1818307.94721 1620801365.767094
989656.133588 1818308.195527 1620801368.218256
989652.818899 1818308.219423 1620801368.419808
989615.719838 1818308.447241 1620801370.668464
989599.185518 1818308.502623 1620801371.669391
989582.559282 1818308.599821 1620801372.668103
989575.825623 1818308.655365 1620801373.068277
989569.033738 1818308.713723 1620801373.468127
989533.513075 1818308.931058 1620801375.520934
989514.613928 1818308.978482 1620801376.567568
989503.600024 1818308.993033 1620801377.16719
989484.855921 1818308.99104 1620801378.167177
989465.687655 1818309.089738 1620801379.167199
989446.28559 1818309.258854 1620801380.16786
989426.819128 1818309.3676 1620801381.1673
989407.359287 1818309.409675 1620801382.167093
989399.616867 1818309.414887 1620801382.567967
989320.02375 1818309.721345 1620801386.817662
989312.985279 1818309.684695 1620801387.218169
989302.5433 1818309.651034 1620801387.818271
989281.280247 1818309.647514 1620801389.068128
989241.79086 1818309.76796 1620801391.518024
989223.810128 1818309.89532 1620801392.719394
989218.119384 1818309.910159 1620801393.120367
989204.221477 1818309.778917 1620801394.119318
989190.683348 1818309.979316 1620801395.118814
989170.637791 1818310.531409 1620801396.567892
989162.706926 1818310.611636 1620801397.16861
989157.524488 1818310.646127 1620801397.56885
989128.478503 1818310.584386 1620801399.818918
989118.215808 1818310.567116 1620801400.618939
989104.671051 1818310.583242 1620801401.667878
989099.479075 1818310.600173 1620801402.068998
989091.586869 1818310.638996 1620801402.66836
989064.359335 1818310.721921 1620801404.718781
989053.62931 1818310.822732 1620801405.521372
989039.616978 1818311.358136 1620801406.568292
989026.296095 1818312.387568 1620801407.56889
989031.636961 1818311.956412 1620801407.168912
988998.785726 1818313.858137 1620801409.620207
988985.277104 1818314.140227 1620801410.618761
988971.058982 1818314.297696 1620801411.668747
988957.512523 1818314.398369 1620801412.669087
988952.092683 1818314.457696 1620801413.06924
988929.537014 1818314.641077 1620801414.718517
988924.007703 1818314.67286 1620801415.119508
988903.658635 1818314.767803 1620801416.568829
988900.811373 1818314.770624 1620801416.769455
988871.189655 1818314.879073 1620801418.818519
988868.285603 1818314.884588 1620801419.034827
988840.813616 1818314.87929 1620801420.868024
988828.644807 1818314.943608 1620801421.668374
988813.496839 1818315.012273 1620801422.66939
988822.594459 1818314.956519 1620801422.068305
988785.095554 1818315.062492 1620801424.521343
988775.773937 1818315.102116 1620801425.119203
988772.661004 1818315.113975 1620801425.318474
988727.659939 1818315.517843 1620801428.170067
988721.273885 1818315.556839 1620801428.569336
988694.802866 1818315.603048 1620801430.219355
988671.515539 1818315.591743 1620801431.668601
988681.099199 1818315.589577 1620801431.069277
988606.736281 1818317.633641 1620801436.71939
988603.210078 1818318.240915 1620801437.120295
988594.791346 1818320.230063 1620801438.119707
988587.103535 1818322.580329 1620801439.119688
988585.682392 1818323.032941 1620801439.318641
988572.235448 1818327.343179 1620801441.568448
988567.257766 1818328.867151 1620801442.619009
988563.225056 1818330.08472 1620801443.620032
988564.786589 1818329.614329 1620801443.219212
988556.547524 1818332.233024 1620801445.668665
988558.221711 1818331.663527 1620801445.069272
988553.705917 1818333.260903 1620801447.719584
988553.70064 1818333.260826 1620801448.119138
988553.683294 1818333.244124 1620801449.168959
988553.687784 1818333.247086 1620801449.569
988553.685766 1818333.283099 1620801451.568279
988553.68304 1818333.29659 1620801452.169286
988553.676871 1818333.313626 1620801453.03065
988553.663903 1818333.320932 1620801454.619313
988553.668425 1818333.360951 1620801460.719662
988553.665979 1818333.364218 1620801460.919678
988553.671571 1818333.378944 1620801464.568226
988553.674318 1818333.37632 1620801464.370063
988553.673069 1818333.390833 1620801468.418743
988553.66479 1818333.397347 1620801470.668244
988553.668079 1818333.39667 1620801471.718903
988553.664002 1818333.400462 1620801472.71894
988553.670985 1818333.395489 1620801472.119752
988553.664122 1818333.399567 1620801474.368016
988553.664792 1818333.400632 1620801475.16917
988553.662317 1818333.403483 1620801478.619372
988553.666215 1818333.401934 1620801479.218611
988553.655381 1818333.407815 1620801480.869375
988553.663786 1818333.403725 1620801481.87009
988553.663465 1818333.406147 1620801482.719816
988553.657565 1818333.408583 1620801483.719631
988553.66186 1818333.407687 1620801483.119989
988553.665217 1818333.406979 1620801485.168473
988553.662301 1818333.41097 1620801486.169314
988553.652777 1818333.415551 1620801487.819359
988553.657014 1818333.413078 1620801488.818799
988553.653937 1818333.414535 1620801488.420196
988553.659587 1818333.416597 1620801490.668816
988553.660113 1818333.415747 1620801490.469364
988553.653492 1818333.421692 1620801494.119429
988553.662292 1818333.421624 1620801495.169433
988553.652553 1818333.427038 1620801496.168604
988553.652456 1818333.427509 1620801497.169374
988553.648741 1818333.428493 1620801497.569148
988553.656129 1818333.423681 1620801499.219505
988553.656458 1818333.424538 1620801500.668897
988553.658962 1818333.42191 1620801500.269465
988553.651624 1818333.426727 1620801502.718452
988553.655425 1818333.424988 1620801503.118537
988553.65589 1818333.425277 1620801503.520429
988553.65288 1818333.430459 1620801507.169536
988553.653286 1818333.43038 1620801507.56921
988553.640749 1818333.437546 1620801509.619378
988553.641657 1818333.437487 1620801509.41938
988553.64187 1818333.438599 1620801511.66882
988553.6365 1818333.439803 1620801512.719887
988553.640013 1818333.436794 1620801513.719406
988553.64107 1818333.436351 1620801514.118496
988553.639323 1818333.437761 1620801514.319837
988553.29684 1818333.576206 1620801519.768539
988553.045595 1818333.670944 1620801520.169666
988550.923737 1818334.488799 1620801521.819479
988550.073313 1818334.819476 1620801522.22058
988548.970659 1818335.246146 1620801522.619975
988540.23198 1818338.918149 1620801524.669574
988534.721344 1818341.557082 1620801525.668949
988528.743718 1818344.667074 1620801526.670067
988531.163307 1818343.377711 1620801526.269606
988524.743782 1818346.857896 1620801527.320069
988500.364709 1818362.131026 1620801530.969548
988498.92527 1818363.145266 1620801531.168454
988482.714871 1818376.476816 1620801533.619311
988478.855351 1818380.240716 1620801534.219642
988465.742161 1818394.270918 1620801536.270127
988456.376529 1818405.049107 1620801537.720251
988453.75909 1818408.131808 1620801538.119594
988446.749765 1818416.467629 1620801539.169544
988439.817727 1818424.779602 1620801540.169146
988435.52544 1818429.953714 1620801540.768609
988419.999011 1818448.772445 1620801542.819629
988418.409527 1818450.701011 1620801543.031268
988386.168726 1818489.831584 1620801546.868739
988382.715236 1818494.004719 1620801547.26947
988373.997776 1818504.524985 1620801548.269919
988355.165454 1818527.844008 1620801550.469175
988348.521495 1818536.114254 1620801551.27004
988330.439283 1818558.031622 1620801553.719948
988328.042573 1818561.006619 1620801554.121584
988326.920154 1818562.42932 1620801554.319606
988317.364527 1818583.036898 1620801557.620252
988317.421151 1818581.819618 1620801557.419706
988320.927591 1818594.631036 1620801559.669123
988323.115634 1818597.562249 1620801560.268929
988329.213919 1818604.595349 1620801561.720304
988326.585686 1818601.659982 1620801561.11988
988339.542019 1818614.885312 1620801563.7197
988337.243258 1818612.715191 1620801563.320218
988348.756908 1818623.07043 1620801565.119736
988351.688104 1818625.587226 1620801565.522553
988364.837452 1818636.588235 1620801567.169273
988373.605406 1818643.816093 1620801568.16919
988383.297053 1818652.185715 1620801569.219966
988396.490576 1818663.171982 1620801570.620203
988392.680318 1818660.020253 1620801570.218892
988412.039426 1818675.872304 1620801572.219869
988429.790401 1818690.330698 1620801574.030051
988451.916354 1818708.472532 1620801576.270143
988462.470984 1818717.018697 1620801577.319553
988476.598738 1818728.764533 1620801578.720454
988486.268023 1818737.544822 1620801579.719473
988495.366704 1818746.10519 1620801580.719867
988498.898149 1818749.337871 1620801581.120426
988507.934369 1818757.2284 1620801582.169147
988521.068761 1818768.244426 1620801583.819886
988523.994796 1818770.677579 1620801584.21998
988531.176285 1818776.639098 1620801585.269801
988532.44481 1818777.688088 1620801585.470309
988543.965605 1818787.181532 1620801587.720282
988542.939443 1818786.332876 1620801587.474675
988549.448134 1818791.682664 1620801589.77039
988549.82221 1818791.985791 1620801590.168641
988549.893009 1818792.043534 1620801590.369968
988549.910714 1818792.060362 1620801592.21919
988549.910906 1818792.062884 1620801592.420607
988549.875965 1818792.01633 1620801594.670208
988549.849808 1818791.960902 1620801595.269957
988549.843551 1818791.947076 1620801595.469345
988551.23783 1818793.070217 1620801597.720381
988550.606332 1818792.545925 1620801597.319913
988556.86381 1818797.746377 1620801599.769596
988558.345224 1818798.982559 1620801600.169957
988560.8675 1818801.086491 1620801600.768944
988572.100699 1818810.361362 1620801602.819183
988574.679 1818812.464471 1620801603.222265
988582.031365 1818818.477566 1620801604.270091
988585.038075 1818820.945673 1620801604.67153
988597.943097 1818831.546186 1620801606.320602
988599.515818 1818832.840544 1620801606.521196
988627.668763 1818855.914707 1620801609.96904
988629.373706 1818857.293321 1620801610.169261
988631.082532 1818858.680652 1620801610.369094
988652.586486 1818876.304241 1620801612.819935
988656.203467 1818879.275699 1620801613.220016
988665.416979 1818886.855292 1620801614.219911
988674.897974 1818894.674623 1620801615.220075
988684.661583 1818902.725961 1620801616.219908
988694.620474 1818910.980323 1620801617.220238
988709.410428 1818923.155192 1620801618.670152
988715.643138 1818928.288484 1620801619.270255
988730.413215 1818940.483258 1620801620.670301
988743.365018 1818951.14907 1620801621.870191
988763.250553 1818967.565329 1620801623.719854
988759.039174 1818964.07091 1620801623.319617
988769.529646 1818972.77994 1620801624.32076
988851.654616 1819040.494556 1620801631.769264
988856.35776 1819044.381355 1620801632.168681
988876.068153 1819060.345796 1620801633.820101
988878.492621 1819062.230089 1620801634.030308
988893.870255 1819073.642436 1620801635.270068
988906.49574 1819082.289293 1620801636.269998
988911.583259 1819085.676675 1620801636.671425
988939.955496 1819104.471429 1620801638.920571
988950.455814 1819111.51037 1620801639.769595
988962.774192 1819119.526199 1620801640.768848
988975.008635 1819127.378108 1620801641.769302
988979.896044 1819130.440387 1620801642.16946
988984.79258 1819133.436189 1620801642.570408
989024.127087 1819157.612639 1620801645.819305
989021.738685 1819156.115036 1620801645.620384
989038.903165 1819167.067433 1620801647.070518
989057.966309 1819179.608901 1620801648.720062
989069.864965 1819187.572275 1620801649.769259
989074.347978 1819190.599121 1620801650.169204
989076.579984 1819192.114549 1620801650.371162
989107.86076 1819213.268981 1620801653.220456
989114.376791 1819217.556745 1620801653.820395
989130.062761 1819227.902412 1620801655.269938
989132.22422 1819229.327833 1620801655.47019
989156.629896 1819245.469507 1620801657.719714
989152.247275 1819242.581204 1620801657.320517
989163.238369 1819249.830681 1620801658.319941
989212.670367 1819282.64236 1620801662.769275
989223.370206 1819289.841172 1620801663.769547
989216.968828 1819285.53174 1620801663.170108
989264.650852 1819317.404666 1620801667.820082
989268.359726 1819319.858856 1620801668.220224
989273.795165 1819323.457153 1620801668.82025
989292.817486 1819335.669805 1620801671.069624
989296.028872 1819337.632358 1620801671.470097
989314.618762 1819348.195462 1620801673.720118
989309.575763 1819345.403083 1620801673.11975
989331.661992 1819357.607593 1620801675.770522
989339.429961 1819361.881762 1620801676.769623
989334.814708 1819359.345584 1620801676.169562
989357.232813 1819369.697892 1620801679.220154
989361.297768 1819370.27983 1620801679.820387
989371.478163 1819367.853039 1620801681.670384
989373.612891 1819365.869663 1620801682.270382
989375.668253 1819361.893004 1620801683.270137
989376.400907 1819357.590453 1620801684.270233
989376.474781 1819353.051856 1620801685.271782
989376.456314 1819351.057842 1620801685.670775
989376.425031 1819348.944003 1620801686.069526
989375.796317 1819314.919647 1620801690.720793
989375.837315 1819318.446633 1620801690.320698
989375.034799 1819274.118012 1620801694.770596
989374.956192 1819269.647325 1620801695.169771
989374.613165 1819250.636379 1620801696.820302
989374.545595 1819245.893048 1620801697.220335
989374.470281 1819241.107437 1620801697.619836
989374.209134 1819221.700299 1620801699.220233
989374.174959 1819216.823664 1620801699.620289
989374.016556 1819197.221979 1620801701.220292
989373.64521 1819179.427457 1620801702.670341
989373.592012 1819176.968595 1620801702.870089
989373.20122 1819154.371975 1620801704.72083
989373.269232 1819159.194502 1620801704.319869
989372.9938 1819129.63893 1620801706.769399
989372.983625 1819124.191921 1620801707.21957
989372.944517 1819104.708856 1620801708.821344
989372.923017 1819102.259466 1620801709.032396
989372.350959 1819071.478824 1620801711.521689
989372.063418 1819057.579031 1620801712.720969
989371.379152 1819022.442077 1620801719.569725
989371.346059 1819020.621469 1620801720.370634
989371.35309 1819021.086416 1620801720.170553
989371.230531 1819013.930134 1620801722.820367
989371.106767 1819011.125942 1620801723.820561
989370.635047 1819008.226353 1620801724.820396
989370.283081 1819006.993731 1620801725.220812
989362.413323 1818999.226579 1620801728.270108
989357.473771 1818997.924549 1620801729.270429
989351.416876 1818996.780255 1620801730.271306
989348.724551 1818996.279845 1620801730.6729
989332.889876 1818992.916659 1620801732.720876
989327.637653 1818991.53378 1620801733.320821
989318.335473 1818988.816603 1620801734.320057
989308.468837 1818985.790364 1620801735.32038
989297.984865 1818982.416099 1620801736.320963
989293.60537 1818980.954401 1620801736.720508
989276.755103 1818975.320445 1620801738.170628
989218.995544 1818956.24396 1620801742.770676
989224.172062 1818957.958261 1620801742.369401
989192.203273 1818947.14288 1620801744.820684
989179.011541 1818942.629458 1620801745.820549
989165.790586 1818937.966054 1620801746.820794
989152.629243 1818933.053422 1620801747.82063
989139.603144 1818927.651133 1620801748.820629
989147.387875 1818930.958415 1620801748.21925
989082.944807 1818899.839931 1620801753.271013
989075.261623 1818895.920788 1620801753.870783
989057.382956 1818886.329288 1620801755.271948
989043.983047 1818878.783188 1620801756.321116
989038.886477 1818875.844815 1620801756.720955
989012.720561 1818860.417569 1620801758.770331
988999.626495 1818852.255576 1620801759.820429
988987.322364 1818844.440803 1620801760.820572
988982.398226 1818841.285889 1620801761.220892
988902.006008 1818785.07593 1620801767.869946
988897.601581 1818781.302982 1620801768.270482
988893.274781 1818777.566271 1620801768.670672
988872.000273 1818758.737518 1620801770.720449
988861.84893 1818749.218777 1620801771.770254
988854.561078 1818741.765588 1620801772.570886
988839.762693 1818726.588757 1620801774.220802
988821.621474 1818707.075588 1620801776.270999
988812.951697 1818697.786023 1620801777.270725
988804.532931 1818688.749093 1620801778.272147
988796.231153 1818679.804584 1620801779.271104
988787.928854 1818670.920645 1620801780.271086
988779.560724 1818662.082522 1620801781.270549
988767.261109 1818649.190632 1620801782.720431
988762.154347 1818643.76326 1620801783.321003
988758.750935 1818640.092382 1620801783.721119
988740.823001 1818621.02584 1620801785.770378
988731.847645 1818611.402077 1620801786.771595
988722.687304 1818601.606721 1620801787.771506
988717.114762 1818595.649416 1620801788.370688
988703.365524 1818581.071283 1620801789.820855
988705.276007 1818583.092539 1620801789.623107
988680.621768 1818556.888131 1620801792.272429
988675.316288 1818551.171213 1620801792.870408
988659.400946 1818534.187847 1620801794.721229
988657.720943 1818532.417688 1620801794.921408
988642.810932 1818516.442097 1620801796.771913
988634.727274 1818507.821544 1620801797.821782
988636.235527 1818509.434077 1620801797.620887
988624.109744 1818496.752635 1620801799.271922
988621.25891 1818493.899049 1620801799.670118
988618.454196 1818491.088598 1620801800.07062
988569.905431 1818445.607307 1620801806.72104
988565.19596 1818441.258316 1620801807.320987
988553.754832 1818430.350923 1620801808.771045
988550.62198 1818427.27482 1620801809.170297
988538.451332 1818415.050913 1620801810.770998
988531.167707 1818407.66236 1620801811.770237
988524.218805 1818400.716579 1620801812.771105
988517.743543 1818394.375382 1620801813.769469
988511.950884 1818389.015229 1620801814.770324
988506.505111 1818384.931217 1620801815.770244
988501.031115 1818382.203557 1620801816.770317
988503.227556 1818383.130041 1620801816.371389
988497.728444 1818381.250076 1620801817.370761
988478.430368 1818385.310885 1620801820.821334
988479.495308 1818384.650741 1620801820.620696
988465.368446 1818396.571334 1620801823.271297
988464.248864 1818397.732148 1620801823.470782
988451.775048 1818411.590809 1620801825.523777
988442.258491 1818422.507227 1620801826.921394
988439.431707 1818425.863808 1620801827.321554
988432.106531 1818434.64151 1620801828.321208
988421.202339 1818447.965351 1620801829.720966
988416.268451 1818454.011631 1620801830.321573
988407.749213 1818464.452024 1620801831.321354
988398.356611 1818475.880242 1620801832.371081
988389.445427 1818486.648777 1620801833.321411
988385.628508 1818491.28141 1620801833.720558
988365.644648 1818515.537555 1620801835.820677
988364.253301 1818517.231956 1620801835.96948
988320.050524 1818573.847807 1620801843.270775
988319.550866 1818574.935534 1620801843.470729
988318.212122 1818588.461506 1620801845.920544
988318.85469 1818590.56618 1620801846.321167
988320.254494 1818593.53292 1620801846.920235
988327.454344 1818601.540341 1620801848.770941
988330.333867 1818604.083425 1620801849.370301
988329.349364 1818603.235482 1620801849.171234
988341.562256 1818613.668429 1620801851.420832
988350.015531 1818621.641515 1620801852.820996
988356.78142 1818628.034215 1620801853.821107
988364.187464 1818634.746893 1620801854.821565
988372.26577 1818641.696794 1620801855.821179
988367.340128 1818637.489206 1620801855.220947
988375.665588 1818644.581767 1620801856.221179
988400.501919 1818665.184667 1620801858.871317
988404.546975 1818668.493866 1620801859.271249
988419.745409 1818680.864458 1620801860.721316
988421.902243 1818682.618753 1620801860.921288
988444.509011 1818701.128503 1620801862.970407
988448.889622 1818704.730387 1620801863.370577
988453.257799 1818708.329388 1620801863.77041
988475.786567 1818726.726522 1620801865.821043
988471.358344 1818723.150929 1620801865.420957
988480.209998 1818730.325449 1620801866.221729
