353363.061019 4026160.250196 1621838917.91812
353366.429627 4026162.593561 1621838922.66744
353376.782547 4026169.433448 1621838925.816979
353381.776236 4026172.601453 1621838926.867766
353385.119044 4026174.719152 1621838927.517951
353386.985669 4026175.89351 1621838927.867547
353396.546647 4026181.868619 1621838929.567631
353401.26737 4026184.816548 1621838930.367301
353409.436192 4026189.923915 1621838931.767453
353407.454657 4026188.655345 1621838931.416842
353418.068616 4026196.236737 1621838933.467435
353422.154337 4026200.287751 1621838934.46773
353424.448997 4026202.948952 1621838935.119814
353429.890293 4026209.266112 1621838936.81766
353430.93652 4026210.328336 1621838937.167423
353435.462627 4026213.453108 1621838938.518164
353438.987724 4026213.747731 1621838939.518382
353440.743904 4026212.759235 1621838940.167403
353444.612126 4026207.798811 1621838941.867665
353447.249811 4026203.593807 1621838942.868865
353448.29025 4026201.953108 1621838943.22633
353449.354071 4026200.24813 1621838943.567652
353453.208399 4026194.149279 1621838944.718762
353456.919039 4026188.287632 1621838945.718916
353463.820795 4026177.339087 1621838947.417664
353469.999454 4026167.740236 1621838948.817618
353473.010337 4026163.108529 1621838949.467838
353477.724752 4026155.815204 1621838950.467835
353479.362899 4026153.271146 1621838950.817624
353485.175914 4026144.082113 1621838952.11801
353492.163857 4026132.887652 1621838953.817499
353494.877927 4026128.540071 1621838954.467542
353496.360308 4026126.157979 1621838954.817356
353500.596358 4026119.448347 1621838955.818223
353502.062631 4026117.17303 1621838956.167695
353508.718838 4026106.84287 1621838957.867685
353511.090625 4026103.130279 1621838958.517401
353517.617973 4026092.843435 1621838960.227339
353520.902963 4026087.46298 1621838961.067631
353526.671563 4026076.861243 1621838962.817201
353529.322405 4026070.895572 1621838963.816516
353531.741169 4026064.246598 1621838964.817195
353533.110687 4026059.477913 1621838965.467464
353532.408842 4026062.095246 1621838965.117441
353536.08473 4026039.763348 1621838967.817542
353535.747221 4026028.931177 1621838969.017304
353532.456606 4026012.141545 1621838970.867878
353530.271757 4026005.769598 1621838971.567583
353531.442289 4026008.988756 1621838971.228529
353523.16763 4025991.150943 1621838973.2287
353515.442403 4025980.136384 1621838974.5678
353510.881412 4025975.243176 1621838975.228708
353497.714198 4025964.588125 1621838976.867989
353494.654102 4025962.584922 1621838977.228662
353485.723873 4025956.982956 1621838978.230622
353482.600319 4025954.9998 1621838978.567101
353469.931205 4025947.0325 1621838979.967861
353452.918657 4025936.301811 1621838981.817443
353443.616627 4025930.489907 1621838982.817451
353440.353028 4025928.464717 1621838983.167493
353427.882587 4025920.532629 1621838984.518086
353418.907825 4025914.789976 1621838985.517849
353415.853706 4025912.849152 1621838985.86746
353407.384141 4025907.535358 1621838986.868071
353394.006537 4025899.265095 1621838988.767472
353389.390637 4025896.413091 1621838989.567419
353390.205656 4025896.927835 1621838989.417387
353339.210263 4025864.512269 1621838997.817312
353332.087823 4025859.962594 1621838998.817521
353337.056458 4025863.150666 1621838998.117765
353318.546332 4025851.336194 1621839000.867601
353314.293247 4025848.678471 1621839001.517464
353316.293772 4025849.923861 1621839001.224893
353298.118811 4025839.584696 1621839003.568119
353301.179143 4025841.090898 1621839003.227505
353288.266144 4025835.741982 1621839004.617666
353270.731795 4025832.67236 1621839006.317702
353258.472097 4025832.10562 1621839007.467389
353244.648609 4025831.567289 1621839008.816401
353234.91382 4025830.629392 1621839009.816511
353228.400229 4025829.5635 1621839010.518101
353233.023112 4025830.367058 1621839010.01737
353214.340529 4025825.557724 1621839012.226279
353208.299577 4025823.086267 1621839013.223975
353199.979382 4025819.304156 1621839014.918118
353203.084029 4025820.676147 1621839014.227806
353198.668611 4025818.806411 1621839015.223833
353176.02175 4025831.261161 1621839019.967567
353174.734837 4025833.38611 1621839020.267299
353168.521461 4025843.430133 1621839021.616381
353163.588307 4025851.142092 1621839022.617328
353161.790855 4025853.836999 1621839022.967411
353151.616457 4025867.852245 1621839024.816391
353147.924492 4025872.819582 1621839025.467382
353149.622436 4025870.518049 1621839025.167562
353134.923441 4025891.489226 1621839027.867257
353133.039816 4025894.285156 1621839028.226483
353129.621791 4025899.489962 1621839028.867224
353127.814883 4025902.304803 1621839029.22644
353114.497455 4025923.360292 1621839031.917853
353109.943739 4025931.184191 1621839032.917592
353106.899566 4025936.99559 1621839033.616966
353102.731156 4025945.757737 1621839034.617217
353104.172043 4025942.643097 1621839034.268374
353094.178521 4025964.928421 1621839036.667652
353091.463205 4025971.369664 1621839037.317292
353090.848045 4025972.876013 1621839037.467499
353084.708624 4025988.11796 1621839038.967826
353079.102764 4026001.274282 1621839040.317721
353072.941214 4026014.80834 1621839041.81743
353068.557715 4026024.114315 1621839042.867229
353064.264696 4026033.289276 1621839043.867661
353061.248398 4026039.725214 1621839044.567994
353058.491029 4026045.631492 1621839045.223758
353054.293538 4026054.598415 1621839046.225403
353049.93989 4026063.848808 1621839047.224886
353046.929188 4026070.273575 1621839047.918014
353039.953227 4026084.923222 1621839049.617905
353037.107193 4026090.719549 1621839050.317928
353034.355597 4026096.145796 1621839050.967448
353032.833504 4026099.122233 1621839051.317692
353026.577866 4026110.884492 1621839052.667422
353018.941389 4026124.290843 1621839054.225822
353012.448777 4026135.274964 1621839055.517699
353007.225302 4026143.799665 1621839056.517484
353003.348494 4026149.921281 1621839057.223665
352997.584658 4026158.958231 1621839058.226089
352990.164046 4026170.482701 1621839059.51779
352984.570902 4026179.156741 1621839060.567441
352981.244202 4026184.328611 1621839061.222663
352973.76361 4026195.529406 1621839062.61631
352967.770701 4026204.019595 1621839063.66738
352966.019485 4026206.433806 1621839063.967145
352960.038912 4026214.434523 1621839064.967353
352957.92187 4026217.249529 1621839065.317749
352947.630784 4026230.337938 1621839067.017241
352938.844144 4026240.977572 1621839068.567376
352931.273493 4026249.802438 1621839069.917688
352929.245926 4026252.093962 1621839070.267079
352923.357131 4026258.658798 1621839071.268103
352908.520251 4026273.770834 1621839073.617316
352906.180747 4026276.029944 1621839073.966871
352899.327427 4026282.539282 1621839074.96757
352887.239836 4026293.679477 1621839076.667748
352885.13031 4026295.585973 1621839076.967362
352878.303468 4026301.6587 1621839077.967848
352876.004467 4026303.663004 1621839078.317231
352866.765079 4026312.029764 1621839080.017151
352863.356915 4026320.271413 1621839081.568034
352866.921843 4026326.673364 1621839082.917308
352870.006282 4026328.855123 1621839083.567798
352875.888727 4026332.444724 1621839084.616262
352878.115641 4026333.743571 1621839084.967606
352880.124889 4026334.91766 1621839085.267683
352895.655399 4026344.56527 1621839087.31711
352904.209645 4026349.981143 1621839088.367609
352907.059253 4026351.783892 1621839088.7192
352935.50096 4026369.725256 1621839092.719247
352938.836795 4026371.82346 1621839093.226576
352943.37818 4026374.684595 1621839093.867603
352971.54818 4026392.362631 1621839097.917912
352973.522848 4026393.579161 1621839098.226759
352984.822688 4026400.162047 1621839099.917782
352992.176747 4026402.723988 1621839100.96754
352989.710881 4026402.11349 1621839100.616551
353001.424565 4026402.451794 1621839102.317554
353011.875057 4026396.572335 1621839103.967417
353017.914362 4026391.309116 1621839104.967331
353021.748324 4026387.854592 1621839105.616264
353019.96253 4026389.472878 1621839105.317264
353029.706357 4026380.502639 1621839107.016193
353041.909351 4026369.36214 1621839108.867584
353045.554587 4026366.155849 1621839109.367304
353054.748714 4026358.40864 1621839110.567373
353065.334322 4026350.01925 1621839111.867417
353068.269219 4026347.831475 1621839112.227975
353076.77079 4026341.84805 1621839113.227216
353092.214836 4026332.639683 1621839114.917571
353095.105175 4026331.154843 1621839115.226443
353112.92065 4026323.492387 1621839116.967688
353119.790129 4026321.007819 1621839117.617441
353130.282143 4026317.616805 1621839118.617524
353143.478256 4026314.133037 1621839119.967841
353136.890228 4026315.762006 1621839119.267288
353157.756135 4026311.368026 1621839121.667505
353160.18298 4026311.012395 1621839121.96801
353172.137008 4026309.905348 1621839123.317479
353178.409652 4026309.529046 1621839123.967238
353188.803755 4026309.24262 1621839124.966933
353204.175099 4026309.415466 1621839126.317157
353208.292089 4026309.64615 1621839126.667721
353215.924923 4026310.250947 1621839127.317155
353231.30583 4026312.351693 1621839128.667547
353242.541075 4026314.643926 1621839129.66767
353267.20911 4026322.649736 1621839131.917356
353270.790302 4026324.335089 1621839132.267913
353277.263457 4026327.844133 1621839132.917063
353278.72694 4026328.718164 1621839133.067635
353300.541453 4026342.580273 1621839135.317719
353347.534401 4026351.615536 1621839139.967701
353350.253383 4026350.303282 1621839140.317287
353358.623996 4026343.286924 1621839141.617007
353356.88099 4026345.231566 1621839141.317499
353364.235477 4026335.40364 1621839142.667409
353369.626065 4026326.842125 1621839143.667507
353375.741878 4026317.150099 1621839144.718376
353383.609998 4026304.614613 1621839146.017051
353385.747664 4026301.215909 1621839146.367511
353399.289175 4026279.690621 1621839148.56775
353405.740493 4026269.345256 1621839149.617095
353402.377259 4026274.750196 1621839149.067118
353418.075719 4026249.501584 1621839151.967431
353416.518942 4026251.956731 1621839151.616386
353424.953713 4026238.908737 1621839153.61625
353426.899913 4026235.856451 1621839154.117248
353431.481811 4026228.6872 1621839155.317556
353433.432765 4026225.817043 1621839155.816972
353440.237424 4026217.698526 1621839157.317915
353441.868174 4026215.916673 1621839157.667177
353448.00186 4026208.842932 1621839159.067224
353451.753616 4026203.369834 1621839160.067272
353455.234323 4026196.997539 1621839161.067297
353456.253779 4026194.873204 1621839161.367674
353465.94412 4026176.196959 1621839163.719085
353464.290874 4026179.10423 1621839163.36744
353470.139546 4026169.062747 1621839164.567349
353477.953914 4026156.135203 1621839166.067542
353483.439239 4026147.368812 1621839167.067377
353491.093115 4026135.355246 1621839168.416149
353497.62456 4026124.965473 1621839169.567217
353501.478894 4026118.82094 1621839170.267533
353509.592131 4026105.652968 1621839171.967295
353512.516486 4026100.836408 1621839172.667343
353517.947549 4026091.977184 1621839173.967381
353522.075572 4026085.214415 1621839174.967364
353523.478034 4026082.837898 1621839175.317572
353527.437535 4026075.530021 1621839176.317029
353528.72706 4026072.779291 1621839176.667237
353533.003671 4026061.237271 1621839178.017353
353535.624373 4026048.764094 1621839179.367247
353536.377352 4026037.151187 1621839180.56777
353535.572592 4026025.183955 1621839181.767789
353533.104586 4026013.289358 1621839182.967362
353530.981955 4026006.961669 1621839183.617107
353528.12547 4026000.34111 1621839184.317346
353520.948118 4025988.047525 1621839185.71901
353514.490881 4025979.967218 1621839186.718584
353516.518637 4025982.312516 1621839186.417126
353512.031028 4025977.298013 1621839187.067321
353491.429609 4025960.931996 1621839189.617331
353485.202866 4025956.981401 1621839190.317481
353473.510882 4025949.529382 1621839191.617284
353463.988582 4025943.375286 1621839192.667372
353453.018419 4025936.495303 1621839193.867379
353451.657084 4025935.657788 1621839194.017333
353445.463404 4025931.775192 1621839194.719804
353439.465403 4025927.983484 1621839195.417199
353425.635979 4025919.18347 1621839197.117453
353423.207717 4025917.656599 1621839197.417228
353405.687119 4025906.673731 1621839199.616274
353400.473017 4025903.410013 1621839200.317484
353393.897715 4025899.311961 1621839201.317931
353388.137046 4025895.891936 1621839202.317723
353384.215533 4025893.886579 1621839203.016288
353376.947942 4025890.882647 1621839204.367473
353373.314403 4025890.503315 1621839205.06724
353372.566385 4025890.572662 1621839205.225828
353361.749168 4025900.898623 1621839207.967598
353360.737303 4025902.605049 1621839208.267673
353354.370749 4025913.170151 1621839209.967638
353351.332152 4025918.086875 1621839210.667112
353347.997898 4025923.362161 1621839211.367271
353344.710603 4025928.530166 1621839212.017824
353335.742596 4025942.684012 1621839213.718619
353330.226086 4025951.478317 1621839214.71868
353332.177148 4025948.358984 1621839214.366902
353320.739797 4025966.61037 1621839216.367069
353322.499826 4025963.814694 1621839216.066923
353316.565746 4025973.206898 1621839217.067183
353302.263048 4025995.867325 1621839219.416277
353300.210635 4025999.193713 1621839219.767473
353298.464999 4026002.008557 1621839220.067085
353286.481089 4026021.393064 1621839222.267122
353277.505672 4026035.569959 1621839223.967562
353273.709459 4026041.416782 1621839224.667326
353268.300142 4026049.834506 1621839225.667043
353263.00296 4026058.123989 1621839226.666824
353258.386206 4026065.972041 1621839227.667038
353257.135942 4026068.551618 1621839228.016952
353255.226486 4026077.469774 1621839229.316891
353259.112064 4026086.387636 1621839231.016473
353256.846289 4026083.228723 1621839230.317324
353260.304795 4026087.498421 1621839231.317458
353276.865874 4026097.828992 1621839234.718447
353280.583708 4026100.168459 1621839235.367438
353284.678944 4026102.798129 1621839236.067043
353290.296912 4026106.655593 1621839237.067034
353291.092955 4026107.245181 1621839237.224636
353306.737188 4026124.722123 1621839241.116957
353310.603022 4026128.683184 1621839242.117592
353315.742146 4026132.799597 1621839243.317286
353320.39697 4026136.003473 1621839244.317292
353331.639844 4026143.488259 1621839246.667098
353341.289167 4026148.773249 1621839248.667674
353344.710744 4026150.395579 1621839249.317092
353346.575905 4026151.275037 1621839249.666926
353356.999973 4026156.761062 1621839251.718998
353361.008308 4026159.159025 1621839252.567446
353363.266724 4026160.545316 1621839253.06742
353370.909671 4026165.318393 1621839254.767242
353374.202918 4026167.374937 1621839255.467017
353375.596232 4026168.241842 1621839255.767301
353382.538913 4026172.625738 1621839257.317045
353385.329353 4026174.390218 1621839257.967346
353389.990025 4026177.331487 1621839259.317472
353393.677815 4026180.403997 1621839260.666921
353396.723469 4026183.366263 1621839261.666936
353399.102931 4026185.334904 1621839262.367417
353401.717232 4026187.222996 1621839263.067041
353404.297801 4026188.995147 1621839263.767437
353405.394932 4026189.729497 1621839264.066988
353414.457689 4026195.828532 1621839266.467235
353415.607362 4026196.686221 1621839266.76742
353416.933789 4026197.792052 1621839267.117368
353423.129578 4026205.420817 1621839269.11703
353427.020532 4026211.445917 1621839270.467161
353429.212828 4026215.309103 1621839271.267908
353431.557454 4026221.193277 1621839272.467312
353432.160131 4026224.092952 1621839272.967211
353431.650596 4026233.28336 1621839274.36746
353428.806344 4026240.412669 1621839275.417167
353423.374095 4026249.173987 1621839276.718135
353426.211045 4026244.766379 1621839276.067288
353416.907238 4026259.33149 1621839278.117511
353413.768436 4026264.402798 1621839278.76757
353412.029198 4026267.212119 1621839279.116939
353406.917848 4026275.44876 1621839280.116994
353390.921568 4026300.778302 1621839283.017306
353392.929844 4026297.602661 1621839282.667114
353380.890119 4026316.803344 1621839284.718067
353382.985885 4026313.438458 1621839284.367355
353371.088625 4026332.378599 1621839286.367
353366.296804 4026339.861652 1621839287.223814
353353.759267 4026353.982005 1621839289.71786
353348.843799 4026356.491282 1621839290.719263
353343.506498 4026357.89216 1621839291.718657
353341.288714 4026358.153149 1621839292.066969
353328.690216 4026357.917244 1621839293.767295
353320.406305 4026355.76523 1621839294.766841
353323.327389 4026356.749038 1621839294.417003
353311.921126 4026351.834711 1621839295.767185
353308.950433 4026350.13407 1621839296.116784
353280.355445 4026332.497469 1621839299.467017
353274.589545 4026329.233949 1621839300.167374
353272.072839 4026327.934859 1621839300.467031
353250.520111 4026320.033842 1621839302.817042
353177.327516 4026313.795675 1621839310.51683
353178.257749 4026313.82896 1621839310.367213
353162.88875 4026280.604671 1621839317.367309
353163.015378 4026278.219856 1621839317.718086
353164.755889 4026266.739643 1621839319.415901
353164.437388 4026267.769362 1621839319.266554
353183.371575 4026235.215001 1621839323.4672
353185.251592 4026232.263011 1621839323.816918
353186.857286 4026229.749098 1621839324.117385
353211.176929 4026191.088988 1621839328.817015
353212.987646 4026188.129903 1621839329.167252
353214.841985 4026185.178509 1621839329.517162
353221.888806 4026174.064425 1621839330.867004
353230.938478 4026159.743144 1621839332.719146
353235.974615 4026152.261027 1621839333.767428
353241.442585 4026146.403144 1621839334.767577
353237.807891 4026150.027271 1621839334.117474
353252.579573 4026139.839387 1621839336.468233
353257.45955 4026138.085452 1621839337.116913
353259.989294 4026137.358385 1621839337.467222
353265.71123 4026135.739002 1621839338.167497
353285.144591 4026130.842098 1621839340.718152
353291.496101 4026129.280849 1621839341.718445
353295.285145 4026128.358016 1621839342.366907
353298.818345 4026127.713023 1621839343.0172
353300.643828 4026127.523985 1621839343.36793
353313.67961 4026130.981755 1621839345.718807
353317.362105 4026133.422114 1621839346.367455
353323.359835 4026137.603795 1621839347.416338
353328.85087 4026141.496265 1621839348.416464
353326.960697 4026140.151483 1621839348.066972
353334.310461 4026145.128729 1621839349.41657
353346.105375 4026150.651168 1621839351.417135
353351.077519 4026153.110845 1621839352.267097
353357.510267 4026156.913095 1621839353.467496
353355.709043 4026155.797135 1621839353.118097
353364.828415 4026161.487836 1621839355.317881
353367.151314 4026162.898766 1621839356.966917
353367.223166 4026162.940311 1621839357.167225
353367.249181 4026162.955804 1621839357.666865
353367.245694 4026162.958701 1621839359.367394
353367.241806 4026162.961315 1621839360.167268
353367.233226 4026162.968017 1621839361.867083
353367.224762 4026162.973306 1621839362.867034
353367.221374 4026162.970157 1621839363.517224
