353363.060016 4026160.249597 1621838918.067572
353366.6315 4026162.735614 1621838922.767605
353376.782547 4026169.433448 1621838925.816979
353381.776236 4026172.601453 1621838926.867766
353385.119044 4026174.719152 1621838927.517951
353386.985669 4026175.89351 1621838927.867547
353396.838381 4026182.051933 1621838929.617537
353400.970114 4026184.631388 1621838930.317809
353409.156041 4026189.743822 1621838931.719676
353407.165962 4026188.473846 1621838931.367572
353417.843389 4026196.041966 1621838933.417895
353421.966849 4026200.080156 1621838934.417543
353424.448997 4026202.948952 1621838935.119814
353429.890293 4026209.266112 1621838936.81766
353430.93652 4026210.328336 1621838937.167423
353435.462627 4026213.453108 1621838938.518164
353438.987724 4026213.747731 1621838939.518382
353440.866788 4026212.662992 1621838940.227357
353444.736439 4026207.599782 1621838941.918156
353447.390409 4026203.365683 1621838942.918284
353448.438692 4026201.712454 1621838943.267955
353449.514736 4026200.001069 1621838943.617683
353453.030877 4026194.429046 1621838944.667673
353456.72446 4026188.593355 1621838945.667817
353463.608904 4026177.673188 1621838947.367594
353469.771196 4026168.091805 1621838948.767615
353472.776493 4026163.469283 1621838949.417904
353477.488394 4026156.181365 1621838950.417619
353479.130467 4026153.633439 1621838950.767993
353485.175914 4026144.082113 1621838952.11801
353491.958383 4026133.216491 1621838953.767504
353494.877927 4026128.540071 1621838954.467542
353496.360308 4026126.157979 1621838954.817356
353500.596358 4026119.448347 1621838955.818223
353502.062631 4026117.17303 1621838956.167695
353508.718838 4026106.84287 1621838957.867685
353511.272128 4026102.847547 1621838958.567707
353517.813791 4026092.524954 1621838960.267492
353520.711086 4026087.786775 1621838961.017417
353526.386872 4026077.452936 1621838962.719552
353529.194359 4026071.204866 1621838963.767733
353531.620169 4026064.602869 1621838964.767434
353533.008995 4026059.856474 1621838965.417163
353532.408842 4026062.095246 1621838965.117441
353536.064354 4026040.209008 1621838967.76896
353535.647107 4026028.020649 1621838969.118829
353532.320434 4026011.691507 1621838970.917847
353530.271757 4026005.769598 1621838971.567583
353531.442289 4026008.988756 1621838971.228529
353523.16763 4025991.150943 1621838973.2287
353515.442403 4025980.136384 1621838974.5678
353510.881412 4025975.243176 1621838975.228708
353497.280105 4025964.298686 1621838976.917599
353494.654102 4025962.584922 1621838977.228662
353485.276348 4025956.701364 1621838978.2675
353481.706989 4025954.429949 1621838978.668215
353469.476588 4025946.747827 1621838980.017397
353453.382433 4025936.591899 1621838981.767952
353444.081924 4025930.780254 1621838982.767754
353440.818693 4025928.752865 1621838983.117986
353427.882587 4025920.532629 1621838984.518086
353418.907825 4025914.789976 1621838985.517849
353415.853706 4025912.849152 1621838985.86746
353406.976866 4025907.284626 1621838986.917671
353394.895689 4025899.816144 1621838988.617462
353389.121086 4025896.242344 1621838989.617315
353391.084446 4025897.465631 1621838989.267919
353339.923451 4025864.961066 1621838997.71922
353332.438693 4025860.189181 1621838998.766502
353337.415666 4025863.378261 1621838998.067815
353318.546332 4025851.336194 1621839000.867601
353314.293247 4025848.678471 1621839001.517464
353316.620882 4025850.127808 1621839001.167569
353298.118811 4025839.584696 1621839003.568119
353300.750101 4025840.869935 1621839003.271035
353287.773179 4025835.591552 1621839004.66743
353270.196199 4025832.635894 1621839006.367443
353258.997878 4025832.123742 1621839007.417449
353245.147351 4025831.598288 1621839008.767648
353234.91382 4025830.629392 1621839009.816511
353228.400229 4025829.5635 1621839010.518101
353231.617626 4025830.146013 1621839010.167423
353214.340529 4025825.557724 1621839012.226279
353208.02046 4025822.961421 1621839013.267554
353199.979382 4025819.304156 1621839014.918118
353202.853339 4025820.567434 1621839014.268048
353198.448508 4025818.731557 1621839015.269777
353176.02175 4025831.261161 1621839019.967567
353174.517459 4025833.746118 1621839020.318012
353168.280346 4025843.813625 1621839021.667297
353163.334038 4025851.527929 1621839022.66756
353161.529685 4025854.22227 1621839023.017204
353152.184147 4025867.096112 1621839024.719101
353148.205984 4025872.434614 1621839025.417264
353150.194326 4025869.754204 1621839025.06765
353134.923441 4025891.489226 1621839027.867257
353133.039816 4025894.285156 1621839028.226483
353129.621791 4025899.489962 1621839028.867224
353127.814883 4025902.304803 1621839029.22644
353114.497455 4025923.360292 1621839031.917853
353109.719206 4025931.588511 1621839032.967697
353106.690764 4025937.425905 1621839033.668103
353102.519671 4025946.203942 1621839034.667466
353103.759694 4025943.531514 1621839034.367507
353093.96754 4025965.415163 1621839036.718839
353091.256828 4025971.869972 1621839037.367522
353089.822531 4025975.401978 1621839037.719171
353084.297307 4025989.121926 1621839039.067627
353078.685307 4026002.212506 1621839040.417533
353073.144342 4026014.375618 1621839041.767439
353068.769291 4026023.66184 1621839042.817369
353064.480881 4026032.828429 1621839043.817309
353061.248398 4026039.725214 1621839044.567994
353058.491029 4026045.631492 1621839045.223758
353054.293538 4026054.598415 1621839046.225403
353049.93989 4026063.848808 1621839047.224886
353046.718204 4026070.724736 1621839047.96739
353039.750375 4026085.345176 1621839049.667543
353037.107193 4026090.719549 1621839050.317928
353034.139901 4026096.568501 1621839051.01729
353032.613215 4026099.551246 1621839051.367515
353026.337084 4026111.321009 1621839052.718995
353019.433194 4026123.439018 1621839054.117419
353012.701667 4026134.85415 1621839055.467316
353007.497555 4026143.369261 1621839056.467526
353003.629845 4026149.478142 1621839057.167338
352997.875954 4026158.504772 1621839058.167275
352990.164046 4026170.482701 1621839059.51779
352984.570902 4026179.156741 1621839060.567441
352981.244202 4026184.328611 1621839061.222663
352973.76361 4026195.529406 1621839062.61631
352967.770701 4026204.019595 1621839063.66738
352965.719389 4026206.839366 1621839064.01631
352959.738636 4026214.836352 1621839065.017906
352957.619474 4026217.649903 1621839065.367524
352947.333694 4026230.699761 1621839067.067248
352939.116485 4026240.657157 1621839068.517328
352931.561837 4026249.474658 1621839069.867481
352929.536369 4026251.765979 1621839070.227298
352923.357131 4026258.658798 1621839071.268103
352908.520251 4026273.770834 1621839073.617316
352906.180747 4026276.029944 1621839073.966871
352898.977808 4026282.867518 1621839075.016366
352887.239836 4026293.679477 1621839076.667748
352884.780333 4026295.902177 1621839077.017493
352877.980442 4026301.93895 1621839078.017176
352875.675134 4026303.949942 1621839078.367317
352866.564124 4026312.262304 1621839080.068293
352863.345857 4026319.98624 1621839081.517844
352866.921843 4026326.673364 1621839082.917308
352870.006282 4026328.855123 1621839083.567798
352875.888727 4026332.444724 1621839084.616262
352878.115641 4026333.743571 1621839084.967606
352880.46847 4026335.118767 1621839085.317594
352896.056708 4026344.822124 1621839087.36735
352904.619111 4026350.23858 1621839088.41682
352907.87318 4026352.293861 1621839088.81638
352936.164067 4026370.143739 1621839092.817213
352938.159181 4026371.398191 1621839093.117122
352943.019585 4026374.460541 1621839093.817257
352971.202726 4026392.154133 1621839097.867486
352973.19554 4026393.378887 1621839098.167384
352984.822688 4026400.162047 1621839099.917782
352992.176747 4026402.723988 1621839100.96754
352990.058752 4026402.219917 1621839100.667528
353001.424565 4026402.451794 1621839102.317554
353011.875057 4026396.572335 1621839103.967417
353018.214214 4026391.046431 1621839105.016471
353022.038666 4026387.586719 1621839105.667228
353019.96253 4026389.472878 1621839105.317264
353030.005368 4026380.226711 1621839107.06703
353041.193196 4026370.00066 1621839108.767377
353046.295505 4026365.51034 1621839109.467066
353053.956633 4026359.055929 1621839110.467394
353064.916326 4026350.336298 1621839111.816377
353067.427804 4026348.452311 1621839112.117359
353076.339687 4026342.137818 1621839113.167617
353091.736316 4026332.890832 1621839114.867227
353095.105175 4026331.154843 1621839115.226443
353112.392611 4026323.691779 1621839116.917819
353119.790129 4026321.007819 1621839117.617441
353130.282143 4026317.616805 1621839118.617524
353143.478256 4026314.133037 1621839119.967841
353136.890228 4026315.762006 1621839119.267288
353157.756135 4026311.368026 1621839121.667505
353160.608063 4026310.9544 1621839122.017213
353172.137008 4026309.905348 1621839123.317479
353178.907898 4026309.504587 1621839124.017446
353189.348684 4026309.237258 1621839125.01622
353204.763834 4026309.441699 1621839126.367121
353208.292089 4026309.64615 1621839126.667721
353216.504144 4026310.308862 1621839127.367634
353231.86618 4026312.449385 1621839128.719099
353243.659098 4026314.907107 1621839129.76769
353267.20911 4026322.649736 1621839131.917356
353270.283534 4026324.082832 1621839132.223762
353276.772084 4026327.561485 1621839132.867413
353280.16847 4026329.620758 1621839133.223622
353300.036526 4026342.297328 1621839135.267946
353347.534401 4026351.615536 1621839139.967701
353350.253383 4026350.303282 1621839140.317287
353358.623996 4026343.286924 1621839141.617007
353356.88099 4026345.231566 1621839141.317499
353364.235477 4026335.40364 1621839142.667409
353369.907398 4026326.395294 1621839143.718465
353376.04181 4026316.674393 1621839144.767365
353383.915518 4026304.129426 1621839146.066743
353386.051929 4026300.729551 1621839146.417092
353398.979 4026280.184772 1621839148.51754
353405.135701 4026270.322938 1621839149.517014
353402.996696 4026273.76324 1621839149.167677
353418.075719 4026249.501584 1621839151.967431
353416.518942 4026251.956731 1621839151.616386
353424.953713 4026238.908737 1621839153.61625
353426.319234 4026236.759991 1621839153.967653
353431.481811 4026228.6872 1621839155.317556
353432.827392 4026226.673283 1621839155.667622
353440.474668 4026217.445095 1621839157.367707
353442.099242 4026215.664813 1621839157.719358
353448.00186 4026208.842932 1621839159.067224
353451.753616 4026203.369834 1621839160.067272
353455.405464 4026196.650798 1621839161.117285
353456.426003 4026194.51082 1621839161.416299
353466.184391 4026175.780483 1621839163.767355
353464.756022 4026178.274759 1621839163.467215
353469.637127 4026169.908896 1621839164.467262
353478.495254 4026155.263485 1621839166.167439
353484.00373 4026146.486418 1621839167.167227
353491.672882 4026134.45342 1621839168.517514
353497.344081 4026125.416268 1621839169.517156
353501.207759 4026119.255934 1621839170.222646
353509.592131 4026105.652968 1621839171.967295
353512.312481 4026101.172381 1621839172.616428
353517.947549 4026091.977184 1621839173.967381
353522.075572 4026085.214415 1621839174.967364
353523.478034 4026082.837898 1621839175.317572
353527.437535 4026075.530021 1621839176.317029
353528.905006 4026072.374955 1621839176.719173
353533.129384 4026060.788472 1621839178.067182
353535.685266 4026048.289063 1621839179.417081
353536.369383 4026038.135741 1621839180.466751
353535.511784 4026024.685781 1621839181.817009
353533.386815 4026014.268836 1621839182.867725
353531.164354 4026007.444771 1621839183.567512
353528.12547 4026000.34111 1621839184.317346
353520.948118 4025988.047525 1621839185.71901
353514.147726 4025979.580807 1621839186.767463
353516.185741 4025981.91862 1621839186.467665
353511.670675 4025976.92444 1621839187.117841
353491.872483 4025961.214227 1621839189.568054
353485.649339 4025957.262917 1621839190.267279
353473.510882 4025949.529382 1621839191.617284
353464.443826 4025943.666155 1621839192.617271
353454.385026 4025937.339021 1621839193.719932
353451.205307 4025935.378697 1621839194.067706
353445.463404 4025931.775192 1621839194.719804
353439.044293 4025927.717189 1621839195.467132
353425.234919 4025918.928783 1621839197.167411
353422.391361 4025917.146567 1621839197.517244
353406.070583 4025906.914408 1621839199.56771
353400.832602 4025903.635774 1621839200.267249
353393.897715 4025899.311961 1621839201.317931
353388.137046 4025895.891936 1621839202.317723
353384.215533 4025893.886579 1621839203.016288
353376.947942 4025890.882647 1621839204.367473
353373.061619 4025890.520934 1621839205.118465
353371.108349 4025890.874963 1621839205.517407
353362.09394 4025900.303837 1621839207.867296
353360.907896 4025902.328105 1621839208.22704
353354.576429 4025912.832955 1621839209.917276
353351.332152 4025918.086875 1621839210.667112
353348.246211 4025922.973224 1621839211.317016
353344.710603 4025928.530166 1621839212.017824
353335.470151 4025943.116616 1621839213.767346
353330.226086 4025951.478317 1621839214.71868
353331.901122 4025948.80043 1621839214.417326
353320.445123 4025967.078607 1621839216.417055
353322.499826 4025963.814694 1621839216.066923
353316.565746 4025973.206898 1621839217.067183
353301.968885 4025996.345104 1621839219.467268
353299.918607 4025999.668139 1621839219.816132
353297.88997 4026002.937415 1621839220.16736
353286.73927 4026020.970898 1621839222.227914
353277.505672 4026035.569959 1621839223.967562
353273.981867 4026040.993122 1621839224.617138
353268.569306 4026049.41356 1621839225.616853
353263.260115 4026057.715363 1621839226.616799
353258.585888 4026065.598959 1621839227.616771
353257.301426 4026068.189686 1621839227.967161
353255.209846 4026077.147841 1621839229.267373
353258.93146 4026086.189498 1621839230.967047
353256.846289 4026083.228723 1621839230.317324
353260.092401 4026087.326466 1621839231.267333
353276.584857 4026097.655463 1621839234.667229
353280.583708 4026100.168459 1621839235.367438
353284.678944 4026102.798129 1621839236.067043
353290.296912 4026106.655593 1621839237.067034
353292.394605 4026108.218102 1621839237.467067
353306.930579 4026124.933322 1621839241.167209
353310.805105 4026128.865667 1621839242.167508
353315.285463 4026132.467949 1621839243.22717
353319.935916 4026135.690236 1621839244.226971
353331.399985 4026143.334008 1621839246.61597
353341.03025 4026148.647416 1621839248.617172
353344.710744 4026150.395579 1621839249.317092
353346.575905 4026151.275037 1621839249.666926
353356.756459 4026156.620599 1621839251.666976
353361.693704 4026159.577506 1621839252.718486
353363.489176 4026160.683218 1621839253.118119
353371.145097 4026165.465909 1621839254.816378
353374.435905 4026167.520163 1621839255.517096
353376.056721 4026168.530894 1621839255.867497
353382.321285 4026172.487473 1621839257.267189
353385.119309 4026174.257477 1621839257.917253
353389.846963 4026177.234297 1621839259.269377
353393.538085 4026180.268065 1621839260.616168
353396.723469 4026183.366263 1621839261.666936
353399.102931 4026185.334904 1621839262.367417
353401.717232 4026187.222996 1621839263.067041
353404.297801 4026188.995147 1621839263.767437
353405.577538 4026189.849597 1621839264.117159
353414.457689 4026195.828532 1621839266.467235
353415.798807 4026196.835875 1621839266.817128
353417.119231 4026197.963333 1621839267.167387
353423.264517 4026205.617119 1621839269.167201
353427.164497 4026211.68734 1621839270.51937
353429.087408 4026215.067185 1621839271.226626
353431.698931 4026221.738854 1621839272.56757
353432.120541 4026223.784799 1621839272.917689
353431.73013 4026232.941343 1621839274.31733
353428.986491 4026240.076783 1621839275.367802
353423.374095 4026249.173987 1621839276.718135
353426.423247 4026244.430162 1621839276.016921
353416.907238 4026259.33149 1621839278.117511
353413.768436 4026264.402798 1621839278.76757
353412.029198 4026267.212119 1621839279.116939
353406.917848 4026275.44876 1621839280.116994
353391.210218 4026300.323006 1621839282.967352
353393.214043 4026297.152241 1621839282.616873
353381.189088 4026316.321654 1621839284.667189
353383.28495 4026312.960819 1621839284.316929
353371.379017 4026331.921487 1621839286.31758
353365.494312 4026341.077006 1621839287.367331
353353.759267 4026353.982005 1621839289.71786
353348.843799 4026356.491282 1621839290.719263
353343.506498 4026357.89216 1621839291.718657
353341.288714 4026358.153149 1621839292.066969
353328.690216 4026357.917244 1621839293.767295
353320.406305 4026355.76523 1621839294.766841
353322.91092 4026356.625454 1621839294.467172
353311.921126 4026351.834711 1621839295.767185
353308.950433 4026350.13407 1621839296.116784
353280.355445 4026332.497469 1621839299.467017
353274.589545 4026329.233949 1621839300.167374
353271.224051 4026327.521488 1621839300.56718
353249.532209 4026319.771741 1621839302.917352
353176.711737 4026313.757092 1621839310.617056
353178.882479 4026313.836535 1621839310.267259
353162.88875 4026280.604671 1621839317.367309
353162.995677 4026278.559522 1621839317.667049
353164.755889 4026266.739643 1621839319.415901
353164.082715 4026269.139472 1621839319.067368
353183.371575 4026235.215001 1621839323.4672
353185.251592 4026232.263011 1621839323.816918
353187.123489 4026229.33081 1621839324.167232
353211.433805 4026190.666261 1621839328.867211
353213.247014 4026187.707673 1621839329.224425
353215.107073 4026184.758694 1621839329.567352
353222.393473 4026173.2599 1621839330.967506
353230.705125 4026160.119394 1621839332.666308
353235.974615 4026152.261027 1621839333.767428
353241.442585 4026146.403144 1621839334.767577
353237.539538 4026150.336717 1621839334.067132
353252.579573 4026139.839387 1621839336.468233
353257.848572 4026137.962727 1621839337.167464
353260.390887 4026137.24043 1621839337.517546
353266.127035 4026135.622296 1621839338.226586
353284.465608 4026131.011882 1621839340.617056
353290.892693 4026129.431895 1621839341.616427
353294.994844 4026128.422334 1621839342.31683
353298.551212 4026127.759337 1621839342.967786
353300.383822 4026127.543416 1621839343.31708
353313.114332 4026130.64667 1621839345.616302
353317.07611 4026133.224194 1621839346.317658
353323.078548 4026137.404001 1621839347.367456
353328.583086 4026141.305618 1621839348.367362
353326.960697 4026140.151483 1621839348.066972
353334.034713 4026144.958237 1621839349.367333
353345.805875 4026150.515244 1621839351.367445
353351.922169 4026153.570261 1621839352.416354
353357.510267 4026156.913095 1621839353.467496
353355.44744 4026155.634793 1621839353.066875
353365.196906 4026161.715326 1621839355.467002
353367.071648 4026162.851601 1621839356.81678
353367.223166 4026162.940311 1621839357.167225
353367.254464 4026162.959031 1621839357.51698
353367.24615 4026162.958307 1621839359.225826
353367.24162 4026162.961602 1621839360.226822
353367.233226 4026162.968017 1621839361.867083
353367.224435 4026162.973655 1621839362.917529
353367.221262 4026162.969172 1621839363.566774
