988130.011662 1818820.744814 1620786434.361605
988130.012898 1818820.746978 1620786435.81163
988130.012172 1818820.746843 1620786436.022166
988130.01241 1818820.746246 1620786436.411991
988131.036271 1818821.318717 1620786441.461529
988131.76785 1818821.728553 1620786442.061604
988133.928021 1818822.983873 1620786443.661932
988135.006717 1818823.634364 1620786444.461358
988137.692422 1818825.252845 1620786445.861859
988139.617839 1818826.409696 1620786446.661552
988141.784112 1818827.677406 1620786447.461582
988140.676395 1818827.033457 1620786447.061581
988155.980669 1818835.47466 1620786451.513082
988157.600331 1818836.371358 1620786451.911024
988158.395663 1818836.819135 1620786452.112276
988169.679208 1818844.3617 1620786454.960718
988173.406134 1818847.516643 1620786455.961
988171.222731 1818845.615444 1620786455.361709
988179.251418 1818853.090433 1620786457.760776
988181.720456 1818855.382599 1620786458.563075
988190.870995 1818861.147553 1620786461.811686
988191.542152 1818861.247511 1620786462.019814
988195.853656 1818860.199201 1620786463.411643
988197.279645 1818859.040901 1620786464.021965
988198.115905 1818858.092781 1620786464.41098
988202.390571 1818851.345876 1620786466.411745
988201.42428 1818852.910989 1620786466.02014
988209.954048 1818839.499672 1620786468.861299
988212.212357 1818836.045166 1620786469.461785
988216.260606 1818829.890771 1620786470.461491
988220.621883 1818823.382543 1620786471.461626
988218.853957 1818826.015357 1620786471.061719
988227.682184 1818812.767381 1620786473.020402
988229.481801 1818810.024517 1620786473.412051
988236.444325 1818799.391811 1620786475.020349
988237.308114 1818798.063304 1620786475.211619
988251.80531 1818776.070067 1620786478.661242
988256.762991 1818768.628619 1620786479.86137
988259.137887 1818765.082473 1620786480.461344
988257.566426 1818767.430877 1620786480.061669
988266.485013 1818753.958455 1620786482.512435
988269.684189 1818748.970897 1620786483.512376
988270.953889 1818746.956793 1620786483.911918
988276.821713 1818737.333791 1620786485.661826
988278.250938 1818734.989511 1620786486.061533
988283.119581 1818726.564 1620786487.461308
988284.42587 1818724.035818 1620786487.861895
988288.873994 1818713.26399 1620786489.461701
988291.014354 1818706.049036 1620786490.462498
988292.576001 1818698.610006 1620786491.461409
988293.68872 1818687.490287 1620786492.911677
988293.684992 1818682.649517 1620786493.513481
988293.011631 1818674.465312 1620786494.512677
988292.590763 1818671.20901 1620786494.912768
988289.612841 1818658.936393 1620786496.461252
988286.659809 1818651.24577 1620786497.461293
988285.224534 1818648.185234 1620786497.861332
988277.896395 1818635.956898 1620786499.513026
988272.412041 1818628.849034 1620786500.512683
988266.255604 1818622.076959 1620786501.512936
988263.572206 1818619.531658 1620786501.910839
988262.185726 1818618.290428 1620786502.111715
988192.228696 1818571.176034 1620786510.513902
988188.846702 1818568.92737 1620786510.911888
988172.16995 1818558.068884 1620786512.96137
988164.504117 1818553.091246 1620786513.960432
988157.193511 1818548.334919 1620786514.961439
988150.164278 1818543.779053 1620786515.96154
988152.968099 1818545.594536 1620786515.561402
988146.172947 1818541.173528 1620786516.561405
988131.097933 1818531.088732 1620786518.911916
988127.152069 1818528.537728 1620786519.513451
988120.826754 1818524.383051 1620786520.514104
988118.483628 1818522.829254 1620786520.91222
988116.133678 1818521.255003 1620786521.312818
988100.101245 1818510.650594 1620786523.960519
988093.654191 1818506.465959 1620786524.960337
988096.206937 1818508.133279 1620786524.562619
988091.160249 1818504.826579 1620786525.361252
988081.57333 1818498.547162 1620786527.024783
988072.649935 1818492.767597 1620786528.611488
988066.54778 1818489.036987 1620786529.611588
988063.929863 1818487.561567 1620786530.025778
988061.186328 1818486.147694 1620786530.411041
988040.658348 1818479.116706 1620786532.96151
988044.14736 1818479.911444 1620786532.560651
988027.931153 1818477.358822 1620786534.361458
988026.055148 1818477.218176 1620786534.561477
988006.857975 1818476.068377 1620786536.611848
988003.146757 1818475.779693 1620786537.02506
987999.449311 1818475.414646 1620786537.411477
987971.918155 1818468.205463 1620786540.711998
987966.182017 1818465.567228 1620786541.512203
987959.39888 1818462.590467 1620786542.513021
987952.899841 1818461.468491 1620786543.512641
987955.459262 1818461.59015 1620786543.11103
987949.176572 1818462.164427 1620786544.111198
987934.962716 1818478.220184 1620786547.211495
987862.509167 1818593.209169 1620786563.02096
987858.647357 1818600.967642 1620786564.021092
987854.807124 1818608.816744 1620786565.020888
987850.917545 1818616.812479 1620786566.021474
987847.046016 1818624.84218 1620786567.021704
987843.111954 1818632.880785 1620786568.019909
987839.13725 1818641.001767 1620786569.019755
987835.155762 1818649.050008 1620786570.018367
987836.743943 1818645.817301 1620786569.611375
987833.58527 1818652.178386 1620786570.411788
987823.622689 1818672.109756 1620786573.019501
987817.439699 1818684.548389 1620786574.61181
987796.393648 1818727.177299 1620786580.061115
987790.496872 1818738.408343 1620786581.560402
987786.318558 1818746.079882 1620786582.560552
987781.951513 1818753.831945 1620786583.560853
987777.404715 1818761.580798 1620786584.560878
987772.752293 1818769.222647 1620786585.564612
987767.982224 1818776.817352 1620786586.56041
987763.134081 1818784.326053 1620786587.561746
987758.195768 1818791.729923 1620786588.561566
987753.204245 1818799.082445 1620786589.560974
987748.26676 1818806.338781 1620786590.560589
987743.442501 1818813.310212 1620786591.560799
987738.672149 1818820.317844 1620786592.560856
987733.98564 1818827.315697 1620786593.561426
987727.350557 1818837.039695 1620786594.96155
987731.161542 1818831.495139 1620786594.160404
987720.526202 1818846.69155 1620786596.360697
987712.573255 1818857.23682 1620786597.911876
987709.372748 1818861.285869 1620786598.512203
987703.907106 1818868.019457 1620786599.5123
987698.309731 1818874.689745 1620786600.512607
987692.618419 1818881.160612 1620786601.512712
987686.739302 1818887.586371 1620786602.512694
987680.818491 1818893.782969 1620786603.51377
987675.09628 1818899.679134 1620786604.512251
987669.441317 1818905.507329 1620786605.512276
987663.63437 1818911.404296 1620786606.512367
987657.515369 1818917.299101 1620786607.512594
987651.110819 1818923.185641 1620786608.512159
987644.537817 1818929.061737 1620786609.512503
987638.06747 1818934.661018 1620786610.512108
987631.935829 1818939.869958 1620786611.512416
987626.119544 1818944.709114 1620786612.51272
987620.799418 1818949.354441 1620786613.512417
987617.389293 1818954.635809 1620786614.512243
987617.151044 1818960.113379 1620786615.512344
987616.841489 1818957.989168 1620786615.111596
987622.062203 1818966.191117 1620786617.061561
987626.812693 1818969.258437 1620786618.06156
987632.138325 1818972.585104 1620786619.061576
987638.03924 1818976.355212 1620786620.061383
987644.432017 1818980.489268 1620786621.061789
987651.20304 1818985.031121 1620786622.061578
987658.171033 1818989.652133 1620786623.061248
987665.246133 1818994.33222 1620786624.061635
987672.159042 1818998.836352 1620786625.061415
987678.655632 1819003.102114 1620786626.06134
987684.909644 1819007.230929 1620786627.061473
987690.96336 1819011.244531 1620786628.061422
987697.189284 1819015.383103 1620786629.061349
987703.657835 1819019.559733 1620786630.061437
987709.870015 1819023.401736 1620786631.060954
987715.770751 1819027.099343 1620786632.061503
987721.582353 1819030.782556 1620786633.061281
987727.178521 1819034.440874 1620786634.06139
987732.774159 1819037.935666 1620786635.061503
987742.042249 1819041.556908 1620786636.611676
987744.582518 1819041.894146 1620786637.019131
987751.012574 1819041.648751 1620786638.020523
987754.862059 1819040.769068 1620786638.611538
987763.514652 1819036.547351 1620786640.022183
987769.287365 1819032.141662 1620786641.019488
987775.082842 1819027.192609 1620786642.019671
987780.981603 1819021.942758 1620786643.018949
987787.314847 1819016.465034 1620786644.02003
987794.029752 1819010.690995 1620786645.01951
987801.083623 1819004.673447 1620786646.021234
987808.456217 1818998.595656 1620786647.018214
987816.019468 1818992.671681 1620786648.020444
987823.661003 1818987.254825 1620786649.021147
987831.241798 1818982.293693 1620786650.020999
987838.958231 1818977.686561 1620786651.021044
987847.040382 1818973.372266 1620786652.020791
987855.373113 1818969.455978 1620786653.021506
987863.727161 1818966.131157 1620786654.021222
987876.825484 1818961.939786 1620786655.560222
987885.009346 1818959.74596 1620786656.560425
987892.989535 1818957.766819 1620786657.561464
987900.807804 1818956.040269 1620786658.560514
987908.449192 1818954.763269 1620786659.560504
987915.770515 1818953.728881 1620786660.560629
987923.112223 1818953.067167 1620786661.560416
987930.824214 1818952.687354 1620786662.560496
987939.395698 1818952.52617 1620786663.611302
987947.748587 1818952.492779 1620786664.611235
987955.778657 1818952.663959 1620786665.562494
987964.911541 1818953.291672 1620786666.611534
987973.664621 1818954.364851 1620786667.611293
987982.518119 1818955.826312 1620786668.611447
987991.371574 1818957.579174 1620786669.611243
988000.221384 1818959.733816 1620786670.611471
988008.707424 1818962.217016 1620786671.611294
988005.360898 1818961.175179 1620786671.211251
988026.156428 1818969.210942 1620786673.760349
988036.811032 1818974.986359 1620786675.161399
988044.07859 1818979.713867 1620786676.161121
988053.95476 1818986.451842 1620786677.562015
988058.314764 1818989.031756 1620786678.160667
988065.52695 1818992.84628 1620786679.161491
988072.835681 1818996.141273 1620786680.160536
988080.109313 1818998.544595 1620786681.16155
988087.226347 1818999.495948 1620786682.160957
988094.081847 1818998.854538 1620786683.16042
988100.281717 1818997.04129 1620786684.161431
988105.616746 1818994.2859 1620786685.160575
988110.002984 1818990.608995 1620786686.160738
988115.315059 1818983.99005 1620786687.561222
988113.821227 1818986.029875 1620786687.161286
988123.110926 1818972.390252 1620786689.560653
988121.499542 1818974.868147 1620786689.161299
988131.718272 1818959.158109 1620786691.561406
988129.933056 1818961.863681 1620786691.161665
988160.649905 1818914.287971 1620786697.91104
988172.892245 1818895.371778 1620786700.711331
988174.51459 1818892.832763 1620786701.112756
988178.4628 1818886.855129 1620786702.111973
988182.329984 1818880.940465 1620786703.112014
988186.300177 1818874.888785 1620786704.11307
988190.281011 1818868.868321 1620786705.116796
988194.107156 1818863.031552 1620786706.111175
988197.672723 1818857.60829 1620786707.111128
988200.896013 1818852.621975 1620786708.111157
988204.099538 1818847.726501 1620786709.1122
988207.508329 1818842.634053 1620786710.11203
988211.127691 1818837.192691 1620786711.111969
988215.07598 1818831.24585 1620786712.112088
988219.285394 1818824.837876 1620786713.111391
988223.832717 1818817.889583 1620786714.111526
988228.565753 1818810.693624 1620786715.112027
988233.219939 1818803.563465 1620786716.114456
988237.771042 1818796.642838 1620786717.111
988242.353261 1818789.690072 1620786718.111682
988246.936416 1818782.753597 1620786719.11218
988251.573022 1818775.745255 1620786720.111652
988256.298457 1818768.654021 1620786721.111859
988258.191737 1818765.865963 1620786721.513744
988283.045594 1818727.27965 1620786727.661096
988284.996478 1818723.399387 1620786728.261256
988288.743858 1818714.43901 1620786729.661303
988290.881238 1818707.900264 1620786730.661257
988292.503426 1818701.115872 1620786731.661388
988293.616881 1818694.050716 1620786732.661449
988294.091293 1818686.760065 1620786733.661579
988293.928004 1818679.379066 1620786734.661667
988293.209634 1818671.956589 1620786735.661147
988291.88168 1818664.543265 1620786736.661344
988289.799987 1818657.165787 1620786737.661458
988286.924196 1818649.902064 1620786738.661215
988283.445187 1818642.980961 1620786739.661202
988279.381629 1818636.403341 1620786740.661267
988281.889998 1818640.313478 1620786740.061696
988272.618699 1818627.729103 1620786742.061507
988267.230279 1818621.897784 1620786743.06126
988261.356862 1818616.430832 1620786744.061624
988254.900596 1818611.357764 1620786745.061283
988248.057322 1818606.540967 1620786746.061283
988240.958476 1818601.846174 1620786747.061408
988233.525147 1818597.294095 1620786748.061343
988225.977172 1818592.833073 1620786749.061811
988218.536225 1818588.120444 1620786750.061207
988211.095198 1818583.309583 1620786751.061776
988203.6046 1818578.471688 1620786752.061904
988196.008183 1818573.608938 1620786753.062083
988188.431057 1818568.642639 1620786754.061312
988180.802149 1818563.747032 1620786755.061589
988173.376481 1818558.904028 1620786756.061532
988165.931785 1818554.056664 1620786757.061338
988158.710033 1818549.302992 1620786758.061972
988152.477479 1818545.155137 1620786759.061383
988146.985559 1818541.595564 1620786760.061366
988141.7639 1818538.527681 1620786761.06195
988136.797767 1818536.842255 1620786762.061838
988131.928785 1818537.296144 1620786763.061536
988127.6751 1818539.697503 1620786764.061193
988124.111911 1818543.610948 1620786765.061796
988120.82167 1818548.299194 1620786766.061381
988117.462933 1818553.393342 1620786767.061874
988113.988345 1818558.939185 1620786768.061309
988110.219019 1818564.855433 1620786769.061553
988106.226032 1818571.125197 1620786770.061541
988102.023755 1818577.685869 1620786771.061532
988097.680417 1818584.523728 1620786772.061337
988093.113754 1818591.529625 1620786773.062379
988088.401236 1818598.78944 1620786774.061409
988083.647915 1818606.268272 1620786775.061467
988078.735206 1818613.85682 1620786776.061205
988073.689033 1818621.376917 1620786777.061529
988068.748236 1818628.758167 1620786778.0619
988065.833011 1818633.139173 1620786778.661684
988061.018036 1818640.538765 1620786779.661351
988051.797324 1818654.79424 1620786781.610984
988047.103722 1818662.091798 1620786782.611496
988042.439915 1818669.393176 1620786783.611406
988037.935014 1818676.437947 1620786784.612072
988033.255624 1818682.969129 1620786785.611508
988028.137319 1818688.605282 1620786786.61127
988023.698238 1818694.046889 1620786787.610292
988020.307471 1818700.152704 1620786788.611122
988017.273599 1818706.814853 1620786789.612164
988014.250489 1818713.724174 1620786790.662663
988012.786173 1818720.177858 1620786791.661212
988013.506465 1818725.961783 1620786792.661645
988016.235864 1818730.305451 1620786793.661891
988020.205021 1818733.776314 1620786794.661663
988025.010104 1818737.174956 1620786795.661415
988030.402763 1818740.839113 1620786796.661192
988036.113143 1818744.541006 1620786797.661276
988041.667354 1818748.058383 1620786798.662289
988046.790478 1818751.475572 1620786799.661242
988051.165846 1818755.263557 1620786800.661796
988054.683774 1818759.735995 1620786801.661577
988057.399809 1818764.481055 1620786802.661608
988060.377104 1818768.894744 1620786803.662444
988064.272006 1818772.533608 1620786804.661506
988068.76042 1818775.64321 1620786805.661666
988073.558922 1818778.700441 1620786806.661296
988078.602062 1818782.037484 1620786807.661022
988075.554743 1818779.974584 1620786807.061553
988081.786144 1818784.126637 1620786808.261506
988093.41482 1818791.375351 1620786810.262522
988106.168526 1818799.491058 1620786812.261467
988076.708186 1818780.193409 1620786911.861711
988087.080782 1818786.666753 1620786913.662856
988090.50059 1818788.840692 1620786914.261918
988098.552346 1818794.093091 1620786915.661588
988104.107982 1818797.860527 1620786916.661821
988109.824648 1818801.836112 1620786917.711042
988114.9724 1818805.717142 1620786918.711545
988119.621551 1818809.456208 1620786919.712223
988123.660881 1818813.350923 1620786920.712333
988126.849008 1818817.203956 1620786921.712246
988129.585484 1818820.117806 1620786922.712353
988132.124867 1818821.863749 1620786923.712428
988133.84073 1818822.761308 1620786924.712393
988134.541146 1818823.108946 1620786925.712221
988134.588456 1818823.10196 1620786926.711726
988134.592825 1818823.092063 1620786927.712667
988134.583816 1818823.049069 1620786928.712654
988134.58836 1818823.074163 1620786928.312112
