988130.011323 1818820.744421 1620786434.261524
988130.012793 1818820.747077 1620786435.660879
988130.012172 1818820.746843 1620786436.022166
988130.01257 1818820.746397 1620786436.360497
988131.036271 1818821.318717 1620786441.461529
988131.834185 1818821.766213 1620786442.111941
988134.125689 1818823.102162 1620786443.811607
988135.006717 1818823.634364 1620786444.461358
988137.472914 1818825.120483 1620786445.760654
988140.009517 1818826.640338 1620786446.811549
988141.784112 1818827.677406 1620786447.461582
988140.811312 1818827.113231 1620786447.112112
988155.980669 1818835.47466 1620786451.513082
988157.400575 1818836.258093 1620786451.86086
988158.790946 1818837.041748 1620786452.21161
988169.679208 1818844.3617 1620786454.960718
988173.231928 1818847.36039 1620786455.910978
988170.842575 1818845.297545 1620786455.261699
988178.782283 1818852.628077 1620786457.611896
988181.869654 1818855.513049 1620786458.611666
988190.380509 1818861.032168 1620786461.661877
988191.542152 1818861.247511 1620786462.019814
988195.718767 1818860.278203 1620786463.360525
988197.279645 1818859.040901 1620786464.021965
988198.016203 1818858.215197 1620786464.361331
988202.267348 1818851.546413 1620786466.361584
988201.543584 1818852.719552 1620786466.063576
988209.594199 1818840.058034 1620786468.76152
988212.212357 1818836.045166 1620786469.461785
988216.260606 1818829.890771 1620786470.461491
988220.621883 1818823.382543 1620786471.461626
988219.072305 1818825.690473 1620786471.112764
988227.682184 1818812.767381 1620786473.020402
988229.258232 1818810.365397 1620786473.360721
988236.660146 1818799.059669 1620786475.061363
988237.956372 1818797.062122 1620786475.360578
988252.223512 1818775.440459 1620786478.761404
988256.35643 1818769.232933 1620786479.761506
988259.137887 1818765.082473 1620786480.461344
988257.763765 1818767.13436 1620786480.113125
988266.648115 1818753.706533 1620786482.560506
988269.684189 1818748.970897 1620786483.512376
988270.792978 1818747.210971 1620786483.861379
988277.188777 1818736.741569 1620786485.760391
988278.425804 1818734.696009 1620786486.111705
988283.119581 1818726.564 1620786487.461308
988284.108427 1818724.669549 1620786487.761157
988288.873994 1818713.26399 1620786489.461701
988291.014354 1818706.049036 1620786490.462498
988292.576001 1818698.610006 1620786491.461409
988293.674348 1818687.879174 1620786492.861548
988293.684992 1818682.649517 1620786493.513481
988292.963764 1818674.05944 1620786494.561361
988292.655461 1818671.614855 1620786494.861196
988289.612841 1818658.936393 1620786496.461252
988286.659809 1818651.24577 1620786497.461293
988285.411096 1818648.566552 1620786497.811417
988277.639126 1818635.595739 1620786499.561503
988272.120176 1818628.500357 1620786500.561411
988265.927058 1818621.75275 1620786501.560467
988263.913553 1818619.843633 1620786501.861278
988261.479682 1818617.676709 1620786502.211469
988191.804677 1818570.892632 1620786510.561473
988189.267543 1818569.205814 1620786510.861431
988172.16995 1818558.068884 1620786512.96137
988164.504117 1818553.091246 1620786513.960432
988157.193511 1818548.334919 1620786514.961439
988150.164278 1818543.779053 1620786515.96154
988152.626251 1818545.379144 1620786515.611589
988145.508292 1818540.738209 1620786516.662318
988131.42766 1818531.304646 1620786518.861662
988126.826547 1818528.327769 1620786519.560545
988120.5055 1818524.173606 1620786520.560588
988118.483628 1818522.829254 1620786520.91222
988116.706421 1818521.638152 1620786521.21154
988100.101245 1818510.650594 1620786523.960519
988093.654191 1818506.465959 1620786524.960337
988095.885518 1818507.923071 1620786524.612707
988091.467995 1818505.029576 1620786525.311853
988081.57333 1818498.547162 1620786527.024783
988072.062531 1818492.40024 1620786528.712138
988065.904182 1818488.662027 1620786529.711751
988063.59336 1818487.382137 1620786530.061458
988061.53725 1818486.320468 1620786530.360868
988040.658348 1818479.116706 1620786532.96151
988043.282577 1818479.698863 1620786532.66165
988028.398493 1818477.397025 1620786534.312249
988025.112668 1818477.153825 1620786534.661438
988005.928878 1818475.999398 1620786536.711811
988002.68338 1818475.739029 1620786537.061559
987999.449311 1818475.414646 1620786537.411477
987971.193596 1818467.876718 1620786540.811724
987966.5299 1818465.732964 1620786541.461262
987959.728908 1818462.710584 1620786542.461492
987953.21696 1818461.4588 1620786543.461585
987955.135049 1818461.547418 1620786543.164731
987948.873482 1818462.272452 1620786544.161055
987934.083922 1818479.571403 1620786547.411722
987862.708939 1818592.819984 1620786562.961536
987858.837429 1818600.579202 1620786563.96041
987854.999164 1818608.420583 1620786564.960429
987851.113229 1818616.409395 1620786565.961458
987847.240203 1818624.440812 1620786566.960646
987843.309991 1818632.477056 1620786567.961001
987839.336378 1818640.596268 1620786568.960502
987835.359083 1818648.638152 1620786569.960392
987836.550051 1818646.215287 1620786569.661496
987833.969486 1818651.413703 1620786570.311958
987823.622689 1818672.109756 1620786573.019501
987817.25281 1818684.921727 1620786574.661803
987796.584829 1818726.801388 1620786580.021322
987790.496872 1818738.408343 1620786581.560402
987786.318558 1818746.079882 1620786582.560552
987781.951513 1818753.831945 1620786583.560853
987777.404715 1818761.580798 1620786584.560878
987772.752293 1818769.222647 1620786585.564612
987767.982224 1818776.817352 1620786586.56041
987763.134081 1818784.326053 1620786587.561746
987758.195768 1818791.729923 1620786588.561566
987753.204245 1818799.082445 1620786589.560974
987748.26676 1818806.338781 1620786590.560589
987743.442501 1818813.310212 1620786591.560799
987738.672149 1818820.317844 1620786592.560856
987733.98564 1818827.315697 1620786593.561426
987727.590995 1818836.694037 1620786594.91183
987730.689229 1818832.191079 1620786594.261426
987721.030304 1818845.993687 1620786596.261865
987713.103426 1818856.557437 1620786597.811825
987709.644113 1818860.945978 1620786598.461461
987704.184581 1818867.684233 1620786599.461677
987698.309731 1818874.689745 1620786600.512607
987692.618419 1818881.160612 1620786601.512712
987686.739302 1818887.586371 1620786602.512694
987680.818491 1818893.782969 1620786603.51377
987675.09628 1818899.679134 1620786604.512251
987669.441317 1818905.507329 1620786605.512276
987663.63437 1818911.404296 1620786606.512367
987657.515369 1818917.299101 1620786607.512594
987651.110819 1818923.185641 1620786608.512159
987644.537817 1818929.061737 1620786609.512503
987638.06747 1818934.661018 1620786610.512108
987631.935829 1818939.869958 1620786611.512416
987626.119544 1818944.709114 1620786612.51272
987620.799418 1818949.354441 1620786613.512417
987617.389293 1818954.635809 1620786614.512243
987617.151044 1818960.113379 1620786615.512344
987616.852046 1818958.262611 1620786615.161555
987622.062203 1818966.191117 1620786617.061561
987626.812693 1818969.258437 1620786618.06156
987632.138325 1818972.585104 1620786619.061576
987638.03924 1818976.355212 1620786620.061383
987644.432017 1818980.489268 1620786621.061789
987651.20304 1818985.031121 1620786622.061578
987658.171033 1818989.652133 1620786623.061248
987665.246133 1818994.33222 1620786624.061635
987672.159042 1818998.836352 1620786625.061415
987678.655632 1819003.102114 1620786626.06134
987684.909644 1819007.230929 1620786627.061473
987690.96336 1819011.244531 1620786628.061422
987697.189284 1819015.383103 1620786629.061349
987703.657835 1819019.559733 1620786630.061437
987709.870015 1819023.401736 1620786631.060954
987716.065016 1819027.28195 1620786632.111895
987721.867114 1819030.967662 1620786633.112035
987727.454987 1819034.618388 1620786634.111938
987733.061328 1819038.100329 1620786635.111465
987742.354995 1819041.611744 1620786636.66143
987744.582518 1819041.894146 1620786637.019131
987751.012574 1819041.648751 1620786638.020523
987755.178288 1819040.670098 1620786638.661449
987763.514652 1819036.547351 1620786640.022183
987769.287365 1819032.141662 1620786641.019488
987775.082842 1819027.192609 1620786642.019671
987780.981603 1819021.942758 1620786643.018949
987787.314847 1819016.465034 1620786644.02003
987794.029752 1819010.690995 1620786645.01951
987801.083623 1819004.673447 1620786646.021234
987808.456217 1818998.595656 1620786647.018214
987816.019468 1818992.671681 1620786648.020444
987823.661003 1818987.254825 1620786649.021147
987831.241798 1818982.293693 1620786650.020999
987838.958231 1818977.686561 1620786651.021044
987847.040382 1818973.372266 1620786652.020791
987855.373113 1818969.455978 1620786653.021506
987863.727161 1818966.131157 1620786654.021222
987876.825484 1818961.939786 1620786655.560222
987885.009346 1818959.74596 1620786656.560425
987892.989535 1818957.766819 1620786657.561464
987900.807804 1818956.040269 1620786658.560514
987908.449192 1818954.763269 1620786659.560504
987915.770515 1818953.728881 1620786660.560629
987923.112223 1818953.067167 1620786661.560416
987930.824214 1818952.687354 1620786662.560496
987939.395698 1818952.52617 1620786663.611302
987947.331041 1818952.491183 1620786664.561174
987956.209066 1818952.680384 1620786665.611509
987964.911541 1818953.291672 1620786666.611534
987973.664621 1818954.364851 1620786667.611293
987982.518119 1818955.826312 1620786668.611447
987991.371574 1818957.579174 1620786669.611243
988000.221384 1818959.733816 1620786670.611471
988008.707424 1818962.217016 1620786671.611294
988005.782384 1818961.301394 1620786671.261204
988026.545586 1818969.399636 1620786673.811356
988036.811032 1818974.986359 1620786675.161399
988044.07859 1818979.713867 1620786676.161121
988053.594995 1818986.226288 1620786677.513454
988058.314764 1818989.031756 1620786678.160667
988065.52695 1818992.84628 1620786679.161491
988072.835681 1818996.141273 1620786680.160536
988080.109313 1818998.544595 1620786681.16155
988087.226347 1818999.495948 1620786682.160957
988094.081847 1818998.854538 1620786683.16042
988100.281717 1818997.04129 1620786684.161431
988105.616746 1818994.2859 1620786685.160575
988110.002984 1818990.608995 1620786686.160738
988115.128166 1818984.251404 1620786687.513551
988113.821227 1818986.029875 1620786687.161286
988122.907792 1818972.704133 1620786689.513436
988121.499542 1818974.868147 1620786689.161299
988131.494102 1818959.497907 1620786691.513343
988129.933056 1818961.863681 1620786691.161665
988159.973482 1818915.347897 1620786697.760544
988173.08887 1818895.053813 1620786700.760571
988174.51459 1818892.832763 1620786701.112756
988178.4628 1818886.855129 1620786702.111973
988182.329984 1818880.940465 1620786703.112014
988186.300177 1818874.888785 1620786704.11307
988190.281011 1818868.868321 1620786705.116796
988194.107156 1818863.031552 1620786706.111175
988197.672723 1818857.60829 1620786707.111128
988200.896013 1818852.621975 1620786708.111157
988204.099538 1818847.726501 1620786709.1122
988207.508329 1818842.634053 1620786710.11203
988211.127691 1818837.192691 1620786711.111969
988215.07598 1818831.24585 1620786712.112088
988219.285394 1818824.837876 1620786713.111391
988223.832717 1818817.889583 1620786714.111526
988228.565753 1818810.693624 1620786715.112027
988233.219939 1818803.563465 1620786716.114456
988237.771042 1818796.642838 1620786717.111
988242.353261 1818789.690072 1620786718.111682
988246.936416 1818782.753597 1620786719.11218
988251.573022 1818775.745255 1620786720.111652
988256.298457 1818768.654021 1620786721.111859
988257.955028 1818766.213195 1620786721.460828
988283.045594 1818727.27965 1620786727.661096
988285.302332 1818722.753065 1620786728.360757
988288.743858 1818714.43901 1620786729.661303
988290.976722 1818707.566976 1620786730.711703
988292.571562 1818700.772241 1620786731.710855
988293.657235 1818693.691248 1620786732.711702
988294.097759 1818686.392271 1620786733.711655
988293.901611 1818679.007905 1620786734.711511
988293.167128 1818671.586322 1620786735.711761
988291.799558 1818664.17305 1620786736.710789
988289.674053 1818656.798708 1620786737.712033
988286.762216 1818649.545488 1620786738.711884
988283.256088 1818642.644513 1620786739.711802
988279.160744 1818636.08144 1620786740.711544
988282.089007 1818640.643895 1620786740.020166
988272.877415 1818628.029717 1620786742.025133
988267.230279 1818621.897784 1620786743.06126
988261.356862 1818616.430832 1620786744.061624
988255.234977 1818611.602908 1620786745.016925
988248.057322 1818606.540967 1620786746.061283
988241.321448 1818602.078729 1620786747.023255
988233.899599 1818597.516503 1620786748.024508
988226.352205 1818593.062471 1620786749.023808
988218.907031 1818588.359102 1620786750.023924
988211.095198 1818583.309583 1620786751.061776
988203.981142 1818578.715499 1620786752.024789
988196.38775 1818573.854541 1620786753.02553
988188.431057 1818568.642639 1620786754.061312
988180.802149 1818563.747032 1620786755.061589
988173.376481 1818558.904028 1620786756.061532
988165.931785 1818554.056664 1620786757.061338
988158.710033 1818549.302992 1620786758.061972
988152.477479 1818545.155137 1620786759.061383
988146.985559 1818541.595564 1620786760.061366
988141.7639 1818538.527681 1620786761.06195
988136.797767 1818536.842255 1620786762.061838
988131.928785 1818537.296144 1620786763.061536
988127.6751 1818539.697503 1620786764.061193
988124.111911 1818543.610948 1620786765.061796
988120.82167 1818548.299194 1620786766.061381
988117.462933 1818553.393342 1620786767.061874
988113.988345 1818558.939185 1620786768.061309
988110.219019 1818564.855433 1620786769.061553
988106.226032 1818571.125197 1620786770.061541
988102.023755 1818577.685869 1620786771.061532
988097.680417 1818584.523728 1620786772.061337
988093.113754 1818591.529625 1620786773.062379
988088.401236 1818598.78944 1620786774.061409
988083.647915 1818606.268272 1620786775.061467
988078.735206 1818613.85682 1620786776.061205
988073.689033 1818621.376917 1620786777.061529
988068.748236 1818628.758167 1620786778.0619
988065.589806 1818633.506735 1620786778.712228
988060.541179 1818641.282997 1620786779.761413
988051.564363 1818655.154699 1620786781.661692
988046.868038 1818662.45931 1620786782.661352
988042.210236 1818669.755122 1620786783.662787
988037.71064 1818676.778989 1620786784.661407
988033.008562 1818683.271902 1620786785.661263
988027.885675 1818688.874386 1620786786.661221
988023.508 1818694.334984 1620786787.661493
988020.157932 1818700.478931 1620786788.661648
988017.118842 1818707.147897 1620786789.661407
988014.250489 1818713.724174 1620786790.662663
988012.786173 1818720.177858 1620786791.661212
988013.506465 1818725.961783 1620786792.661645
988016.235864 1818730.305451 1620786793.661891
988020.205021 1818733.776314 1620786794.661663
988025.010104 1818737.174956 1620786795.661415
988030.402763 1818740.839113 1620786796.661192
988036.113143 1818744.541006 1620786797.661276
988041.667354 1818748.058383 1620786798.662289
988046.790478 1818751.475572 1620786799.661242
988051.165846 1818755.263557 1620786800.661796
988054.683774 1818759.735995 1620786801.661577
988057.399809 1818764.481055 1620786802.661608
988060.377104 1818768.894744 1620786803.662444
988064.272006 1818772.533608 1620786804.661506
988068.76042 1818775.64321 1620786805.661666
988073.558922 1818778.700441 1620786806.661296
988078.602062 1818782.037484 1620786807.661022
988075.304542 1818779.809015 1620786807.023774
988082.058374 1818784.300513 1620786808.311946
988093.723418 1818791.56783 1620786810.312109
988106.831004 1818799.913371 1620786812.361396
988075.584522 1818779.508367 1620786911.66169
988087.080782 1818786.666753 1620786913.662856
988091.070194 1818789.206363 1620786914.360358
988098.552346 1818794.093091 1620786915.661588
988104.107982 1818797.860527 1620786916.661821
988109.555881 1818801.644452 1620786917.661552
988114.726153 1818805.522742 1620786918.661679
988119.402995 1818809.271667 1620786919.66195
988123.477991 1818813.149052 1620786920.662691
988126.705738 1818817.029897 1620786921.661834
988129.451097 1818819.999549 1620786922.663259
988132.013931 1818821.801675 1620786923.66271
988133.779678 1818822.731669 1620786924.662067
988134.528117 1818823.10262 1620786925.661669
988134.588456 1818823.10196 1620786926.711726
988134.592825 1818823.092063 1620786927.712667
988134.583816 1818823.049069 1620786928.712654
988134.587868 1818823.071159 1620786928.361969
