355444.535795 4026678.88239 1620815987.331824
355430.935014 4026679.083426 1620815988.335168
355433.637792 4026679.045535 1620815988.131981
355416.70699 4026679.38592 1620815989.382415
355392.109644 4026679.825398 1620815991.183554
355389.360809 4026679.894499 1620815991.382465
355364.27604 4026680.625701 1620815993.182127
355305.487943 4026680.808982 1620815997.631196
355303.072346 4026680.6994 1620815997.831916
355279.13156 4026679.770433 1620815999.83092
355281.54126 4026679.819066 1620815999.632674
355230.283442 4026680.334891 1620816003.881941
355232.687235 4026680.292764 1620816003.681961
355212.854872 4026680.615396 1620816005.331966
355200.875006 4026680.87191 1620816006.332958
355198.464936 4026680.915466 1620816006.533081
355170.682972 4026681.449996 1620816008.782386
355163.002572 4026681.569851 1620816009.382424
355165.586669 4026681.531009 1620816009.182681
355130.916854 4026682.345256 1620816011.831893
355106.394937 4026682.97655 1620816013.682177
355103.71493 4026683.039032 1620816013.88255
355101.032334 4026683.089705 1620816014.082039
355070.748061 4026683.972069 1620816016.332205
355059.977145 4026684.61596 1620816017.132091
355043.755487 4026685.88259 1620816018.332168
355030.038436 4026686.878986 1620816019.331917
355032.788534 4026686.708508 1620816019.133028
355005.116878 4026687.843424 1620816021.132362
354964.292971 4026688.87176 1620816024.134059
354935.620814 4026689.761589 1620816026.331977
354925.66967 4026690.184757 1620816027.132202
354906.564874 4026691.393748 1620816028.734625
354794.120133 4026709.7198 1620816038.782459
354789.330364 4026710.433934 1620816039.182682
354769.141937 4026713.608773 1620816040.782562
354763.746008 4026714.57422 1620816041.182779
354744.247309 4026718.394169 1620816042.582521
354732.940096 4026720.766939 1620816043.383836
354721.643684 4026723.090565 1620816044.182425
354718.826632 4026723.670779 1620816044.3827
354690.177476 4026729.883878 1620816046.431426
354676.511956 4026732.466279 1620816047.432201
354663.113068 4026734.0353 1620816048.432246
354657.784574 4026734.273882 1620816048.83134
354655.11241 4026734.310557 1620816049.032919
354613.124175 4026726.989383 1620816052.182513
354594.915051 4026718.13466 1620816053.631198
354541.465797 4026684.063112 1620816057.882297
354528.274828 4026675.487363 1620816058.882074
354514.890777 4026666.75508 1620816059.882984
354517.586517 4026668.510253 1620816059.683096
354506.765172 4026661.495811 1620816060.48315
354473.117041 4026639.640363 1620816062.932679
354462.122195 4026632.202189 1620816063.733786
354459.388356 4026630.30616 1620816063.932402
354439.385428 4026616.407217 1620816065.38259
354419.05371 4026602.530226 1620816066.832271
354421.888449 4026604.433878 1620816066.632705
354398.238947 4026588.712323 1620816068.282369
354376.844726 4026574.833716 1620816069.733554
354373.865957 4026572.906634 1620816069.933344
354355.184917 4026560.81508 1620816071.185574
354337.105521 4026549.113804 1620816072.382522
354322.044752 4026539.340466 1620816073.382658
354310.032804 4026531.622835 1620816074.182904
354262.184529 4026501.023651 1620816077.431537
354247.771053 4026491.703324 1620816078.43297
354250.651875 4026493.571445 1620816078.244635
354236.238203 4026484.221264 1620816079.244352
354167.143737 4026440.079072 1620816083.88247
354170.196238 4026442.031672 1620816083.682511
354136.884869 4026420.012161 1620816085.882336
354139.834074 4026422.084459 1620816085.682475
354083.990195 4026379.24102 1620816089.734252
354081.393462 4026377.151476 1620816089.934172
354058.47908 4026358.67621 1620816091.734987
354053.487622 4026354.675263 1620816092.132221
354033.367086 4026338.55604 1620816093.782562
354026.217543 4026332.842307 1620816094.381979
354028.591074 4026334.73754 1620816094.182914
354004.702218 4026315.666768 1620816096.244385
353997.907868 4026310.240319 1620816096.83152
353995.66297 4026308.446749 1620816097.032246
353966.727301 4026285.511155 1620816099.882499
353968.438476 4026286.847858 1620816099.684376
353952.827731 4026274.526133 1620816101.734279
353951.45066 4026273.43327 1620816101.932432
353950.080307 4026272.342873 1620816102.132305
353926.444758 4026253.225033 1620816105.782843
353893.857713 4026227.268898 1620816111.382524
353885.634168 4026220.732996 1620816113.382761
353883.069983 4026218.699001 1620816114.182571
353880.166276 4026216.373664 1620816115.182682
353879.605073 4026215.921916 1620816115.38251
353876.855893 4026213.696251 1620816116.382777
353871.82689 4026209.602608 1620816118.18257
353871.25181 4026209.134819 1620816118.382704
353868.438067 4026206.856438 1620816119.382768
353862.997988 4026202.415133 1620816121.982587
353862.736639 4026202.194294 1620816122.182555
353861.608446 4026201.280623 1620816123.382559
353861.333955 4026201.048122 1620816126.8324
353861.329035 4026201.052153 1620816126.63208
353861.326112 4026201.020655 1620816129.682281
353861.3253 4026201.02567 1620816129.882208
353861.329649 4026201.01846 1620816132.333284
353861.331187 4026201.018964 1620816132.13224
353861.24117 4026201.046346 1620816136.782596
353861.236328 4026201.047412 1620816136.982643
353861.202694 4026201.048174 1620816139.243738
353861.197731 4026201.048924 1620816139.432706
353861.143039 4026201.060093 1620816141.682443
353861.133666 4026201.057894 1620816142.282294
353861.120368 4026201.040733 1620816143.932228
353861.11624 4026201.039777 1620816144.333249
353861.107386 4026201.038594 1620816145.38284
353861.109479 4026201.038794 1620816145.182717
353861.085897 4026201.039469 1620816146.832288
353861.069181 4026201.040641 1620816148.282235
353861.046943 4026201.033133 1620816149.734173
353861.02481 4026201.028706 1620816150.782058
353861.013826 4026201.027217 1620816151.18275
353860.984194 4026201.036783 1620816152.382781
353860.987445 4026201.036923 1620816152.182891
353860.965167 4026201.033439 1620816154.244704
353860.96059 4026201.040885 1620816155.244507
353860.957335 4026201.053249 1620816156.832194
353860.955302 4026201.055944 1620816157.683539
353860.955269 4026201.055227 1620816157.483268
353860.838769 4026201.001486 1620816160.734904
353860.764652 4026200.946863 1620816160.933201
353860.670715 4026200.876822 1620816161.132255
353855.78609 4026197.056668 1620816163.782877
353853.455497 4026195.242062 1620816164.38655
353854.265699 4026195.872748 1620816164.182497
353844.118217 4026187.899907 1620816166.244982
353845.293851 4026188.827593 1620816166.032393
353827.486768 4026174.959174 1620816168.682301
353825.951178 4026173.770711 1620816168.882195
353822.813284 4026171.349042 1620816169.282354
353799.19595 4026153.719791 1620816171.982722
353801.120449 4026155.083628 1620816171.782657
353797.257915 4026152.36102 1620816172.183185
353775.313849 4026136.817724 1620816174.432134
353765.798563 4026129.703778 1620816175.432331
353768.153964 4026131.480112 1620816175.182706
353756.144575 4026122.276645 1620816176.482423
353747.185079 4026115.301409 1620816177.483163
353725.072683 4026097.889331 1620816179.932109
353726.899923 4026099.328677 1620816179.733151
353707.063541 4026083.656626 1620816181.932276
353697.977787 4026076.507686 1620816182.933212
353694.310375 4026073.63045 1620816183.333583
353633.139 4026025.012112 1620816189.782542
353621.387199 4026015.611376 1620816190.982845
353613.436967 4026009.251379 1620816191.783464
353611.435396 4026007.64637 1620816191.981935
353607.40929 4026004.419884 1620816192.382857
353588.485019 4025989.299793 1620816194.245083
353578.108966 4025980.970001 1620816195.244637
353567.134908 4025972.132081 1620816196.282659
353556.597985 4025963.557813 1620816197.283432
353552.357099 4025960.121684 1620816197.683432
353528.873032 4025941.046378 1620816199.882708
353531.014973 4025942.807621 1620816199.682499
353511.715858 4025926.69082 1620816201.483587
353502.972626 4025919.325974 1620816202.282479
353494.138398 4025911.831156 1620816203.082469
353482.763769 4025902.358472 1620816204.082632
353374.140815 4025818.5761 1620816213.132447
353352.142609 4025804.270236 1620816214.934482
353354.594302 4025805.820443 1620816214.734226
353329.479468 4025790.862815 1620816216.783089
353334.364814 4025793.600018 1620816216.383752
353309.748118 4025780.045977 1620816218.432391
353312.100912 4025781.318201 1620816218.24539
