355444.535795 4026678.88239 1620815987.331824
355430.935014 4026679.083426 1620815988.335168
355433.637792 4026679.045535 1620815988.131981
355416.70699 4026679.38592 1620815989.382415
355392.109644 4026679.825398 1620815991.183554
355388.674551 4026679.912132 1620815991.432103
355363.565257 4026680.647332 1620815993.244983
355305.487943 4026680.808982 1620815997.631196
355303.072346 4026680.6994 1620815997.831916
355279.13156 4026679.770433 1620815999.83092
355281.54126 4026679.819066 1620815999.632674
355230.283442 4026680.334891 1620816003.881941
355232.687235 4026680.292764 1620816003.681961
355212.854872 4026680.615396 1620816005.331966
355200.875006 4026680.87191 1620816006.332958
355199.067548 4026680.904652 1620816006.482069
355171.318816 4026681.437358 1620816008.734752
355163.002572 4026681.569851 1620816009.382424
355165.586669 4026681.531009 1620816009.182681
355130.916854 4026682.345256 1620816011.831893
355105.725618 4026682.993995 1620816013.734489
355103.044609 4026683.053061 1620816013.932158
355101.703777 4026683.078358 1620816014.032182
355070.748061 4026683.972069 1620816016.332205
355059.977145 4026684.61596 1620816017.132091
355043.755487 4026685.88259 1620816018.332168
355030.038436 4026686.878986 1620816019.331917
355032.788534 4026686.708508 1620816019.133028
355005.116878 4026687.843424 1620816021.132362
354964.292971 4026688.87176 1620816024.134059
354935.620814 4026689.761589 1620816026.331977
354925.66967 4026690.184757 1620816027.132202
354907.151361 4026691.347912 1620816028.683102
354794.713008 4026709.628361 1620816038.734455
354788.724582 4026710.521852 1620816039.245183
354769.807284 4026713.492239 1620816040.733608
354763.063981 4026714.698168 1620816041.24437
354744.95402 4026718.249546 1620816042.531998
354732.234487 4026720.913317 1620816043.431263
354720.939624 4026723.235524 1620816044.245803
354718.122404 4026723.817137 1620816044.43214
354690.177476 4026729.883878 1620816046.431426
354676.511956 4026732.466279 1620816047.432201
354663.113068 4026734.0353 1620816048.432246
354658.456857 4026734.253783 1620816048.783069
354653.781328 4026734.307793 1620816049.13213
354612.4728 4026726.741535 1620816052.244734
354595.526685 4026718.491725 1620816053.583134
354542.120463 4026684.487694 1620816057.832155
354528.274828 4026675.487363 1620816058.882074
354514.890777 4026666.75508 1620816059.882984
354517.586517 4026668.510253 1620816059.683096
354506.087921 4026661.052129 1620816060.53219
354473.117041 4026639.640363 1620816062.932679
354462.122195 4026632.202189 1620816063.733786
354459.388356 4026630.30616 1620816063.932402
354440.079655 4026616.887979 1620816065.332254
354419.762477 4026603.006032 1620816066.786409
354423.302188 4026605.385394 1620816066.532182
354397.509166 4026588.23608 1620816068.332203
354376.844726 4026574.833716 1620816069.733554
354373.865957 4026572.906634 1620816069.933344
354355.93438 4026561.301519 1620816071.131985
354337.105521 4026549.113804 1620816072.382522
354322.044752 4026539.340466 1620816073.382658
354310.032804 4026531.622835 1620816074.182904
354262.184529 4026501.023651 1620816077.431537
354247.771053 4026491.703324 1620816078.43297
354250.651875 4026493.571445 1620816078.244635
354236.238203 4026484.221264 1620816079.244352
354167.143737 4026440.079072 1620816083.88247
354170.958974 4026442.519866 1620816083.633367
354136.884869 4026420.012161 1620816085.882336
354139.834074 4026422.084459 1620816085.682475
354083.990195 4026379.24102 1620816089.734252
354081.393462 4026377.151476 1620816089.934172
354058.47908 4026358.67621 1620816091.734987
354054.109803 4026355.173319 1620816092.082167
354032.768424 4026338.077039 1620816093.831283
354026.217543 4026332.842307 1620816094.381979
354028.591074 4026334.73754 1620816094.182914
354004.702218 4026315.666768 1620816096.244385
353998.469537 4026310.689174 1620816096.782721
353994.547017 4026307.554698 1620816097.133877
353966.727301 4026285.511155 1620816099.882499
353968.438476 4026286.847858 1620816099.684376
353952.827731 4026274.526133 1620816101.734279
353951.45066 4026273.43327 1620816101.932432
353950.421813 4026272.6156 1620816102.082437
353926.123703 4026252.967684 1620816105.83228
353894.092322 4026227.455133 1620816111.33303
353885.801226 4026220.865882 1620816113.332927
353883.069983 4026218.699001 1620816114.182571
353880.166276 4026216.373664 1620816115.182682
353879.605073 4026215.921916 1620816115.38251
353876.855893 4026213.696251 1620816116.382777
353871.82689 4026209.602608 1620816118.18257
353871.25181 4026209.134819 1620816118.382704
353868.438067 4026206.856438 1620816119.382768
353863.138808 4026202.533492 1620816121.882282
353862.736639 4026202.194294 1620816122.182555
353861.608446 4026201.280623 1620816123.382559
353861.332713 4026201.049014 1620816126.782526
353861.327967 4026201.053151 1620816126.582112
353861.326112 4026201.020655 1620816129.682281
353861.3253 4026201.02567 1620816129.882208
353861.330525 4026201.018435 1620816132.282274
353861.33127 4026201.01901 1620816132.081942
353861.239721 4026201.046555 1620816136.832579
353861.235035 4026201.047766 1620816137.032063
353861.202694 4026201.048174 1620816139.243738
353861.196471 4026201.049215 1620816139.482193
353861.143039 4026201.060093 1620816141.682443
353861.134163 4026201.058479 1620816142.244706
353861.119788 4026201.040576 1620816143.982621
353861.11624 4026201.039777 1620816144.333249
353861.107386 4026201.038594 1620816145.38284
353861.109479 4026201.038794 1620816145.182717
353861.085897 4026201.039469 1620816146.832288
353861.069745 4026201.040835 1620816148.244717
353861.046258 4026201.032943 1620816149.782685
353861.023122 4026201.028428 1620816150.831299
353861.013826 4026201.027217 1620816151.18275
353860.984194 4026201.036783 1620816152.382781
353860.987445 4026201.036923 1620816152.182891
353860.964749 4026201.033691 1620816154.282367
353860.960538 4026201.041296 1620816155.282672
353860.957335 4026201.053249 1620816156.832194
353860.955302 4026201.055944 1620816157.683539
353860.955335 4026201.05542 1620816157.53251
353860.822143 4026200.989288 1620816160.782744
353860.743174 4026200.930872 1620816160.981732
353860.670715 4026200.876822 1620816161.132255
353855.603735 4026196.914789 1620816163.832442
353853.455497 4026195.242062 1620816164.38655
353854.265699 4026195.872748 1620816164.182497
353843.81963 4026187.665592 1620816166.282471
353844.71021 4026188.365767 1620816166.132352
353827.104406 4026174.664217 1620816168.734284
353825.563703 4026173.470708 1620816168.934405
353823.209012 4026171.654605 1620816169.24549
353799.19595 4026153.719791 1620816171.982722
353801.120449 4026155.083628 1620816171.782657
353797.743727 4026152.700708 1620816172.132619
353775.793659 4026137.172115 1620816174.382767
353765.798563 4026129.703778 1620816175.432331
353767.683151 4026131.125664 1620816175.244882
353756.144575 4026122.276645 1620816176.482423
353747.185079 4026115.301409 1620816177.483163
353725.530314 4026098.248012 1620816179.882987
353727.355818 4026099.688944 1620816179.681715
353707.513152 4026084.010974 1620816181.88236
353697.977787 4026076.507686 1620816182.933212
353694.769387 4026073.989449 1620816183.282407
353633.139 4026025.012112 1620816189.782542
353621.387199 4026015.611376 1620816190.982845
353613.436967 4026009.251379 1620816191.783464
353611.435396 4026007.64637 1620816191.981935
353607.913382 4026004.82443 1620816192.332075
353588.999697 4025989.71133 1620816194.182874
353578.108966 4025980.970001 1620816195.244637
353567.134908 4025972.132081 1620816196.282659
353556.597985 4025963.557813 1620816197.283432
353552.887557 4025960.551341 1620816197.632272
353529.408822 4025941.487807 1620816199.832306
353531.550227 4025943.247271 1620816199.632974
353511.715858 4025926.69082 1620816201.483587
353502.972626 4025919.325974 1620816202.282479
353495.252571 4025912.774963 1620816202.983172
353483.913445 4025903.312334 1620816203.982408
353375.353277 4025819.395239 1620816213.032865
353352.142609 4025804.270236 1620816214.934482
353354.594302 4025805.820443 1620816214.734226
353329.479468 4025790.862815 1620816216.783089
353334.974823 4025793.948637 1620816216.332828
353309.748118 4025780.045977 1620816218.432391
353312.100912 4025781.318201 1620816218.24539
