988135.894407 1818819.751856 1620821019.846629
988135.893016 1818819.750917 1620821020.146685
988136.300809 1818820.030754 1620821021.846823
988136.107125 1818819.898027 1620821021.497207
988139.18437 1818822.054843 1620821023.84631
988141.155964 1818823.47486 1620821024.548133
988143.22021 1818824.98633 1620821025.196619
988145.680477 1818826.794294 1620821025.896197
988148.293323 1818828.691896 1620821026.548196
988158.383676 1818835.795259 1620821028.596676
988156.564754 1818834.535175 1620821028.246176
988169.989101 1818844.343955 1620821030.896506
988168.582919 1818843.149283 1620821030.595916
988170.666372 1818844.950027 1620821031.058838
988194.445243 1818860.987928 1620821036.796747
988198.095477 1818858.305039 1620821037.796044
988200.195892 1818855.517705 1620821038.446165
988199.069233 1818857.131528 1620821038.096783
988208.411443 1818842.622208 1620821040.796661
988209.751046 1818840.452638 1620821041.147182
988211.124735 1818838.230606 1620821041.496427
988213.794208 1818833.961022 1620821042.146486
988220.725037 1818823.243842 1620821043.696446
988229.091945 1818810.654591 1620821045.496517
988230.015624 1818809.254342 1620821045.696436
988238.387663 1818796.262429 1620821047.548712
988237.082024 1818798.344241 1620821047.246365
988259.242596 1818764.362554 1620821052.246351
988264.636778 1818755.995881 1620821053.596743
988267.079455 1818752.177258 1620821054.246101
988268.331461 1818750.203252 1620821054.596349
988276.458264 1818737.781686 1620821056.796568
988278.909949 1818733.958582 1620821057.445275
988281.402124 1818729.762923 1620821058.1462
988284.615687 1818723.618397 1620821059.146355
988288.27649 1818714.911745 1620821060.446033
988289.991974 1818709.975648 1620821061.1461
988291.281387 1818705.382349 1620821061.796162
988293.767218 1818690.464581 1620821063.84519
988294.055101 1818685.18602 1620821064.496015
988293.985605 1818679.621366 1620821065.146988
988292.39294 1818667.346843 1620821066.496201
988288.909569 1818655.313704 1620821067.846156
988286.51944 1818649.350253 1620821068.546885
988282.648974 1818641.127299 1620821069.546944
988281.126788 1818638.348452 1620821069.8961
988274.480167 1818628.239292 1620821071.245238
988270.782639 1818623.75818 1620821071.896336
988261.943419 1818615.13996 1620821073.24558
988259.36728 1818613.090259 1620821073.596607
988251.365224 1818607.611955 1620821074.596414
988242.478657 1818602.260682 1620821075.596613
988226.452666 1818592.675257 1620821077.296181
988223.68407 1818590.833631 1620821077.596562
988211.251079 1818582.459353 1620821078.947765
988201.50755 1818575.918753 1620821079.995743
988185.753712 1818565.990349 1620821081.646512
988182.450534 1818563.941031 1620821081.996971
988179.621286 1818562.188543 1620821082.29657
988161.597218 1818550.725066 1620821084.296511
988155.298271 1818546.673362 1620821085.147149
988144.027305 1818539.360883 1620821086.846275
988148.35082 1818542.150963 1620821086.19682
988131.037649 1818530.836443 1620821088.697
988127.36125 1818528.461844 1620821089.19692
988115.822418 1818520.972591 1620821090.895443
988120.38616 1818523.990297 1620821090.196777
988106.705779 1818514.806861 1620821092.246367
988094.240167 1818506.535618 1620821093.947202
988067.912379 1818489.523223 1620821098.445261
988061.250599 1818485.643966 1620821099.296323
988058.304132 1818484.173388 1620821099.64649
988037.470366 1818478.121251 1620821101.845866
988033.884128 1818477.711038 1620821102.196062
988023.396976 1818476.964861 1620821103.196759
988009.174565 1818476.330957 1620821104.54847
988005.563881 1818476.081738 1620821104.896327
988004.032587 1818475.945497 1620821105.058905
987940.613332 1818469.992634 1620821113.596836
987936.004569 1818477.064927 1620821114.59717
987929.349069 1818487.396595 1620821115.94647
987932.845316 1818481.955154 1620821115.245411
987927.825583 1818489.770051 1620821116.245516
987918.590753 1818503.973739 1620821117.99636
987916.965049 1818506.447604 1620821118.296307
987903.236742 1818527.052098 1620821120.846433
987901.376635 1818529.807543 1620821121.195763
987882.622109 1818558.260915 1620821124.896355
987877.785199 1818565.957965 1620821125.896544
987873.029245 1818573.890829 1620821126.896289
987869.996327 1818579.255286 1620821127.548561
987863.887444 1818590.999425 1620821128.896373
987862.325729 1818594.167127 1620821129.24555
987859.441593 1818600.075292 1620821129.896368
987851.824014 1818615.466017 1620821131.596892
987845.88023 1818627.384751 1620821132.947586
987844.35778 1818630.418102 1620821133.296731
987841.371666 1818636.360957 1620821133.996805
987840.738583 1818637.618164 1620821134.146353
987805.106513 1818710.338623 1620821142.846612
987801.093199 1818718.446787 1620821143.846509
987798.368918 1818723.931274 1620821144.548553
987793.309019 1818733.849045 1620821145.846353
987791.890929 1818736.54295 1620821146.197107
987784.952473 1818749.393224 1620821147.846554
987787.742844 1818744.292902 1620821147.196002
987776.029478 1818764.810077 1620821149.84573
987771.183184 1818772.640997 1620821150.89638
987769.546651 1818775.237896 1620821151.246573
987761.441383 1818788.049138 1620821152.946518
987759.977527 1818790.33419 1620821153.246487
987755.026045 1818797.985971 1620821154.245703
987753.271642 1818800.659858 1620821154.596886
987745.072962 1818813.025457 1620821156.246313
987736.715587 1818825.39001 1620821157.956779
987731.767874 1818832.489686 1620821158.946528
987730.277527 1818834.588568 1620821159.24652
987721.679848 1818846.270844 1620821160.946827
987719.091249 1818849.663723 1620821161.445637
987714.618837 1818855.477853 1620821162.297371
987712.73239 1818857.883615 1620821162.646492
987705.278813 1818867.174409 1620821163.997164
987695.65348 1818878.751205 1620821165.696476
987693.897066 1818880.805859 1620821165.997061
987691.845955 1818883.162229 1620821166.346543
987683.869454 1818892.021322 1620821167.696518
987671.247798 1818905.043954 1620821169.896602
987669.178608 1818907.108307 1620821170.246422
987667.055994 1818909.204698 1620821170.596216
987652.025157 1818923.324001 1620821172.896775
987645.195281 1818929.477514 1620821173.896632
987642.772338 1818931.585114 1620821174.245559
987631.323654 1818941.312452 1620821175.946429
987635.649211 1818937.699529 1620821175.296788
987626.765786 1818945.029631 1620821176.646417
987620.930753 1818950.064505 1620821177.69659
987617.666471 1818954.992186 1620821178.70046
987618.844196 1818964.989287 1620821180.548265
987623.560985 1818970.087214 1620821181.59703
987621.725048 1818968.40428 1620821181.246481
987639.772189 1818980.841903 1620821183.947773
987647.75417 1818985.528498 1620821184.947412
987642.532243 1818982.464908 1620821184.29691
987658.857486 1818991.969093 1620821186.296711
987661.37676 1818993.44815 1620821186.596132
987675.829409 1819002.038522 1620821188.347014
987678.149875 1819003.446743 1620821188.645546
987683.212692 1819006.574183 1620821189.346559
987696.92345 1819015.317629 1620821191.346477
987703.691229 1819019.650043 1620821192.346546
987707.911606 1819022.344327 1620821192.999269
987718.323262 1819028.975715 1620821194.697095
987723.347849 1819032.196764 1620821195.548347
987728.062954 1819035.187091 1620821196.346539
987740.478242 1819041.879305 1620821198.397825
987749.558937 1819043.336191 1620821199.747197
987747.105824 1819043.29647 1620821199.395822
987761.97794 1819039.297415 1620821201.549022
987768.493743 1819034.248946 1620821202.596909
987776.31963 1819027.446138 1620821203.947623
987772.334737 1819030.96302 1620821203.245512
987784.114684 1819020.441272 1620821205.29644
987792.919815 1819012.73154 1620821206.646626
987795.362216 1819010.626387 1620821206.99697
987800.430068 1819006.27008 1620821207.696561
987803.041946 1819004.048257 1620821208.059096
987821.373783 1818989.439347 1620821210.346638
987834.95227 1818980.303765 1620821211.896591
987842.838351 1818975.817897 1620821212.748213
987847.622346 1818973.366812 1620821213.245891
987853.937268 1818970.426958 1620821213.896608
987867.293672 1818965.336769 1620821215.245741
987880.926375 1818961.172984 1620821216.597146
987887.417361 1818959.465929 1620821217.246588
987910.75224 1818955.087526 1620821219.946805
987913.346105 1818954.758342 1620821220.296766
987915.665866 1818954.491148 1620821220.597159
987929.642477 1818953.434117 1620821222.296816
987936.104009 1818953.073222 1620821222.997079
987945.743337 1818952.876893 1620821223.996723
987949.154414 1818952.928539 1620821224.346477
987969.41906 1818954.560331 1620821226.397282
987972.384096 1818954.944174 1620821226.696801
987993.432521 1818958.948494 1620821228.896809
988003.056535 1818961.409725 1620821229.946517
988012.01917 1818964.266969 1620821230.946849
988015.065588 1818965.387461 1620821231.297061
988026.052336 1818970.103904 1620821232.59621
988031.959686 1818973.023198 1620821233.298977
988046.06055 1818981.322957 1620821234.997277
988054.170719 1818986.619228 1620821235.996687
988056.969707 1818988.4216 1620821236.346434
988064.957893 1818993.102731 1620821237.347592
988073.280344 1818996.833706 1620821238.346706
988078.819505 1818998.652585 1620821238.99699
988093.366097 1818999.87845 1620821240.696795
988090.434159 1819000.090514 1620821240.3468
988102.788011 1818997.082087 1620821241.997238
988111.942663 1818989.671545 1620821243.696831
988110.319636 1818991.498084 1620821243.346948
988117.909104 1818981.299077 1620821245.058118
988119.235836 1818979.230458 1620821245.346762
988126.828429 1818967.529427 1620821247.057164
988130.159468 1818962.518074 1620821247.74718
988131.618274 1818960.33002 1620821248.058022
988150.681129 1818931.462567 1620821251.947847
988155.399835 1818923.90292 1620821252.946899
988157.054432 1818921.235145 1620821253.296872
988161.78256 1818913.573133 1620821254.297788
988162.499936 1818912.424767 1620821254.445942
988171.835347 1818899.17449 1620821256.347035
988174.565586 1818894.909885 1620821256.997112
988177.472081 1818890.482468 1620821257.696663
988186.867911 1818875.965021 1620821259.896802
988187.542041 1818874.925036 1620821260.057728
988207.218034 1818844.217499 1620821264.74914
988209.227213 1818841.112918 1620821265.24665
988213.671366 1818834.279735 1620821266.296834
988217.262505 1818828.705693 1620821267.096694
988222.906111 1818820.00628 1620821268.296737
988235.806161 1818800.555457 1620821270.996221
988238.211896 1818797.028224 1620821271.496888
988243.790638 1818788.79351 1620821272.645722
988250.278115 1818779.161473 1620821273.996824
988254.993379 1818772.068127 1620821274.996383
988258.00183 1818767.542076 1620821275.646682
988261.114332 1818762.795342 1620821276.34661
988265.280109 1818756.297879 1620821277.346613
988269.382997 1818749.922676 1620821278.397475
988271.862095 1818746.075154 1620821279.058026
988275.984652 1818739.599418 1620821280.099272
988279.935849 1818733.267293 1620821281.096928
988284.177295 1818725.730555 1620821282.296128
988288.128448 1818716.78293 1620821283.646803
988289.923068 1818711.763518 1620821284.346817
988292.511624 1818701.185097 1620821285.696886
988293.337856 1818695.75339 1620821286.346639
988294.09991 1818684.096315 1620821287.696645
988293.610358 1818675.464927 1620821288.696783
988293.335163 1818672.903109 1620821288.996205
988290.618099 1818661.025251 1620821290.346497
988286.238614 1818649.46047 1620821291.696787
988281.936452 1818641.231553 1620821292.69614
988280.214209 1818638.461557 1620821293.058173
988274.765815 1818630.94495 1620821294.057934
988263.939804 1818619.634423 1620821295.747386
988258.859639 1818615.592997 1620821296.446743
988241.826367 1818604.128714 1620821298.646624
988236.400293 1818600.516149 1620821299.347886
988228.480934 1818595.060391 1620821300.346357
988220.106006 1818589.501862 1620821301.347237
988210.99616 1818583.513589 1620821302.397513
988205.233063 1818579.739627 1620821303.059089
988190.228701 1818569.758191 1620821304.746985
988187.658482 1818568.032396 1620821305.058599
988181.741556 1818564.104093 1620821305.74763
988179.247181 1818562.452103 1620821306.059997
988160.293692 1818549.866834 1620821308.446189
988162.917816 1818551.595884 1620821308.09688
988146.302175 1818541.027019 1620821310.696863
988148.347518 1818542.205258 1620821310.347152
988136.369897 1818537.475893 1620821312.397364
988130.712705 1818538.042333 1620821313.397499
988128.876567 1818538.855901 1620821313.748456
988127.426532 1818539.797154 1620821314.060921
988122.028174 1818546.326155 1620821315.446914
988119.694624 1818549.945726 1620821316.097311
988115.612477 1818556.215625 1620821317.147034
988082.067093 1818608.417585 1620821323.997884
988066.776531 1818631.784573 1620821326.697116
988068.78479 1818628.699838 1620821326.346864
988056.916506 1818646.93574 1620821328.397471
988050.716253 1818656.377784 1620821329.446689
988052.779253 1818653.223407 1620821329.096928
988040.708413 1818671.684478 1620821331.147169
988031.09418 1818686.388033 1620821332.845995
988028.355568 1818690.549456 1620821333.346961
988026.730886 1818693.003813 1620821333.646953
988018.129983 1818706.271624 1620821335.346874
988014.147382 1818713.51553 1620821336.347147
988012.331015 1818720.614961 1620821337.34776
988012.878362 1818725.351243 1620821338.059464
988017.653804 1818732.853159 1620821339.397267
988023.33751 1818736.849202 1620821340.397748
988022.433587 1818736.282193 1620821340.246049
988057.956342 1818761.559548 1620821346.44684
988058.956852 1818763.209783 1620821346.747638
988066.011706 1818773.580914 1620821348.747955
988064.711916 1818772.217173 1620821348.445865
988067.669779 1818775.111482 1620821349.097251
988077.330754 1818781.833175 1620821350.797338
988081.495127 1818784.542607 1620821351.445896
988089.819771 1818789.963159 1620821352.69691
988109.346306 1818802.814066 1620821355.697005
988111.543684 1818804.259421 1620821356.059193
988122.235055 1818811.196673 1620821357.748619
988119.934385 1818809.714551 1620821357.397373
988125.814127 1818813.475117 1620821358.296165
988152.399649 1818830.146343 1620821362.446937
988154.596216 1818831.53845 1620821362.797288
988158.746218 1818834.187524 1620821363.447054
988169.377115 1818841.875895 1620821365.14718
988177.449828 1818849.956746 1620821366.697452
988175.771101 1818848.088819 1620821366.34796
988183.185453 1818857.526488 1620821368.059594
988187.877802 1818868.804511 1620821369.796545
988186.44313 1818864.03381 1620821369.098242
988188.425458 1818873.451755 1620821370.446166
988183.307535 1818889.093424 1620821372.79753
988181.90043 1818891.201046 1620821373.147035
988176.522045 1818899.223325 1620821374.497695
988171.112585 1818907.3713 1620821375.846938
988172.521809 1818905.212626 1620821375.497013
988164.172593 1818918.001258 1620821377.497312
988158.113169 1818927.19975 1620821378.845997
988156.721971 1818929.283958 1620821379.146971
988148.829781 1818941.300148 1620821380.846021
988146.515068 1818944.884569 1620821381.347177
988145.582697 1818946.327808 1620821381.549987
988135.139663 1818962.614018 1620821383.74753
988133.693919 1818964.85427 1620821384.059206
988128.648509 1818972.517859 1620821385.097117
988123.595729 1818980.120733 1620821386.147133
988120.234196 1818985.093165 1620821386.845994
988117.026976 1818989.45853 1620821387.497025
988108.530503 1818998.044313 1620821389.058289
988098.362237 1819003.363558 1620821390.747695
988091.770197 1819004.484945 1620821391.748706
988084.572462 1819004.017546 1620821392.748819
988082.324939 1819003.600323 1620821393.058374
988074.394699 1819001.123869 1620821394.09617
988066.664992 1818997.45945 1620821395.096926
988053.663112 1818989.67711 1620821396.797391
988046.107305 1818984.798039 1620821397.797689
988048.373642 1818986.268933 1620821397.496944
988038.574912 1818979.846737 1620821398.797629
988030.867922 1818975.195332 1620821399.797487
988028.069479 1818973.667543 1620821400.14711
988013.970486 1818967.53537 1620821401.846408
987996.688416 1818963.088403 1620821403.846443
987987.608019 1818960.985241 1620821404.846144
987990.795945 1818961.673828 1620821404.497371
987972.542737 1818958.433854 1620821406.497169
987969.329833 1818958.057161 1620821406.847256
987966.120879 1818957.737288 1620821407.197558
987943.116906 1818957.307975 1620821409.748613
987935.209264 1818957.5888 1620821410.747574
987930.473493 1818957.577628 1620821411.447006
987924.556993 1818956.266309 1620821412.446376
987922.750103 1818955.263992 1620821412.797867
987921.129321 1818953.993347 1620821413.148277
987917.599955 1818948.630408 1620821414.197399
987916.564175 1818931.457561 1620821416.748726
987917.110298 1818926.186124 1620821417.446315
987918.320211 1818917.710872 1620821418.497638
987920.520119 1818909.278689 1620821419.497343
987919.585944 1818912.240212 1620821419.146857
987929.390112 1818892.689616 1620821421.497499
987927.801766 1818895.122092 1620821421.197113
987932.066013 1818888.658768 1620821421.997881
987942.604641 1818872.875093 1620821423.997533
987951.459505 1818859.310944 1620821425.747991
987952.229169 1818858.13105 1620821425.897979
987961.864573 1818843.357926 1620821427.748251
987963.735517 1818840.458262 1620821428.097494
987973.134399 1818826.021392 1620821429.797554
987976.750471 1818820.382164 1620821430.447176
987984.320546 1818808.878404 1620821431.797821
987989.794927 1818800.656498 1620821432.798207
987991.730213 1818797.967965 1620821433.147374
988000.051288 1818789.888735 1620821434.497178
988004.446941 1818787.256758 1620821435.147096
988006.871742 1818786.127891 1620821435.497485
988019.038403 1818782.164569 1620821437.147281
988026.837608 1818780.207075 1620821438.147185
988034.334711 1818778.482522 1620821439.147654
988043.848043 1818776.253719 1620821440.497164
988041.456907 1818776.805794 1620821440.147237
988047.174884 1818775.500354 1620821440.998003
988079.516623 1818782.313859 1620821445.847302
988084.310188 1818785.38313 1620821446.54846
988088.808247 1818788.328853 1620821447.197711
988091.236989 1818789.933016 1620821447.549525
988097.134416 1818793.808307 1620821448.397549
988114.640611 1818805.079508 1620821450.949281
988117.942248 1818807.199031 1620821451.447254
988115.637586 1818805.723732 1620821451.097639
988128.543561 1818814.03921 1620821453.147676
988136.17354 1818818.9774 1620821454.497182
988134.601309 1818817.957048 1620821454.197701
988142.201956 1818822.871381 1620821455.897407
988147.004968 1818825.895809 1620821457.597611
988148.486403 1818826.795066 1620821458.747762
988147.799743 1818826.387875 1620821458.097506
988148.786224 1818826.942715 1620821460.096638
988148.815291 1818826.955855 1620821461.097333
988148.794122 1818826.939697 1620821462.79717
988148.796949 1818826.94059 1620821462.497044
