988135.894407 1818819.751856 1620821019.846629
988135.893016 1818819.750917 1620821020.146685
988136.300809 1818820.030754 1620821021.846823
988136.107125 1818819.898027 1620821021.497207
988139.314398 1818822.148285 1620821023.896248
988141.155964 1818823.47486 1620821024.548133
988143.22021 1818824.98633 1620821025.196619
988145.680477 1818826.794294 1620821025.896197
988148.293323 1818828.691896 1620821026.548196
988158.383676 1818835.795259 1620821028.596676
988156.824092 1818834.716583 1620821028.296097
988170.215565 1818844.546899 1620821030.947314
988168.825569 1818843.343385 1620821030.646227
988171.992645 1818846.196539 1620821031.346129
988194.032137 1818861.142566 1620821036.699206
988197.762567 1818858.667164 1620821037.695405
988200.021647 1818855.763184 1620821038.396236
988198.913909 1818857.33976 1620821038.061681
988208.411443 1818842.622208 1620821040.796661
988209.557512 1818840.765711 1620821041.096509
988210.925546 1818838.550942 1620821041.445072
988213.584987 1818834.297196 1620821042.097114
988221.190199 1818822.541122 1620821043.79654
988229.091945 1818810.654591 1620821045.496517
988230.936747 1818807.840096 1620821045.896379
988238.604951 1818795.918476 1620821047.597064
988237.082024 1818798.344241 1620821047.246365
988259.45136 1818764.046356 1620821052.296239
988264.825886 1818755.694143 1620821053.646423
988267.44906 1818751.592986 1620821054.346144
988268.685882 1818749.646999 1620821054.696375
988276.273849 1818738.071612 1620821056.74762
988278.728218 1818734.253796 1620821057.396946
988281.045875 1818730.396653 1620821058.052349
988284.312155 1818724.252677 1620821059.052682
988288.142046 1818715.250613 1620821060.396743
988289.770574 1818710.68228 1620821061.054381
988291.191095 1818705.733571 1620821061.747061
988293.734406 1818690.85675 1620821063.796131
988294.043489 1818685.601997 1620821064.44623
988293.985605 1818679.621366 1620821065.146988
988292.489073 1818667.801156 1620821066.445988
988288.909569 1818655.313704 1620821067.846156
988286.51944 1818649.350253 1620821068.546885
988282.648974 1818641.127299 1620821069.546944
988281.349373 1818638.741739 1620821069.845148
988274.480167 1818628.239292 1620821071.245238
988270.782639 1818623.75818 1620821071.896336
988261.943419 1818615.13996 1620821073.24558
988259.36728 1818613.090259 1620821073.596607
988251.365224 1818607.611955 1620821074.596414
988242.005538 1818601.999758 1620821075.647682
988226.452666 1818592.675257 1620821077.296181
988223.222664 1818590.525634 1620821077.646433
988210.791491 1818582.145722 1620821078.996991
988201.037438 1818575.611269 1620821080.057747
988185.281031 1818565.696777 1620821081.696594
988181.979777 1818563.649015 1620821082.060991
988178.68046 1818561.602571 1620821082.396594
988160.798639 1818550.212808 1620821084.396616
988155.642369 1818546.896017 1620821085.096284
988144.027305 1818539.360883 1620821086.846275
988148.667131 1818542.35642 1620821086.146282
988129.923906 1818530.112779 1620821088.847206
988127.36125 1818528.461844 1620821089.19692
988115.822418 1818520.972591 1620821090.895443
988120.38616 1818523.990297 1620821090.196777
988106.705779 1818514.806861 1620821092.246367
988094.240167 1818506.535618 1620821093.947202
988069.013494 1818490.202663 1620821098.296844
988060.836902 1818485.426851 1620821099.347274
988057.873793 1818483.973455 1620821099.696367
988037.978918 1818478.189782 1620821101.796724
988034.400505 1818477.762947 1620821102.147233
988023.925289 1818476.992846 1620821103.14722
988009.174565 1818476.330957 1620821104.54847
988006.076323 1818476.12386 1620821104.846418
988002.006165 1818475.738139 1620821105.246601
987940.613332 1818469.992634 1620821113.596836
987936.004569 1818477.064927 1620821114.59717
987929.349069 1818487.396595 1620821115.94647
987932.598777 1818482.338249 1620821115.296336
987927.571172 1818490.165776 1620821116.296274
987918.590753 1818503.973739 1620821117.99636
987916.69342 1818506.859305 1620821118.346323
987903.769941 1818526.26126 1620821120.746699
987901.909378 1818529.0168 1620821121.096618
987883.099575 1818557.500717 1620821124.796208
987878.025331 1818565.567877 1620821125.846547
987873.263884 1818573.486646 1620821126.846512
987870.226084 1818578.838466 1620821127.496461
987863.887444 1818590.999425 1620821128.896373
987862.325729 1818594.167127 1620821129.24555
987859.441593 1818600.075292 1620821129.896368
987851.60225 1818615.909002 1620821131.646364
987845.88023 1818627.384751 1620821132.947586
987844.35778 1818630.418102 1620821133.296731
987841.159899 1818636.779629 1620821134.058944
987839.688233 1818639.712208 1620821134.396769
987805.520813 1818709.511738 1620821142.746747
987801.282353 1818718.056916 1620821143.797282
987798.749408 1818723.184937 1620821144.445467
987793.509558 1818733.46434 1620821145.795987
987792.093002 1818736.158741 1620821146.1464
987785.169845 1818749.000127 1620821147.79604
987787.954387 1818743.901524 1620821147.146686
987776.248689 1818764.436591 1620821149.796753
987771.417061 1818772.27486 1620821150.84664
987769.780703 1818774.863437 1620821151.196986
987761.441383 1818788.049138 1620821152.946518
987759.977527 1818790.33419 1620821153.246487
987755.026045 1818797.985971 1620821154.245703
987753.271642 1818800.659858 1620821154.596886
987745.072962 1818813.025457 1620821156.246313
987736.715587 1818825.39001 1620821157.956779
987731.767874 1818832.489686 1620821158.946528
987730.277527 1818834.588568 1620821159.24652
987721.41832 1818846.617158 1620821160.996435
987719.852172 1818848.664751 1620821161.297298
987714.351787 1818855.820589 1620821162.346744
987712.463427 1818858.227815 1620821162.696527
987704.999903 1818867.516028 1620821164.059124
987695.65348 1818878.751205 1620821165.696476
987693.606811 1818881.141387 1620821166.058769
987691.550527 1818883.498972 1620821166.396937
987683.284341 1818892.655697 1620821167.796984
987671.537578 1818904.754124 1620821169.845556
987669.478825 1818906.80985 1620821170.196871
987667.668925 1818908.607793 1620821170.496591
987652.363685 1818923.013764 1620821172.846649
987645.540927 1818929.175843 1620821173.846637
987643.121814 1818931.280363 1620821174.196937
987631.323654 1818941.312452 1620821175.946429
987635.984939 1818937.414578 1620821175.245671
987626.449317 1818945.284165 1620821176.696619
987620.708804 1818950.295249 1620821177.748404
987617.482613 1818955.535646 1620821178.796599
987618.679828 1818964.734029 1620821180.496875
987623.292165 1818969.847316 1620821181.548749
987621.481791 1818968.163974 1620821181.197154
987639.772189 1818980.841903 1620821183.947773
987647.75417 1818985.528498 1620821184.947412
987642.532243 1818982.464908 1620821184.29691
987658.857486 1818991.969093 1620821186.296711
987661.797698 1818993.695259 1620821186.647706
987675.829409 1819002.038522 1620821188.347014
987678.149875 1819003.446743 1620821188.645546
987683.212692 1819006.574183 1620821189.346559
987696.92345 1819015.317629 1620821191.346477
987704.022978 1819019.8642 1620821192.3975
987708.582705 1819022.777489 1620821193.096864
987718.920417 1819029.353744 1620821194.796046
987722.747816 1819031.806683 1620821195.446582
987728.64867 1819035.56057 1620821196.445746
987740.79654 1819041.988186 1620821198.446722
987749.910955 1819043.324504 1620821199.796095
987747.806423 1819043.329918 1620821199.496638
987761.656296 1819039.510261 1620821201.496553
987768.192371 1819034.501907 1620821202.549171
987776.31963 1819027.446138 1620821203.947623
987772.052474 1819031.211348 1620821203.196304
987784.114684 1819020.441272 1620821205.29644
987793.264401 1819012.433202 1620821206.696762
987795.362216 1819010.626387 1620821206.99697
987800.800036 1819005.954027 1620821207.746955
987803.419345 1819003.730154 1620821208.096642
987822.219151 1818988.8265 1620821210.445614
987834.046038 1818980.861614 1620821211.797045
987843.311156 1818975.567975 1620821212.796954
987846.659782 1818973.851357 1620821213.146757
987853.449881 1818970.641399 1620821213.846782
987866.283304 1818965.674597 1620821215.146746
987879.928443 1818961.456176 1620821216.497464
987886.918099 1818959.585234 1620821217.197164
987910.369499 1818955.144084 1620821219.896789
987912.965785 1818954.804676 1620821220.246493
987915.280419 1818954.533013 1620821220.548084
987929.642477 1818953.434117 1620821222.296816
987936.104009 1818953.073222 1620821222.997079
987946.231357 1818952.879569 1620821224.059016
987949.154414 1818952.928539 1620821224.346477
987969.41906 1818954.560331 1620821226.397282
987972.876865 1818955.010623 1620821226.747192
987992.965245 1818958.834643 1620821228.846585
988002.600705 1818961.283571 1620821229.896892
988011.584337 1818964.109682 1620821230.896969
988014.630391 1818965.223677 1620821231.246611
988026.052336 1818970.103904 1620821232.59621
988031.544197 1818972.809353 1620821233.246478
988046.06055 1818981.322957 1620821234.997277
988054.170719 1818986.619228 1620821235.996687
988056.56912 1818988.166258 1620821236.296735
988064.55234 1818992.889249 1620821237.297357
988072.854337 1818996.671919 1620821238.296391
988078.819505 1818998.652585 1620821238.99699
988093.366097 1818999.87845 1620821240.696795
988090.863953 1819000.077125 1620821240.3961
988103.124678 1818996.916897 1620821242.058859
988111.942663 1818989.671545 1620821243.696831
988110.555709 1818991.247359 1620821243.397059
988117.909104 1818981.299077 1620821245.058118
988119.457311 1818978.883152 1620821245.397092
988127.061286 1818967.17805 1620821247.096786
988130.402125 1818962.155788 1620821247.797107
988132.109234 1818959.602816 1620821248.146723
988150.442435 1818931.836542 1620821251.896851
988155.399835 1818923.90292 1620821252.946899
988156.820516 1818921.618801 1620821253.247133
988161.543654 1818913.955874 1620821254.245834
988163.218737 1818911.274146 1620821254.597059
988171.835347 1818899.17449 1620821256.347035
988174.565586 1818894.909885 1620821256.997112
988177.680168 1818890.166646 1620821257.747425
988186.208425 1818876.997724 1620821259.747459
988187.769298 1818874.578095 1620821260.096906
988207.4173 1818843.911211 1620821264.796996
988208.821188 1818841.741542 1620821265.146953
988213.234116 1818834.954501 1620821266.196016
988217.726944 1818827.9922 1620821267.197251
988222.43608 1818820.740964 1620821268.197288
988235.327579 1818801.261276 1620821270.896934
988238.695292 1818796.320848 1620821271.596993
988243.54675 1818789.156971 1620821272.597061
988249.80297 1818779.870359 1620821273.896727
988254.759568 1818772.419831 1620821274.947814
988257.773658 1818767.885944 1620821275.596403
988261.114332 1818762.795342 1620821276.34661
988265.280109 1818756.297879 1620821277.346613
988269.382997 1818749.922676 1620821278.397475
988272.053938 1818745.778455 1620821279.096644
988276.185777 1818739.287569 1620821280.14644
988280.305199 1818732.643485 1620821281.19711
988283.845479 1818726.371023 1620821282.196212
988287.999571 1818717.135149 1620821283.59748
988289.685902 1818712.499023 1620821284.246723
988292.437018 1818701.594884 1620821285.645746
988293.337856 1818695.75339 1620821286.346639
988294.098466 1818684.532141 1620821287.645698
988293.65366 1818675.889894 1620821288.645773
988293.335163 1818672.903109 1620821288.996205
988290.618099 1818661.025251 1620821290.346497
988286.238614 1818649.46047 1620821291.696787
988281.936452 1818641.231553 1620821292.69614
988280.214209 1818638.461557 1620821293.058173
988274.475909 1818630.584507 1620821294.098064
988263.235397 1818619.036674 1620821295.845749
988258.110906 1818615.041614 1620821296.547613
988242.216131 1818604.382125 1620821298.597405
988236.400293 1818600.516149 1620821299.347886
988228.480934 1818595.060391 1620821300.346357
988220.106006 1818589.501862 1620821301.347237
988210.99616 1818583.513589 1620821302.397513
988204.788484 1818579.445371 1620821303.096991
988190.228701 1818569.758191 1620821304.746985
988187.230565 1818567.747785 1620821305.096822
988181.741556 1818564.104093 1620821305.74763
988178.834136 1818562.177176 1620821306.097369
988159.929908 1818549.627531 1620821308.497097
988162.535979 1818551.344124 1620821308.147986
988146.589104 1818541.187462 1620821310.646894
988148.631794 1818542.375001 1620821310.297278
988136.660641 1818537.503564 1620821312.346875
988130.712705 1818538.042333 1620821313.397499
988128.876567 1818538.855901 1620821313.748456
988127.196363 1818539.974204 1620821314.097113
988121.838234 1818546.606329 1620821315.497086
988119.5079 1818550.233029 1620821316.146918
988115.419376 1818556.534279 1620821317.197156
988082.34643 1818607.99622 1620821323.946827
988067.063164 1818631.344336 1620821326.648052
988069.070659 1818628.261232 1620821326.297186
988056.916506 1818646.93574 1620821328.397471
988050.716253 1818656.377784 1620821329.446689
988052.779253 1818653.223407 1620821329.096928
988040.420943 1818672.129804 1620821331.197829
988030.816161 1818686.810334 1620821332.897193
988028.901326 1818689.717116 1620821333.246224
988027.000957 1818692.59701 1620821333.597804
988018.361414 1818705.899827 1620821335.296137
988014.310751 1818713.159126 1620821336.300916
988012.351364 1818720.263316 1620821337.297117
988012.789907 1818725.027552 1620821337.996275
988017.653804 1818732.853159 1620821339.397267
988023.33751 1818736.849202 1620821340.397748
988021.256119 1818735.52092 1620821340.061176
988057.956342 1818761.559548 1620821346.44684
988059.116016 1818763.489553 1620821346.797141
988066.241226 1818773.806392 1620821348.796462
988064.711916 1818772.217173 1620821348.445865
988067.916976 1818775.322266 1620821349.147014
988077.646093 1818782.037226 1620821350.846101
988082.148169 1818784.969081 1620821351.548054
988089.150023 1818789.531414 1620821352.597567
988109.031822 1818802.606489 1620821355.646225
988111.230129 1818804.05276 1620821355.997828
988122.235055 1818811.196673 1620821357.748619
988119.934385 1818809.714551 1620821357.397373
988126.773183 1818814.074487 1620821358.447387
988152.399649 1818830.146343 1620821362.446937
988154.596216 1818831.53845 1620821362.797288
988159.069479 1818834.395106 1620821363.496283
988169.664656 1818842.127292 1620821365.197484
988176.983644 1818849.42211 1620821366.59861
988175.522257 1818847.822508 1620821366.297126
988183.000317 1818857.234184 1620821367.997573
988187.877802 1818868.804511 1620821369.796545
988186.315962 1818863.705782 1620821369.059481
988188.429996 1818873.807388 1620821370.496888
988183.107865 1818889.396315 1620821372.846213
988181.698683 1818891.501974 1620821373.197712
988176.32891 1818899.507853 1620821374.548362
988170.909909 1818907.682669 1620821375.896698
988172.320789 1818905.518451 1620821375.54864
988163.953208 1818918.333928 1620821377.548592
988157.882797 1818927.546319 1620821378.897361
988156.256347 1818929.985786 1620821379.247078
988148.366205 1818942.015373 1620821380.94807
988146.747247 1818944.524211 1620821381.297535
988145.116241 1818947.049862 1620821381.646926
988135.381642 1818962.239595 1620821383.697191
988133.693919 1818964.85427 1620821384.059206
988128.648509 1818972.517859 1620821385.097117
988123.595729 1818980.120733 1620821386.147133
988120.234196 1818985.093165 1620821386.845994
988116.773124 1818989.780524 1620821387.548819
988109.112758 1818997.599913 1620821388.947117
988098.674435 1819003.26718 1620821390.696945
988092.115692 1819004.465167 1620821391.698031
988084.93898 1819004.077491 1620821392.697366
988082.324939 1819003.600323 1620821393.058374
988074.77816 1819001.276803 1620821394.059966
988066.664992 1818997.45945 1620821395.096926
988053.663112 1818989.67711 1620821396.797391
988046.107305 1818984.798039 1620821397.797689
988048.373642 1818986.268933 1620821397.496944
988038.574912 1818979.846737 1620821398.797629
988030.867922 1818975.195332 1620821399.797487
988027.665588 1818973.450133 1620821400.197529
988013.540818 1818967.390249 1620821401.897018
987996.235526 1818962.970044 1620821403.896103
987987.151623 1818960.889992 1620821404.897081
987990.337342 1818961.569661 1620821404.549349
987972.084764 1818958.376017 1620821406.549861
987968.870626 1818958.008075 1620821406.895965
987965.662055 1818957.697527 1620821407.246307
987943.541714 1818957.297337 1620821409.696946
987935.572239 1818957.577158 1620821410.697229
987930.473493 1818957.577628 1620821411.447006
987924.556993 1818956.266309 1620821412.446376
987922.750103 1818955.263992 1620821412.797867
987921.129321 1818953.993347 1620821413.148277
987917.490353 1818948.331935 1620821414.247083
987916.531707 1818931.820856 1620821416.697205
987917.110298 1818926.186124 1620821417.446315
987918.320211 1818917.710872 1620821418.497638
987920.520119 1818909.278689 1620821419.497343
987919.585944 1818912.240212 1620821419.146857
987929.656568 1818892.284705 1620821421.549698
987928.064195 1818894.716438 1620821421.247837
987933.409868 1818886.659875 1620821422.247338
987942.350665 1818873.266207 1620821423.94788
987950.962334 1818860.076291 1620821425.647983
987952.743357 1818857.340356 1620821425.997725
987961.599146 1818843.77 1620821427.697452
987963.464814 1818840.873922 1620821428.05976
987973.134399 1818826.021392 1620821429.797554
987976.750471 1818820.382164 1620821430.447176
987984.320546 1818808.878404 1620821431.797821
987989.794927 1818800.656498 1620821432.798207
987991.446793 1818798.33802 1620821433.097624
988000.051288 1818789.888735 1620821434.497178
988004.772258 1818787.091046 1620821435.197809
988006.871742 1818786.127891 1620821435.497485
988019.431695 1818782.061493 1620821437.197542
988027.221456 1818780.115925 1620821438.197621
988034.710553 1818778.38859 1620821439.199561
988043.848043 1818776.253719 1620821440.497164
988041.800933 1818776.726194 1620821440.197664
988048.813996 1818775.149647 1620821441.247103
988079.854317 1818782.526825 1620821445.897137
988084.65479 1818785.608188 1620821446.598166
988089.154491 1818788.557935 1620821447.247281
988091.584719 1818790.162818 1620821447.597938
988096.447433 1818793.355933 1620821448.2973
988112.96313 1818803.994302 1620821450.697235
988117.615704 1818806.989672 1620821451.397639
988115.305984 1818805.509627 1620821451.058803
988128.543561 1818814.03921 1620821453.147676
988136.425631 1818819.140868 1620821454.549721
988134.601309 1818817.957048 1620821454.197701
988142.380398 1818822.984943 1620821455.947798
988147.098644 1818825.953664 1620821457.646409
988148.44656 1818826.771985 1620821458.69726
988147.66418 1818826.304624 1620821457.997952
988148.785432 1818826.942642 1620821460.060821
988148.814856 1818826.95589 1620821461.059971
988148.794122 1818826.939697 1620821462.79717
988148.796949 1818826.94059 1620821462.497044
