355752.171635 4027020.733376 1620282816.916791
355752.174864 4027020.732787 1620282817.125028
355752.17262 4027020.732569 1620282817.315856
355752.1643 4027020.732026 1620282819.566516
355752.245702 4027020.725868 1620282820.565587
355752.984193 4027020.668666 1620282821.565861
355755.077858 4027020.538639 1620282822.565829
355755.677559 4027020.49608 1620282822.765837
355758.340577 4027020.327885 1620282823.565779
355767.972066 4027019.871532 1620282825.765974
355773.880886 4027019.641303 1620282826.765661
355779.171558 4027019.475803 1620282827.565074
355780.550051 4027019.445374 1620282827.765793
355786.231306 4027019.343321 1620282828.565743
355806.616919 4027018.823781 1620282831.215817
355813.829577 4027018.487321 1620282832.064741
355822.524057 4027017.878672 1620282833.064915
355824.27317 4027017.740676 1620282833.265877
355844.767914 4027016.271951 1620282835.716313
355839.946484 4027016.591256 1620282835.125537
355858.908801 4027015.743507 1620282837.565607
355860.344499 4027015.701751 1620282837.765601
355867.191771 4027015.504304 1620282838.765788
355877.748359 4027014.866274 1620282840.565633
355883.099103 4027013.798334 1620282841.766578
355880.547789 4027014.422868 1620282841.165985
355889.450077 4027009.703855 1620282843.565543
355891.91791 4027004.232883 1620282844.764853
355891.678058 4027005.286053 1620282844.565643
355892.167665 4026992.713481 1620282846.617263
355892.078905 4026989.904872 1620282847.016178
355891.783989 4026982.453777 1620282848.016014
355891.714293 4026980.899467 1620282848.215962
355890.980024 4026966.159054 1620282850.01592
355890.888825 4026964.453918 1620282850.215742
355890.111012 4026949.121527 1620282852.015013
355889.669374 4026938.53636 1620282853.266057
355889.383111 4026929.801532 1620282854.267122
355889.302959 4026917.775257 1620282855.715627
355889.450232 4026911.291074 1620282856.515788
355889.471695 4026900.799648 1620282857.76553
355889.305978 4026894.100972 1620282858.565835
355889.230459 4026890.874583 1620282858.965682
355888.850246 4026878.016405 1620282860.617958
355888.623844 4026873.36933 1620282861.215468
355888.682744 4026874.898457 1620282861.015345
355888.424945 4026858.869802 1620282863.266469
355888.421401 4026854.336423 1620282864.065802
355888.432261 4026853.388186 1620282864.265801
355888.653978 4026848.676073 1620282865.667812
355888.924418 4026847.509382 1620282866.515627
355887.713658 4026848.659709 1620282870.715209
355887.69276 4026848.660034 1620282870.514601
355887.877661 4026848.580924 1620282872.765492
355887.953357 4026848.501764 1620282873.765845
355888.025714 4026848.452252 1620282874.765317
355888.011269 4026848.456174 1620282874.565448
355888.08228 4026848.424097 1620282875.565404
355888.190584 4026848.387285 1620282876.815434
355887.307163 4026848.218443 1620282877.815453
355886.824043 4026848.140252 1620282879.015795
355886.819983 4026848.139591 1620282879.215314
355886.847871 4026848.100627 1620282881.215678
355886.848996 4026848.101581 1620282882.21539
355886.850427 4026848.102209 1620282883.265823
355886.849956 4026848.100548 1620282883.465879
355886.845956 4026848.108065 1620282886.715401
355886.846804 4026848.108043 1620282886.916043
355886.854329 4026848.096262 1620282888.765607
355886.854931 4026848.096211 1620282888.965276
355886.855332 4026848.102553 1620282890.215409
355886.854572 4026848.102015 1620282891.015545
355886.850082 4026848.105132 1620282892.215415
355886.850562 4026848.100849 1620282892.616985
355886.846591 4026848.104463 1620282895.666677
355886.841974 4026848.106993 1620282896.064638
355886.848634 4026848.093703 1620282897.515459
355886.847763 4026848.092512 1620282897.315523
355886.846164 4026848.106303 1620282900.765378
355886.844259 4026848.103926 1620282901.165797
355886.844764 4026848.082627 1620282902.616421
355886.84326 4026848.086832 1620282903.815302
355886.838726 4026848.093804 1620282904.815544
355886.835083 4026848.090721 1620282905.815337
355886.83503 4026848.087283 1620282906.61678
355886.835504 4026848.086574 1620282906.815661
355886.835864 4026848.085791 1620282907.616978
355886.825566 4026848.096762 1620282909.266618
355886.826029 4026848.083464 1620282910.065704
355886.828444 4026848.090657 1620282911.715123
355886.827778 4026848.090094 1620282912.126402
355886.822472 4026848.098372 1620282913.765639
355886.819425 4026848.106034 1620282914.765303
355886.813631 4026848.114356 1620282915.565995
355886.808073 4026848.108914 1620282916.765277
355886.807422 4026848.094975 1620282917.765233
355886.806082 4026848.093051 1620282918.616728
355886.805601 4026848.09374 1620282918.816277
355886.795876 4026848.073605 1620282922.065538
355886.795663 4026848.073953 1620282922.264883
355886.787699 4026848.080512 1620282926.715319
355886.783511 4026848.08512 1620282927.137834
355886.784579 4026848.071717 1620282928.31569
355886.783947 4026848.078626 1620282929.127376
355886.779323 4026848.096119 1620282930.126269
355886.779484 4026848.092627 1620282930.314966
355886.77905 4026848.082286 1620282932.765146
355886.778938 4026848.082812 1620282932.965349
355886.76672 4026848.076015 1620282937.616306
355886.767127 4026848.073485 1620282937.815534
355886.768222 4026848.073487 1620282938.616796
355886.76867 4026848.078146 1620282940.264814
355886.767575 4026848.066258 1620282941.31532
355886.769404 4026848.058244 1620282942.715352
355886.768229 4026848.05138 1620282943.714525
355886.767274 4026848.051018 1620282944.715471
355886.767153 4026848.047905 1620282944.315098
355886.765322 4026848.051559 1620282946.565439
355886.764845 4026848.052915 1620282946.365285
355886.771412 4026848.049191 1620282954.21545
355886.765686 4026848.055399 1620282961.865714
355886.765712 4026848.055062 1620282961.665599
355886.761326 4026848.065058 1620282963.065295
355886.760306 4026848.046276 1620282964.265697
355886.761122 4026848.055748 1620282964.065414
355886.735462 4026847.729582 1620282965.06572
355886.336131 4026842.14529 1620282967.127786
355886.277373 4026841.329653 1620282967.31517
355885.319765 4026827.096224 1620282969.765306
355885.414861 4026828.519328 1620282969.565156
355884.55504 4026815.915695 1620282971.217219
355884.436872 4026814.255151 1620282971.415607
355882.898389 4026797.711052 1620282973.265763
355881.970824 4026790.056224 1620282974.066093
355880.76642 4026780.387432 1620282975.066394
355879.26293 4026763.90731 1620282976.765674
355879.059874 4026760.460956 1620282977.129787
355878.903931 4026758.000024 1620282977.366317
355877.739606 4026735.85529 1620282979.617776
355877.285363 4026726.403925 1620282980.617762
355877.459885 4026730.159013 1620282980.216685
355876.644389 4026708.493215 1620282982.665663
355876.650388 4026707.0146 1620282982.865937
355876.661283 4026705.600345 1620282983.066014
355875.038082 4026694.731034 1620282985.065923
355871.76845 4026690.610199 1620282986.366471
355866.885968 4026688.630783 1620282987.765732
355860.65451 4026687.849936 1620282988.816142
355855.07076 4026687.298101 1620282989.617459
355846.140779 4026686.150252 1620282990.815879
355847.637765 4026686.387594 1620282990.617877
355830.588157 4026684.28799 1620282992.666012
355828.833536 4026684.094953 1620282992.865053
355827.066619 4026683.901558 1620282993.065987
355816.134505 4026683.016785 1620282994.265927
355792.664741 4026679.049765 1620282996.315509
355783.654895 4026678.555709 1620282997.125025
355764.589504 4026677.882058 1620282998.765656
355760.049132 4026677.771647 1620282999.165632
355757.806502 4026677.716402 1620282999.365512
355749.001889 4026677.54727 1620283000.165395
355721.680768 4026677.214141 1620283002.815756
355713.964601 4026677.112206 1620283003.617803
355702.392834 4026676.972833 1620283004.866016
355700.591209 4026676.949992 1620283005.06591
355689.72883 4026676.850248 1620283006.315439
355691.425078 4026676.875417 1620283006.125224
355678.403353 4026676.645398 1620283007.765413
355675.769902 4026676.581175 1620283008.165892
355663.892439 4026676.081129 1620283010.617523
355658.984521 4026675.811084 1620283011.865964
355658.09231 4026675.772808 1620283012.064806
355649.716864 4026675.537727 1620283013.664801
355651.893138 4026675.580884 1620283013.265796
355639.545096 4026676.679992 1620283015.714733
355638.733558 4026677.004947 1620283015.916086
355629.484489 4026731.137867 1620283024.565291
355629.610543 4026736.01974 1620283025.165572
355629.833526 4026749.894049 1620283026.815779
355629.817249 4026748.190753 1620283026.61644
355629.896002 4026765.108389 1620283028.617427
355629.991296 4026775.490463 1620283029.815279
355629.971872 4026773.74789 1620283029.618518
355630.204958 4026792.205709 1620283031.815751
355630.247533 4026795.323321 1620283032.215657
355630.751122 4026806.934644 1620283033.865518
355631.570147 4026811.258579 1620283034.664883
355631.856842 4026812.216719 1620283034.864753
355633.515806 4026815.831044 1620283035.71552
355645.251087 4026822.648086 1620283038.765541
355648.99081 4026822.673901 1620283039.365538
355659.343165 4026822.43587 1620283040.815937
355657.827985 4026822.471019 1620283040.63829
355664.083514 4026822.383457 1620283041.416057
355719.479468 4026821.289111 1620283047.8651
355723.183613 4026821.181984 1620283048.265744
355732.916563 4026820.911963 1620283049.315477
355740.461831 4026820.731735 1620283050.124385
355751.955406 4026820.498863 1620283051.315608
355750.025997 4026820.541158 1620283051.124437
355761.640355 4026820.32586 1620283052.315485
355779.608486 4026819.920112 1620283054.165401
355781.553445 4026819.875891 1620283054.365327
355789.340828 4026819.701527 1620283055.165407
355827.739603 4026819.094285 1620283059.415209
355856.558759 4026818.594802 1620283063.815271
355859.209422 4026818.573309 1620283064.616994
355857.98561 4026818.583551 1620283064.215692
355861.788928 4026818.480772 1620283066.064459
355861.931072 4026818.466589 1620283066.265629
355862.059192 4026818.404323 1620283067.464912
355862.028277 4026818.29369 1620283071.315172
355862.031154 4026818.299217 1620283072.124184
355862.027194 4026818.288944 1620283073.165323
355862.030449 4026818.300478 1620283075.616567
355862.027506 4026818.296228 1620283075.815882
355862.038668 4026818.318051 1620283077.865843
355862.038793 4026818.321447 1620283078.665728
355862.032978 4026818.306487 1620283078.864757
355862.029931 4026818.303674 1620283080.715133
355862.029753 4026818.298413 1620283081.315283
355862.03214 4026818.301902 1620283082.163579
355862.033084 4026818.311923 1620283084.81553
355862.03248 4026818.307518 1620283084.414608
355862.029623 4026818.306966 1620283086.664631
355862.031134 4026818.305457 1620283086.865536
355862.031984 4026818.305114 1620283088.314544
355862.032459 4026818.30873 1620283088.123066
355862.026128 4026818.300938 1620283094.165155
355862.024234 4026818.286957 1620283094.365193
355862.024473 4026818.29463 1620283096.415481
355862.027591 4026818.300804 1620283096.165149
355862.02619 4026818.301487 1620283098.815246
355862.032178 4026818.302345 1620283099.616465
355862.02588 4026818.299171 1620283100.715362
355862.027773 4026818.298944 1620283101.864699
355862.024003 4026818.296429 1620283102.915969
355862.024916 4026818.297215 1620283103.065562
355862.030065 4026818.302363 1620283104.124851
355862.023656 4026818.302906 1620283105.365946
355862.023747 4026818.301605 1620283107.215272
355862.020875 4026818.297344 1620283107.815406
355862.024064 4026818.298109 1620283109.264445
355862.022634 4026818.298472 1620283110.715198
355862.020593 4026818.296006 1620283110.915262
355862.019266 4026818.296284 1620283112.315138
355862.023371 4026818.295639 1620283113.71523
355862.023147 4026818.295438 1620283113.314959
355862.019251 4026818.295459 1620283116.765142
355862.019272 4026818.295458 1620283117.36515
355862.021489 4026818.300469 1620283118.415163
355862.017488 4026818.290935 1620283119.415976
355862.016555 4026818.288583 1620283120.21505
355862.013713 4026818.290435 1620283122.215131
355862.012729 4026818.287813 1620283124.665535
355862.012921 4026818.291184 1620283124.864665
355862.022087 4026818.299024 1620283126.91493
355862.014695 4026818.2931 1620283127.71524
355862.017489 4026818.292084 1620283127.914969
355862.020503 4026818.296798 1620283128.765211
355862.02126 4026818.295523 1620283129.965338
355862.024078 4026818.295816 1620283131.365381
355862.019789 4026818.293227 1620283131.165306
355862.021552 4026818.299993 1620283133.215083
355862.021711 4026818.293884 1620283134.415704
355862.01718 4026818.288119 1620283135.215178
355862.022819 4026818.298236 1620283136.215167
355862.022045 4026818.299393 1620283137.415117
355862.01925 4026818.299465 1620283138.215123
355862.021081 4026818.289112 1620283139.215487
355862.021082 4026818.300028 1620283140.215087
355862.018461 4026818.301816 1620283141.21509
355862.021199 4026818.298196 1620283141.616163
355862.019058 4026818.301201 1620283143.865438
355862.017837 4026818.295949 1620283144.865659
355862.017482 4026818.295503 1620283145.715096
355862.0187 4026818.296683 1620283145.914869
355862.017096 4026818.294777 1620283146.123928
355862.013045 4026818.294759 1620283152.765246
355862.016901 4026818.297213 1620283153.165412
355862.014476 4026818.291729 1620283154.414999
355862.012947 4026818.293656 1620283155.214882
355862.01284 4026818.29623 1620283155.617779
355862.008845 4026818.292603 1620283156.264622
355872.184998 4026818.132695 1620283163.715112
355874.815052 4026818.072732 1620283164.315337
355876.750065 4026818.017344 1620283164.71491
355882.472274 4026817.528022 1620283165.764819
355896.244191 4026817.005092 1620283167.815183
355899.217864 4026816.838964 1620283168.215032
355908.453568 4026816.528532 1620283169.415365
355916.537208 4026816.340844 1620283170.414959
355919.783611 4026816.270027 1620283170.814984
355921.403109 4026816.238349 1620283171.016037
355949.77458 4026816.467434 1620283174.864367
355954.661307 4026816.382855 1620283175.715867
355961.367607 4026816.228117 1620283176.915182
355967.680888 4026816.092505 1620283177.914971
355966.367229 4026816.111837 1620283177.713724
355978.420395 4026815.895348 1620283179.36487
355986.631224 4026815.778898 1620283180.364864
355984.943407 4026815.801941 1620283180.164972
355995.303704 4026815.650647 1620283181.365185
356011.75331 4026814.796542 1620283183.215954
356022.003117 4026814.730407 1620283184.415092
356028.89779 4026814.691323 1620283185.214896
356037.688893 4026814.562701 1620283186.214846
356048.741631 4026814.280766 1620283187.415627
356056.421056 4026814.041227 1620283188.214999
356058.365833 4026813.974865 1620283188.415798
356082.960061 4026813.434742 1620283190.865301
356093.4501 4026813.170289 1620283191.915827
356103.053254 4026812.943567 1620283192.915829
356101.164217 4026812.984185 1620283192.714391
356116.516955 4026812.641258 1620283194.364951
356125.455045 4026812.520685 1620283195.365056
356139.837063 4026812.708593 1620283197.415034
356147.652341 4026814.941506 1620283198.865409
356145.611783 4026813.996944 1620283198.466036
356155.47926 4026823.182798 1620283200.715162
356155.986089 4026824.391519 1620283200.916385
356157.749448 4026838.353163 1620283202.915256
356157.915041 4026844.572486 1620283203.715186
356158.055159 4026852.628284 1620283204.715099
356158.242997 4026861.005277 1620283205.714025
356158.284885 4026862.728873 1620283205.915221
356158.524124 4026879.218467 1620283207.765046
356158.553116 4026884.732273 1620283208.365
356158.769055 4026894.664809 1620283209.415031
356159.04241 4026904.281085 1620283210.415316
356158.980284 4026902.320694 1620283210.215987
356159.342583 4026914.120352 1620283211.415071
356159.867382 4026936.845425 1620283213.665231
356160.160442 4026947.160041 1620283214.71498
356160.258236 4026950.813624 1620283215.129517
356160.484764 4026960.33014 1620283216.315892
356159.963299 4026975.266559 1620283218.765085
356159.294601 4026977.672201 1620283219.164807
356156.252601 4026984.04631 1620283220.215686
356155.369549 4026985.212421 1620283220.414979
356140.048426 4026995.256407 1620283222.665623
356131.593971 4026999.07653 1620283223.665301
356120.903166 4027003.948779 1620283224.865207
356111.542646 4027008.320291 1620283225.865237
356113.440299 4027007.422212 1620283225.665546
356092.05383 4027018.245217 1620283227.865178
356094.037094 4027017.180669 1620283227.665374
356072.663157 4027028.702256 1620283229.765031
356070.585832 4027029.830753 1620283229.965809
356069.019615 4027030.674518 1620283230.128082
356044.90051 4027043.905748 1620283232.415569
356036.367869 4027048.601722 1620283233.214845
355997.157377 4027070.029023 1620283236.865464
355990.62001 4027073.612787 1620283237.465271
355992.806483 4027072.400817 1620283237.265384
355970.814985 4027085.096373 1620283239.315813
355968.775458 4027086.382082 1620283239.514686
355940.00934 4027107.703124 1620283242.764989
355938.64727 4027108.833354 1620283242.964997
355924.961083 4027121.030077 1620283246.216098
355924.240613 4027121.650361 1620283246.815699
355922.291165 4027122.509604 1620283249.465277
355920.988758 4027122.838614 1620283250.715022
355918.477073 4027123.738766 1620283251.915067
355914.298592 4027123.717721 1620283252.915344
355915.299427 4027123.846917 1620283252.715576
355904.197259 4027117.928857 1620283254.96494
355900.790775 4027112.01756 1620283255.965005
355899.404334 4027106.11995 1620283256.764918
355899.003439 4027101.216073 1620283257.365061
355899.104116 4027102.884007 1620283257.165425
355898.554729 4027072.238965 1620283260.814684
355898.647516 4027073.910799 1620283260.616477
355897.938583 4027059.114797 1620283262.464308
355897.494915 4027048.707089 1620283263.915323
355896.120701 4027040.107228 1620283264.914884
355896.188368 4027041.566336 1620283264.714946
355895.896545 4027024.424374 1620283266.96488
355895.952786 4027026.073662 1620283266.764636
355895.805777 4027021.07419 1620283267.364797
355895.364684 4026993.847534 1620283270.415353
355895.266912 4026986.523776 1620283271.21523
355895.235203 4026984.726531 1620283271.415374
355894.837933 4026959.055175 1620283274.465422
355894.814523 4026957.487112 1620283274.665213
355895.124146 4026934.617227 1620283277.916061
355896.406173 4026929.89182 1620283278.716024
355895.991869 4026931.010662 1620283278.515205
355902.183694 4026921.929452 1620283280.364957
355901.232238 4026922.711247 1620283280.16508
355912.036757 4026917.563485 1620283281.964708
355918.027343 4026916.910123 1620283282.764775
355931.160571 4026916.185815 1620283284.414796
355937.817689 4026915.808849 1620283285.215978
355947.755713 4026915.340583 1620283286.414287
355946.07466 4026915.371569 1620283286.214737
355963.463323 4026915.023421 1620283288.264188
355965.211108 4026915.015463 1620283288.46539
355972.286273 4026914.947132 1620283289.265378
355995.060854 4026914.228835 1620283291.714725
356004.811001 4026914.067999 1620283292.714025
356016.696155 4026913.775539 1620283293.915966
356026.401438 4026913.457267 1620283294.915311
356033.981855 4026913.330188 1620283295.714963
356045.030599 4026913.255249 1620283296.914873
356053.516665 4026913.192393 1620283297.915703
356061.129094 4026913.144355 1620283298.915771
356059.643612 4026913.146741 1620283298.716174
356074.543145 4026912.982244 1620283300.917935
356072.048814 4026913.043379 1620283300.51386
356125.818966 4026911.500865 1620283307.764935
356130.910191 4026911.384019 1620283308.414684
356136.3454 4026911.357175 1620283309.215169
356143.401343 4026912.419043 1620283310.414943
356148.96625 4026914.681794 1620283311.415481
356153.152458 4026917.556915 1620283312.214904
356158.223774 4026923.816947 1620283313.4147
356157.520738 4026922.613082 1620283313.214745
356163.110048 4026947.950733 1620283316.865381
356164.8809 4026952.758939 1620283317.664543
356169.325798 4026958.112085 1620283318.864421
356172.349961 4026959.797246 1620283319.465251
356178.127905 4026961.067822 1620283320.465523
356176.935556 4026960.961234 1620283320.26543
356185.655715 4026960.341896 1620283321.665141
356188.312008 4026959.50306 1620283322.06501
356207.989352 4026947.082023 1620283324.714946
356209.613814 4026945.908654 1620283324.914885
356221.574825 4026937.267199 1620283326.364471
356228.262556 4026932.56833 1620283327.164881
356229.921867 4026931.426038 1620283327.364993
356241.523829 4026924.118131 1620283328.764741
356250.200991 4026919.605782 1620283329.815801
356251.853 4026918.567612 1620283330.014881
356275.786442 4026903.160642 1620283332.864002
356279.17751 4026900.868486 1620283333.264027
356293.400252 4026890.808446 1620283334.916442
356295.130674 4026889.507593 1620283335.123903
356319.332185 4026871.875839 1620283337.964833
356317.808613 4026873.082542 1620283337.764758
356324.925069 4026866.878234 1620283338.764935
356330.076432 4026858.92631 1620283339.814523
356333.608139 4026842.08385 1620283341.865109
356333.050694 4026838.32007 1620283342.264423
356333.510093 4026840.401026 1620283342.064241
356323.276459 4026819.887802 1620283344.916029
356324.463127 4026820.943008 1620283344.714364
356308.932389 4026812.927778 1620283346.764847
356310.750869 4026813.513674 1620283346.564906
356270.220451 4026801.342326 1620283350.414736
356272.617241 4026802.11409 1620283350.215288
356205.388862 4026778.900529 1620283355.314472
356203.268273 4026778.231659 1620283355.465382
356194.770716 4026775.559214 1620283356.065454
356122.504889 4026753.201288 1620283360.964902
356110.866541 4026749.613666 1620283361.764685
356113.754477 4026750.505774 1620283361.56466
356042.050674 4026728.605154 1620283366.814846
356029.469605 4026724.765499 1620283367.815506
356024.529765 4026723.277237 1620283368.214827
356004.718728 4026717.153127 1620283369.864123
355973.266247 4026707.28197 1620283372.714019
355966.069651 4026705.098997 1620283373.514955
355956.913676 4026702.313815 1620283374.765017
355951.052512 4026700.528005 1620283375.765855
355953.246362 4026701.196378 1620283375.364758
355949.043644 4026699.920447 1620283376.165945
355941.700931 4026697.73194 1620283378.215741
355938.915554 4026697.260168 1620283379.865345
355938.624258 4026697.348185 1620283380.265397
355938.454532 4026697.607519 1620283381.265167
355938.440433 4026697.611581 1620283381.665328
355938.438869 4026697.69167 1620283383.314936
355938.43947 4026697.730494 1620283384.314358
355938.439844 4026697.735913 1620283384.514891
355938.476653 4026697.669667 1620283390.764779
355938.480609 4026697.673337 1620283391.764728
355938.476089 4026697.671193 1620283391.364503
355938.477571 4026697.675695 1620283393.414864
355938.479726 4026697.673661 1620283395.86448
355938.487188 4026697.677103 1620283397.265296
355938.476284 4026697.671793 1620283398.314853
355938.479134 4026697.671949 1620283399.314065
355938.481812 4026697.672583 1620283399.713937
355938.481924 4026697.671204 1620283401.763992
355938.485287 4026697.673287 1620283402.165173
355938.481359 4026697.671271 1620283403.814881
355938.48471 4026697.672532 1620283404.215093
355938.474453 4026697.668146 1620283405.214843
355938.482602 4026697.670936 1620283406.26472
355938.473454 4026697.668983 1620283407.264775
355938.484138 4026697.671446 1620283408.314028
355938.474252 4026697.669062 1620283409.314014
355938.481072 4026697.670253 1620283410.314034
355938.477962 4026697.670191 1620283410.714214
355938.481467 4026697.670497 1620283412.764509
355938.478129 4026697.669353 1620283413.764708
355938.480066 4026697.670253 1620283413.364691
355938.478187 4026697.669044 1620283415.76489
355938.481289 4026697.668734 1620283418.814898
355938.484386 4026697.669731 1620283419.215607
355938.477049 4026697.667381 1620283420.264061
355938.479232 4026697.667445 1620283420.46515
355938.47963 4026697.665576 1620283424.314012
355938.487239 4026697.666783 1620283425.313761
355938.48523 4026697.66684 1620283426.764487
355938.483427 4026697.666557 1620283427.764645
355938.485474 4026697.668428 1620283428.764407
355938.483086 4026697.667733 1620283429.764735
355938.484103 4026697.668324 1620283430.76474
355938.48102 4026697.667086 1620283430.36461
355938.485018 4026697.668928 1620283432.814335
355938.486175 4026697.66921 1620283433.414633
355938.487614 4026697.668616 1620283434.26512
355938.482547 4026697.667129 1620283436.915088
355938.482449 4026697.667358 1620283437.314945
355938.487822 4026697.668579 1620283438.314301
355938.48159 4026697.667229 1620283439.313977
355938.487974 4026697.66795 1620283440.36477
355938.483529 4026697.668318 1620283441.365067
355938.482927 4026697.66626 1620283442.81493
355938.485663 4026697.667004 1620283443.814772
355938.482716 4026697.666674 1620283444.81478
355938.485779 4026697.666233 1620283445.814822
355938.482551 4026697.664867 1620283446.815017
355938.485221 4026697.66541 1620283447.814871
355938.472272 4026697.662421 1620283448.814667
355937.869025 4026697.50404 1620283449.814823
355935.48361 4026696.859857 1620283450.814715
355931.702043 4026695.767988 1620283451.815191
355926.950203 4026694.333406 1620283452.814701
355921.044131 4026692.511747 1620283453.814713
355914.143836 4026690.370865 1620283454.814647
355918.367695 4026691.69966 1620283454.215258
355902.877827 4026686.835716 1620283456.265139
355888.665357 4026682.554187 1620283457.864977
355884.851868 4026681.47083 1620283458.265121
355878.931551 4026679.880409 1620283458.865161
355863.369549 4026676.893649 1620283460.313981
355851.537136 4026676.039669 1620283461.314746
355838.894873 4026675.84043 1620283462.314692
355825.652663 4026675.63914 1620283463.314895
355811.881857 4026675.394853 1620283464.31399
355797.708865 4026675.366704 1620283465.314048
355783.341662 4026675.636993 1620283466.314885
355769.124829 4026676.046765 1620283467.313821
355763.520571 4026676.21293 1620283467.714756
355735.59482 4026676.971408 1620283469.764517
355740.936096 4026676.877522 1620283469.364848
355709.041189 4026677.075404 1620283471.814758
355696.596219 4026677.00984 1620283472.81466
355684.487056 4026676.977228 1620283473.814752
355679.740359 4026676.976683 1620283474.214737
355661.567714 4026676.878484 1620283475.814686
355651.954291 4026676.83483 1620283476.81467
355644.523102 4026677.076573 1620283477.81485
355642.051507 4026677.450076 1620283478.214792
355640.888732 4026677.726725 1620283478.414726
355632.128563 4026683.600506 1620283480.265079
355630.333959 4026686.579276 1620283480.865138
355628.012966 4026694.273886 1620283482.125627
355626.885359 4026707.354561 1620283483.764552
355627.140727 4026701.884493 1620283483.125496
355627.038126 4026726.891367 1620283485.81471
355627.110448 4026733.052886 1620283486.414481
355627.093236 4026730.978526 1620283486.214723
355627.334566 4026752.879202 1620283488.264929
355627.361526 4026755.077125 1620283488.464983
355627.170262 4026782.128293 1620283490.914696
355626.459066 4026792.636601 1620283491.914665
355625.32001 4026801.220036 1620283492.764252
355624.072669 4026807.194416 1620283493.364517
355620.891155 4026817.071005 1620283494.364411
355618.185578 4026822.845321 1620283494.964477
355606.058393 4026839.160479 1620283496.814728
355597.903532 4026847.759084 1620283497.865
355590.749686 4026856.312101 1620283498.865198
355585.341804 4026863.797008 1620283499.864769
355580.389613 4026873.393504 1620283500.865081
355576.740723 4026883.661478 1620283501.864444
355575.526325 4026887.906866 1620283502.26493
355572.929761 4026899.348611 1620283503.314068
355571.132268 4026910.637175 1620283504.314869
355570.509501 4026917.609374 1620283504.915917
355624.522436 4027015.402744 1620283514.768406
355630.808966 4027017.692458 1620283515.364547
355635.082447 4027018.923367 1620283515.764421
355657.895126 4027022.149293 1620283517.814664
355653.351622 4027021.874733 1620283517.414628
355662.442598 4027022.287729 1620283518.214703
355671.537763 4027022.375967 1620283519.014673
355725.773726 4027021.532758 1620283523.86382
355719.495263 4027021.674764 1620283523.263842
355742.581082 4027021.162293 1620283525.914697
355741.273459 4027021.183457 1620283525.714641
355751.939956 4027021.120934 1620283527.96446
355753.385997 4027021.174311 1620283529.364536
355753.317066 4027021.138134 1620283530.563663
355753.286254 4027021.003141 1620283532.363607
355753.27681 4027020.813484 1620283533.364426
