990493.519176 1819703.773977 1620282816.815606
990493.523297 1819703.773208 1620282817.165502
990493.520782 1819703.773024 1620282817.365797
990493.512955 1819703.772444 1620282819.566516
990493.594422 1819703.767553 1620282820.565587
990494.33353 1819703.721849 1620282821.565861
990496.428442 1819703.624406 1620282822.565829
990497.028583 1819703.591183 1620282822.765837
990499.693232 1819703.464434 1620282823.565779
990509.328258 1819703.157927 1620282825.765974
990515.238475 1819703.019609 1620282826.765661
990520.529766 1819702.93639 1620282827.565074
990521.908223 1819702.927394 1620282827.765793
990527.948778 1819702.912418 1620282828.616778
990547.975132 1819702.711122 1620282831.215817
990555.190357 1819702.486874 1620282832.064741
990563.891088 1819702.013566 1620282833.064915
990565.6417 1819701.902803 1620282833.265877
990585.753801 1819700.768521 1620282835.665705
990581.734486 1819700.9771 1620282835.164856
990600.295593 1819700.444624 1620282837.565607
990601.73141 1819700.425195 1620282837.765601
990608.579225 1819700.33423 1620282838.765788
990619.141836 1819699.860489 1620282840.565633
990624.507203 1819698.876096 1620282841.766578
990621.724296 1819699.499529 1620282841.124942
990630.919465 1819694.881823 1620282843.565543
990633.471409 1819689.451219 1620282844.764853
990633.289379 1819690.243237 1620282844.616801
990633.894477 1819677.594597 1620282846.665365
990633.855008 1819675.130992 1620282847.016178
990633.675993 1819667.678061 1620282848.016014
990633.630478 1819666.123241 1620282848.215962
990633.12555 1819651.376851 1620282850.01592
990633.060883 1819649.670926 1620282850.215742
990632.521626 1819634.3321 1620282852.015013
990632.244647 1819623.743972 1620282853.266057
990632.09423 1819615.007915 1620282854.267122
990632.200998 1819602.984828 1620282855.715627
990632.448981 1819596.505324 1620282856.515788
990632.633474 1819586.018099 1620282857.76553
990632.567993 1819578.910932 1620282858.617539
990632.548977 1819576.491817 1620282858.915588
990632.350908 1819562.841281 1620282860.665772
990632.212204 1819558.584718 1620282861.215468
990632.247319 1819560.114196 1620282861.015345
990632.2387 1819544.087444 1620282863.266469
990632.305606 1819539.555681 1620282864.065802
990632.331197 1819538.607963 1620282864.265801
990632.626058 1819533.901032 1620282865.667812
990632.914529 1819532.738974 1620282866.515627
990631.686339 1819533.870062 1620282870.715209
990631.665444 1819533.870062 1620282870.514601
990631.851506 1819533.793854 1620282872.765492
990631.932009 1819533.710943 1620282873.815521
990632.005116 1819533.666654 1620282874.815345
990631.990667 1819533.670472 1620282874.616444
990632.062018 1819533.63783 1620282875.616375
990632.172373 1819533.604722 1620282876.865612
990631.221632 1819533.409773 1620282877.865994
990630.805125 1819533.336972 1620282879.015795
990630.801076 1819533.336248 1620282879.215314
990630.82956 1819533.297731 1620282881.215678
990630.830669 1819533.298703 1620282882.21539
990630.832007 1819533.298907 1620282883.315518
990630.831787 1819533.298127 1620282883.414649
990630.82753 1819533.305137 1620282886.715401
990630.827921 1819533.304999 1620282886.815381
990630.836231 1819533.293522 1620282888.815926
990630.836559 1819533.293443 1620282888.915861
990630.836988 1819533.299773 1620282890.215409
990630.836237 1819533.299223 1620282891.015545
990630.8317 1819533.302269 1620282892.215415
990630.832199 1819533.298624 1620282892.565395
990630.828778 1819533.301131 1620282895.618345
990630.822903 1819533.304234 1620282896.12729
990630.83043 1819533.290822 1620282897.515459
990630.829803 1819533.289882 1620282897.366685
990630.827765 1819533.303379 1620282900.765378
990630.825852 1819533.300526 1620282901.215398
990630.826733 1819533.27969 1620282902.616421
990630.825165 1819533.28387 1620282903.815302
990630.820524 1819533.290769 1620282904.815544
990630.81693 1819533.28763 1620282905.815337
990630.816931 1819533.284193 1620282906.61678
990630.817416 1819533.283491 1620282906.815661
990630.817788 1819533.282714 1620282907.616978
990630.807323 1819533.293521 1620282909.266618
990630.807992 1819533.280235 1620282910.065704
990630.810451 1819533.287531 1620282911.665896
990630.809638 1819533.28689 1620282912.126402
990630.804205 1819533.295083 1620282913.765639
990630.80104 1819533.302694 1620282914.765303
990630.795119 1819533.310923 1620282915.565995
990630.789648 1819533.305397 1620282916.765277
990630.789213 1819533.291453 1620282917.765233
990630.787904 1819533.289509 1620282918.616728
990630.787412 1819533.29019 1620282918.816277
990630.778004 1819533.269911 1620282922.065538
990630.777785 1819533.270256 1620282922.264883
990630.770345 1819533.276216 1620282926.664906
990630.765464 1819533.28123 1620282927.137834
990630.76674 1819533.267849 1620282928.31569
990630.766001 1819533.274745 1620282929.127376
990630.761059 1819533.291647 1620282930.165508
990630.761467 1819533.287764 1620282930.365198
990630.761049 1819533.278328 1620282932.765146
990630.760886 1819533.278763 1620282932.915887
990630.748821 1819533.271867 1620282937.616306
990630.749267 1819533.269345 1620282937.815534
990630.750431 1819533.269838 1620282938.665666
990630.750737 1819533.274028 1620282940.264814
990630.749827 1819533.262127 1620282941.31532
990630.75178 1819533.254145 1620282942.715352
990630.750712 1819533.247265 1620282943.714525
990630.749763 1819533.246888 1620282944.715471
990630.749697 1819533.244237 1620282944.365123
990630.747804 1819533.247399 1620282946.565439
990630.747408 1819533.248384 1620282946.415158
990630.753937 1819533.245101 1620282954.165498
990630.748106 1819533.251524 1620282961.915271
990630.74811 1819533.251121 1620282961.715211
990630.743599 1819533.260831 1620282963.065295
990630.742872 1819533.24204 1620282964.265697
990630.74354 1819533.251521 1620282964.065414
990630.722958 1819532.925076 1620282965.06572
990630.399329 1819527.135504 1620282967.165433
990630.353326 1819526.310823 1620282967.365464
990629.628423 1819512.277325 1620282969.765306
990629.701369 1819513.701382 1620282969.565156
990629.060243 1819501.501915 1620282971.166667
990628.866744 1819498.162618 1620282971.56491
990627.664579 1819482.865359 1620282973.265763
990626.856309 1819475.198939 1620282974.066093
990625.8026 1819465.514995 1620282975.066394
990624.581197 1819449.506622 1620282976.715307
990624.384152 1819445.075439 1620282977.168414
990624.288689 1819443.106898 1620282977.366317
990623.483696 1819421.430001 1620282979.565439
990623.17578 1819411.964197 1620282980.565444
990623.277813 1819415.253712 1620282980.216685
990622.799293 1819393.583229 1620282982.665663
990622.828266 1819392.105252 1620282982.865937
990622.853792 1819391.040027 1620282983.015974
990621.407434 1819379.801161 1620282985.065923
990618.203043 1819375.631037 1620282986.366471
990613.616874 1819373.627155 1620282987.715863
990607.462369 1819372.737658 1620282988.765362
990601.929113 1819372.101047 1620282989.565702
990593.030964 1819370.839015 1620282990.766506
990594.517586 1819371.097802 1620282990.565909
990577.136181 1819368.671244 1620282992.666012
990575.385207 1819368.451012 1620282992.865053
990574.063848 1819368.285137 1620282993.016037
990563.172514 1819367.21475 1620282994.215904
990539.308156 1819362.845646 1620282996.315509
990530.880243 1819362.250843 1620282997.066026
990512.404128 1819361.285056 1620282998.66593
990506.724445 1819361.061175 1620282999.165632
990504.483501 1819360.971101 1620282999.365512
990495.684767 1819360.665214 1620283000.165395
990468.870095 1819359.922237 1620283002.765587
990460.667176 1819359.685855 1620283003.617803
990449.101848 1819359.366716 1620283004.866016
990447.75038 1819359.328365 1620283005.016255
990436.868059 1819359.061189 1620283006.265873
990438.563702 1819359.107098 1620283006.066046
990425.471657 1819358.678191 1620283007.715509
990422.494835 1819358.5615 1620283008.165892
990410.629531 1819357.877071 1620283010.617523
990405.727622 1819357.53086 1620283011.865964
990405.064664 1819357.492138 1620283012.015821
990396.467637 1819357.113591 1620283013.664801
990398.911606 1819357.200393 1620283013.21537
990386.076858 1819358.169322 1620283015.765719
990385.263213 1819358.496692 1620283015.965386
990375.372233 1819411.977932 1620283024.515638
990375.42889 1819417.260818 1620283025.165572
990375.439166 1819430.708886 1620283026.765396
990375.447956 1819429.004107 1620283026.565487
990375.262219 1819446.343155 1620283028.617427
990375.196144 1819456.722873 1620283029.815279
990375.203806 1819454.980642 1620283029.618518
990375.149978 1819473.435263 1620283031.815751
990375.144788 1819476.164847 1620283032.165512
990375.467056 1819488.167243 1620283033.865518
990376.218586 1819492.502308 1620283034.664883
990376.561221 1819493.700015 1620283034.915524
990378.209849 1819497.291286 1620283035.765565
990389.426291 1819504.07289 1620283038.715384
990393.45542 1819504.184126 1620283039.365538
990403.807649 1819504.107056 1620283040.815937
990401.917972 1819504.121285 1620283040.565585
990409.365883 1819504.142131 1620283041.514642
990463.93956 1819503.895227 1620283047.8651
990467.184361 1819503.852038 1620283048.215961
990476.909039 1819503.73188 1620283049.265754
990484.922837 1819503.664119 1620283050.124385
990496.415788 1819503.60994 1620283051.315608
990494.486434 1819503.622237 1620283051.124437
990506.09985 1819503.587503 1620283052.315485
990524.067655 1819503.461126 1620283054.165401
990526.012583 1819503.447146 1620283054.365327
990534.285213 1819503.391624 1620283055.215713
990572.611839 1819503.382908 1620283059.465228
990601.010133 1819503.332097 1620283063.815271
990603.660152 1819503.351803 1620283064.616994
990602.600786 1819503.344006 1620283064.26455
990606.197528 1819503.30257 1620283066.015596
990606.351247 1819503.289578 1620283066.215588
990606.511738 1819503.234091 1620283067.365456
990606.482313 1819503.116091 1620283071.315172
990606.485103 1819503.121661 1620283072.124184
990606.482915 1819503.110314 1620283073.215354
990606.484379 1819503.122911 1620283075.616567
990606.481503 1819503.118616 1620283075.815882
990606.489394 1819503.136752 1620283077.914983
990606.485756 1819503.125978 1620283078.715544
990606.48368 1819503.125064 1620283078.915183
990606.480979 1819503.125398 1620283080.814728
990606.483715 1819503.120835 1620283081.315283
990606.484403 1819503.121255 1620283082.215256
990606.486835 1819503.134392 1620283084.81553
990606.486642 1819503.128729 1620283084.464564
990606.483304 1819503.124441 1620283086.714991
990606.484843 1819503.12895 1620283086.915599
990606.485841 1819503.127569 1620283088.314544
990606.48626 1819503.131191 1620283088.123066
990606.483681 1819503.121784 1620283094.215036
990606.476779 1819503.109807 1620283094.415213
990606.478496 1819503.116972 1620283096.415481
990606.478991 1819503.121329 1620283096.215214
990606.480106 1819503.123853 1620283098.815246
990606.486078 1819503.124804 1620283099.616465
990606.479832 1819503.121533 1620283100.715362
990606.48023 1819503.120951 1620283101.916106
990606.477998 1819503.118763 1620283102.915969
990606.478899 1819503.119563 1620283103.065562
990606.483966 1819503.124789 1620283104.124851
990606.477551 1819503.125232 1620283105.365946
990606.477662 1819503.123933 1620283107.215272
990606.473451 1819503.117332 1620283107.765027
990606.476555 1819503.120299 1620283109.315649
990606.476598 1819503.120784 1620283110.715198
990606.474596 1819503.118287 1620283110.915262
990606.477399 1819503.120943 1620283112.265476
990606.477379 1819503.117963 1620283113.71523
990606.47535 1819503.121089 1620283113.2646
990606.472183 1819503.121858 1620283116.815269
990606.475227 1819503.122387 1620283117.314165
990606.475422 1819503.122762 1620283118.415163
990606.471571 1819503.11317 1620283119.415976
990606.470675 1819503.110804 1620283120.21505
990606.467805 1819503.112611 1620283122.215131
990606.466862 1819503.109975 1620283124.665535
990606.467002 1819503.113348 1620283124.864665
990606.476043 1819503.121327 1620283126.91493
990606.468745 1819503.11529 1620283127.71524
990606.471554 1819503.114318 1620283127.914969
990606.474494 1819503.119077 1620283128.765211
990606.47527 1819503.117815 1620283129.965338
990606.478083 1819503.118151 1620283131.365381
990606.475759 1819503.11896 1620283131.12208
990606.475493 1819503.122287 1620283133.215083
990606.475747 1819503.116183 1620283134.415704
990606.471307 1819503.11035 1620283135.215178
990606.476786 1819503.120551 1620283136.215167
990606.475995 1819503.121695 1620283137.415117
990606.4732 1819503.121724 1620283138.215123
990606.475191 1819503.111403 1620283139.215487
990606.475022 1819503.122315 1620283140.215087
990606.472374 1819503.124062 1620283141.21509
990606.475474 1819503.124927 1620283141.564968
990606.471057 1819503.114194 1620283143.815567
990606.471842 1819503.118187 1620283144.865659
990606.471494 1819503.117736 1620283145.715096
990606.472693 1819503.118934 1620283145.914869
990606.468068 1819503.115688 1620283146.064622
990606.471371 1819503.114898 1620283152.815048
990606.471425 1819503.118824 1620283153.124877
990606.468548 1819503.113917 1620283154.414999
990606.467442 1819503.113896 1620283155.265474
990606.466791 1819503.110105 1620283155.565052
990606.465305 1819503.114231 1620283156.314122
990616.63779 1819503.112989 1620283163.715112
990619.03412 1819503.088544 1620283164.265358
990621.454545 1819503.055444 1620283164.765117
990626.629776 1819502.672545 1620283165.715433
990640.347369 1819502.362066 1620283167.764965
990643.680793 1819502.23982 1620283168.215032
990652.917917 1819502.073024 1620283169.415365
990661.001494 1819502.011023 1620283170.414959
990663.842287 1819501.995793 1620283170.765263
990666.670878 1819501.981264 1620283171.124171
990694.224649 1819502.654068 1620283174.864367
990699.110889 1819502.645459 1620283175.715867
990705.817123 1819502.594993 1620283176.915182
990712.130185 1819502.557538 1620283177.914971
990710.81671 1819502.556449 1620283177.713724
990722.868799 1819502.527343 1620283179.36487
990731.078413 1819502.53853 1620283180.364864
990729.39086 1819502.535337 1620283180.164972
990739.749691 1819502.545095 1620283181.365185
990756.206511 1819501.946928 1620283183.215954
990766.453571 1819502.040097 1620283184.415092
990773.346313 1819502.10817 1620283185.214896
990782.136177 1819502.116207 1620283186.214846
990793.189227 1819502.006133 1620283187.415627
990800.869547 1819501.886019 1620283188.214999
990803.302607 1819501.844212 1620283188.464331
990827.408208 1819501.692168 1620283190.865301
990838.391496 1819501.584987 1620283191.964716
990847.971938 1819501.509391 1620283192.965898
990846.086709 1819501.522507 1620283192.764705
990860.965083 1819501.420443 1620283194.364951
990869.901759 1819501.43881 1620283195.365056
990884.559649 1819501.886454 1620283197.465722
990892.05327 1819504.203682 1620283198.865409
990890.285779 1819503.33664 1620283198.514462
990899.877857 1819512.865061 1620283200.764819
990900.345027 1819514.091522 1620283200.965027
990901.791556 1819528.144545 1620283202.965007
990901.854771 1819534.380662 1620283203.765128
990901.867406 1819542.44925 1620283204.765964
990901.928798 1819550.845101 1620283205.764985
990901.943002 1819552.571334 1620283205.965074
990901.913743 1819569.078976 1620283207.814919
990901.865492 1819574.138179 1620283208.365
990901.931604 1819584.54729 1620283209.465342
990902.05711 1819594.178397 1620283210.465543
990902.029364 1819592.214336 1620283210.265722
990902.200785 1819604.026647 1620283211.464555
990902.369431 1819626.252591 1620283213.665231
990902.509703 1819637.03645 1620283214.764782
990902.543072 1819640.221727 1620283215.129517
990902.621627 1819649.738264 1620283216.315892
990901.794312 1819664.957697 1620283218.815423
990901.162401 1819667.055452 1620283219.164807
990897.804024 1819673.670912 1620283220.26628
990896.883019 1819674.81473 1620283220.46546
990881.650041 1819684.334098 1620283222.665623
990873.13933 1819688.02143 1620283223.665301
990862.376741 1819692.725747 1620283224.865207
990852.95173 1819696.950184 1620283225.865237
990854.862642 1819696.081926 1620283225.665546
990832.815068 1819706.829693 1620283227.916049
990835.314926 1819705.535258 1620283227.665374
990813.769805 1819716.720444 1620283229.765031
990811.675707 1819717.816243 1620283229.965809
990810.623773 1819718.364245 1620283230.064444
990785.781108 1819731.486893 1620283232.415569
990777.713921 1819735.756165 1620283233.164914
990738.742998 1819756.279288 1620283236.764727
990731.058934 1819760.339442 1620283237.465271
990733.263436 1819759.161897 1620283237.265384
990710.566386 1819771.820835 1620283239.364935
990708.512514 1819773.081235 1620283239.564768
990679.937124 1819793.630695 1620283242.764989
990678.557991 1819794.73934 1620283242.964997
990664.76532 1819806.65464 1620283246.165016
990663.957457 1819807.327733 1620283246.815699
990661.995375 1819808.156364 1620283249.465277
990660.754368 1819808.445767 1620283250.66546
990658.312031 1819809.286268 1620283251.865317
990653.986973 1819809.239825 1620283252.915344
990655.225349 1819809.413312 1620283252.665259
990643.979327 1819803.296111 1620283254.96494
990640.665965 1819797.334054 1620283255.965005
990639.371689 1819791.417071 1620283256.764918
990639.063509 1819786.92925 1620283257.314956
990639.144325 1819788.590411 1620283257.124715
990639.064742 1819757.111839 1620283260.865176
990639.198009 1819760.003605 1620283260.514752
990638.63697 1819744.406467 1620283262.464308
990638.350267 1819734.351444 1620283263.865042
990637.115147 1819725.377653 1620283264.914884
990637.171909 1819727.199802 1620283264.665369
990637.134793 1819709.697097 1620283266.96488
990637.165382 1819711.346651 1620283266.764636
990637.100498 1819706.76886 1620283267.314941
990637.076879 1819679.583915 1620283270.36505
990637.094383 1819671.800685 1620283271.21523
990637.09135 1819670.451386 1620283271.365229
990637.092433 1819644.335544 1620283274.465422
990637.092924 1819643.158614 1620283274.616068
990637.701573 1819620.222873 1620283277.864458
990639.1133 1819615.20731 1620283278.716024
990638.782087 1819616.036592 1620283278.565942
990644.76471 1819607.524116 1620283280.31499
990643.605079 1819608.532726 1620283280.065331
990655.290258 1819603.054683 1620283282.015927
990661.316917 1819602.555471 1620283282.814766
990674.06788 1819602.046445 1620283284.414796
990680.728402 1819601.77307 1620283285.215978
990690.670041 1819601.459415 1620283286.414287
990688.989126 1819601.464266 1620283286.214737
990706.376792 1819601.386468 1620283288.264188
990708.124056 1819601.405674 1620283288.46539
990715.64782 1819601.439649 1620283289.314791
990737.493167 1819601.079952 1620283291.665354
990747.23113 1819601.076715 1620283292.665238
990759.609407 1819600.96629 1620283293.915966
990768.840046 1819600.807951 1620283294.865105
990776.895662 1819600.789725 1620283295.714963
990787.941502 1819600.886512 1620283296.914873
990796.425421 1819600.955554 1620283297.915703
990804.035794 1819601.025832 1620283298.915771
990802.550821 1819601.005132 1620283298.716174
990817.447426 1819601.072236 1620283300.917935
990815.268293 1819601.091721 1620283300.565789
990869.142185 1819600.38508 1620283307.814829
990873.449996 1819600.352408 1620283308.364086
990879.252192 1819600.40818 1620283309.215169
990886.289038 1819601.579307 1620283310.414943
990891.816735 1819603.927705 1620283311.415481
990895.956723 1819606.866823 1620283312.214904
990900.928892 1819613.203362 1620283313.4147
990900.244823 1819611.989014 1620283313.214745
990905.518262 1819637.726526 1620283316.914745
990907.004893 1819641.958879 1620283317.616566
990911.493879 1819647.658416 1620283318.864421
990914.762502 1819649.506004 1620283319.513889
990920.545962 1819650.774318 1620283320.515044
990919.353885 1819650.66307 1620283320.313835
990927.783139 1819650.141179 1620283321.665141
990931.136627 1819649.102478 1620283322.165115
990950.314626 1819637.233251 1620283324.714946
990951.956725 1819636.085558 1620283324.914885
990963.625917 1819627.925435 1620283326.314916
990970.805923 1819623.039943 1620283327.164881
990972.482376 1819621.923856 1620283327.364993
990984.610955 1819614.571876 1620283328.814867
990993.353827 1819610.168185 1620283329.864076
990995.020599 1819609.160787 1620283330.065115
991018.340233 1819594.656215 1620283332.814585
991022.622386 1819591.843822 1620283333.313982
991036.568637 1819582.30765 1620283334.916442
991037.892017 1819581.371009 1620283335.064918
991063.174853 1819563.484855 1620283338.015131
991061.623926 1819564.674895 1620283337.814686
991068.780275 1819558.465035 1620283338.814924
991073.934918 1819550.63505 1620283339.865136
991077.527591 1819534.651841 1620283341.814924
991076.957528 1819530.040368 1620283342.314108
991077.131465 1819531.287443 1620283342.165122
991067.535972 1819511.877326 1620283344.916029
991068.705807 1819512.950585 1620283344.714364
991052.847517 1819504.545838 1620283346.814958
991054.215326 1819505.002029 1620283346.665166
991014.787647 1819492.514182 1620283350.414736
991017.171563 1819493.322908 1620283350.215288
990950.328626 1819469.073167 1620283355.314472
990947.515875 1819468.138386 1620283355.515121
990937.655415 1819464.860601 1620283356.214801
990868.605714 1819442.335018 1620283360.91532
990856.296177 1819438.328233 1620283361.764685
990859.169188 1819439.26489 1620283361.56466
990787.832103 1819416.258085 1620283366.814846
990775.315332 1819412.22434 1620283367.815506
990771.01128 1819410.858256 1620283368.164988
990750.108394 1819404.036532 1620283369.914996
990720.376543 1819394.187441 1620283372.616332
990711.034833 1819391.191507 1620283373.665508
990703.460888 1819388.757542 1620283374.714968
990697.566233 1819386.862318 1620283375.713807
990699.202968 1819387.388741 1620283375.414719
990695.787294 1819386.291262 1620283376.065501
990688.248245 1819383.913029 1620283378.124894
990685.176432 1819383.330506 1620283379.915016
990684.929501 1819383.405438 1620283380.265397
990684.755808 1819383.662039 1620283381.265167
990684.745486 1819383.66482 1620283381.564803
990684.738843 1819383.745915 1620283383.314936
990684.73884 1819383.784734 1620283384.314358
990684.739506 1819383.794408 1620283384.665225
990684.777317 1819383.724526 1620283390.715168
990684.780852 1819383.728238 1620283391.764728
990684.776982 1819383.726287 1620283391.415248
990684.778269 1819383.730589 1620283393.465377
990684.779965 1819383.728548 1620283395.86448
990684.78737 1819383.732105 1620283397.265296
990684.776553 1819383.726627 1620283398.314853
990684.779399 1819383.726827 1620283399.314065
990684.781855 1819383.727419 1620283399.664431
990684.781803 1819383.725872 1620283401.714978
990684.785423 1819383.727968 1620283402.065291
990684.781634 1819383.726184 1620283403.814881
990684.78545 1819383.72776 1620283404.164812
990684.774402 1819383.722803 1620283405.168401
990684.782882 1819383.725869 1620283406.26472
990684.773768 1819383.723774 1620283407.264775
990684.784409 1819383.726402 1620283408.314028
990684.774564 1819383.723866 1620283409.314014
990684.780985 1819383.725132 1620283410.364947
990684.778811 1819383.725097 1620283410.665109
990684.781938 1819383.725426 1620283412.714984
990684.778435 1819383.724217 1620283413.764708
990684.780171 1819383.725007 1620283413.414872
990684.778498 1819383.723909 1620283415.76489
990684.782148 1819383.723822 1620283418.865059
990684.785001 1819383.724826 1620283419.164796
990684.777027 1819383.722232 1620283420.215867
990684.780883 1819383.722278 1620283420.616653
990684.779994 1819383.720464 1620283424.314012
990684.786952 1819383.721637 1620283425.364608
990684.785573 1819383.721815 1620283426.764487
990684.783775 1819383.721504 1620283427.764645
990684.785792 1819383.723406 1620283428.764407
990684.783415 1819383.722674 1620283429.764735
990684.784423 1819383.723281 1620283430.76474
990684.781718 1819383.722143 1620283430.414725
990684.785514 1819383.72402 1620283432.864299
990684.786602 1819383.724013 1620283433.513872
990684.787928 1819383.723627 1620283434.26512
990684.78207 1819383.722037 1620283437.014855
990684.782784 1819383.72229 1620283437.314945
990684.788137 1819383.723594 1620283438.314301
990684.782558 1819383.72218 1620283439.365408
990684.787812 1819383.722932 1620283440.414575
990684.78427 1819383.72324 1620283441.414661
990684.783279 1819383.721199 1620283442.81493
990684.786003 1819383.721986 1620283443.814772
990684.782662 1819383.721569 1620283444.865216
990684.786505 1819383.721206 1620283445.865096
990684.782925 1819383.719801 1620283446.815017
990684.785995 1819383.720488 1620283447.865122
990684.767675 1819383.715971 1620283448.864278
990684.172124 1819383.549499 1620283449.814823
990681.639318 1819382.821972 1620283450.865078
990677.820914 1819381.651628 1620283451.865106
990673.306596 1819380.210362 1620283452.814701
990667.105973 1819378.192301 1620283453.864942
990660.206652 1819375.929077 1620283454.865294
990665.108483 1819377.553674 1620283454.164058
990649.359603 1819372.341365 1620283456.265139
990634.750524 1819367.698394 1620283457.915051
990631.423657 1819366.698345 1620283458.265121
990624.517217 1819364.757087 1620283458.964566
990609.449352 1819361.711726 1620283460.364662
990597.590613 1819360.724192 1620283461.364777
990584.921567 1819360.340822 1620283462.364776
990571.659968 1819359.925252 1620283463.364618
990557.874924 1819359.471528 1620283464.364475
990543.692413 1819359.237664 1620283465.364706
990529.324175 1819359.298494 1620283466.364744
990515.120501 1819359.48824 1620283467.364703
990510.218824 1819359.556977 1620283467.714756
990482.291596 1819359.881228 1620283469.764517
990486.961383 1819359.874004 1620283469.414572
990455.114829 1819359.555012 1620283471.865108
990442.693072 1819359.301538 1620283472.864497
990430.606018 1819359.082822 1620283473.865119
990426.45768 1819359.01856 1620283474.214737
990407.766603 1819358.624817 1620283475.865351
990398.259419 1819358.438005 1620283476.86431
990390.930157 1819358.602207 1620283477.864174
990388.775396 1819358.906119 1620283478.214792
990387.032074 1819359.322048 1620283478.514756
990378.760545 1819364.900081 1620283480.265079
990376.657585 1819368.391581 1620283480.964392
990374.617019 1819374.826126 1620283482.014653
990373.168099 1819388.12762 1620283483.714667
990373.525352 1819382.693508 1620283483.065172
990372.996574 1819407.594011 1620283485.764399
990372.973185 1819414.777781 1620283486.463952
990372.996208 1819411.154098 1620283486.12456
990372.895746 1819432.984027 1620283488.163788
990372.880343 1819437.380098 1620283488.564378
990372.273003 1819463.314413 1620283490.914696
990371.338858 1819474.321903 1620283491.964583
990370.306228 1819481.37656 1620283492.66487
990368.787035 1819488.323138 1620283493.364517
990365.453217 1819498.146637 1620283494.364411
990362.133645 1819504.818446 1620283495.063994
990350.676106 1819519.595307 1620283496.764477
990341.997203 1819528.466151 1620283497.865
990334.713088 1819536.904836 1620283498.865198
990329.190891 1819544.302939 1620283499.864769
990324.091401 1819553.81893 1620283500.865081
990320.284296 1819564.026405 1620283501.864444
990319.164895 1819567.711951 1620283502.214657
990316.230965 1819579.648516 1620283503.314068
990314.258711 1819590.904974 1620283504.314869
990313.482405 1819598.452273 1620283504.964627
990364.968176 1819696.007459 1620283514.665317
990372.249681 1819698.848081 1620283515.364547
990375.966675 1819699.993383 1620283515.713773
990398.688894 1819703.689961 1620283517.76436
990395.284475 1819703.430933 1620283517.46487
990402.663479 1819703.888608 1620283518.123235
990414.595315 1819704.189759 1620283519.165096
990467.11968 1819704.162758 1620283523.86382
990460.29539 1819704.2113 1620283523.214923
990484.244411 1819704.055569 1620283525.964425
990481.938156 1819704.055447 1620283525.615382
990493.393667 1819704.163903 1620283528.014444
990494.727327 1819704.233551 1620283529.364536
990494.655474 1819704.191638 1620283530.714403
990494.630281 1819704.060894 1620283532.363607
990494.623349 1819703.868177 1620283533.414571
