988370.284619 1818637.514025 1621843338.861431
988371.84706 1818638.864471 1621843339.560743
988375.77065 1818642.261065 1621843340.862362
988378.431363 1818644.671836 1621843341.560667
988377.043877 1818643.40109 1621843341.219264
988381.326968 1818647.439581 1621843342.222907
988385.553559 1818651.664662 1621843343.061535
988399.128347 1818664.077731 1621843345.261569
988405.324352 1818669.327217 1621843346.111815
988415.797708 1818678.104515 1621843347.462189
988427.583758 1818687.833296 1621843348.861731
988436.472738 1818695.092433 1621843349.867168
988439.203893 1818697.309034 1621843350.161589
988448.963946 1818705.280276 1621843351.224277
988455.145246 1818710.35141 1621843351.862029
988458.502677 1818713.120195 1621843352.224466
988473.865648 1818725.796385 1621843353.761707
988478.979513 1818730.02747 1621843354.262349
988498.673078 1818746.209815 1621843356.112112
988514.35285 1818759.165528 1621843357.512398
988530.030782 1818772.302448 1621843358.862399
988542.106458 1818782.228247 1621843359.862037
988545.768096 1818785.21666 1621843360.160845
988558.669106 1818795.772384 1621843361.223033
988571.023037 1818805.827074 1621843362.224658
988579.704567 1818812.87287 1621843362.912315
988596.547467 1818826.905331 1621843364.26191
988598.419334 1818828.494237 1621843364.411373
988628.668454 1818854.000195 1621843366.811804
988632.534591 1818857.154427 1621843367.111908
988646.164316 1818868.325011 1621843368.161834
988667.592878 1818885.945978 1621843369.811692
988680.743983 1818896.730335 1621843370.811458
988685.393492 1818900.508366 1621843371.161768
988703.36615 1818915.206392 1621843372.511951
988720.760456 1818929.542994 1621843373.812231
988730.211378 1818937.322827 1621843374.512137
988725.465937 1818933.419226 1621843374.161114
988776.26891 1818975.663786 1621843377.861808
988781.197129 1818979.774128 1621843378.224034
988795.373822 1818991.557846 1621843379.223406
988802.525372 1818997.496162 1621843379.713472
988838.880283 1819027.472739 1621843382.224422
988844.025148 1819031.650365 1621843382.561601
988853.615235 1819039.441273 1621843383.223364
988884.665154 1819064.121153 1621843385.263523
988898.77586 1819074.368421 1621843386.161055
988941.571344 1819103.574609 1621843388.862752
988946.318765 1819106.760259 1621843389.16152
988973.182606 1819124.694387 1621843390.862127
988984.170896 1819132.000361 1621843391.560619
988989.647342 1819135.594934 1621843391.911816
988995.115497 1819139.184485 1621843392.261987
989016.196571 1819153.218931 1621843393.611843
989026.288615 1819159.88975 1621843394.262041
989055.290262 1819179.233701 1621843396.160829
989070.08141 1819189.015535 1621843397.161808
989089.546715 1819201.234336 1621843398.512286
989091.72146 1819202.689621 1621843398.662228
989118.85679 1819221.125782 1621843400.561045
989132.704585 1819230.327749 1621843401.561719
989141.549199 1819236.108634 1621843402.223071
989154.920886 1819244.911609 1621843403.226461
989164.06592 1819250.911145 1621843403.911835
989168.571434 1819253.882054 1621843404.262069
989200.108851 1819274.894295 1621843406.811503
989208.428224 1819280.508952 1621843407.511996
989220.020185 1819288.259171 1621843408.511806
989231.367256 1819295.854782 1621843409.511904
989246.759712 1819306.114211 1621843410.911916
989253.716252 1819310.71208 1621843411.561644
989267.762074 1819320.001991 1621843412.91188
989272.823313 1819323.334648 1621843413.411639
989287.345005 1819332.811529 1621843414.912033
989290.515226 1819334.848472 1621843415.261689
989293.636634 1819336.98308 1621843415.611733
989299.040371 1819340.678664 1621843416.26178
989308.059506 1819346.589039 1621843417.611681
989314.539051 1819350.839154 1621843418.961746
989316.688948 1819352.204986 1621843419.611554
989319.002066 1819353.659013 1621843421.311867
989319.017753 1819353.660943 1621843422.861562
989319.03251 1819353.646753 1621843423.561463
989319.047276 1819353.641056 1621843424.224306
989319.04855 1819353.640722 1621843424.611522
989319.053056 1819353.626764 1621843425.961483
989319.063877 1819353.581319 1621843426.961453
989319.133228 1819353.574666 1621843428.662497
989319.125392 1819353.573884 1621843428.312072
989319.148243 1819353.575217 1621843429.311861
989319.162949 1819353.569316 1621843431.861433
989319.157531 1819353.56908 1621843432.861437
989319.155884 1819353.559321 1621843433.861754
989319.155253 1819353.554039 1621843434.224388
989319.181358 1819353.578495 1621843435.861446
989319.174606 1819353.572393 1621843435.224539
989319.185041 1819353.581977 1621843436.225003
989319.191123 1819353.58463 1621843438.861397
989319.19267 1819353.594638 1621843438.224569
989319.191084 1819353.581763 1621843439.061747
989319.199254 1819353.583727 1621843441.224465
989319.195192 1819353.579023 1621843441.911757
989319.190493 1819353.589081 1621843443.261844
989319.189436 1819353.603652 1621843444.911864
989319.192821 1819353.60546 1621843445.262305
989319.179308 1819353.613785 1621843445.911699
989319.169142 1819353.608969 1621843447.561457
989319.401804 1819353.764982 1621843448.961094
989319.535108 1819353.851672 1621843449.312032
989319.596636 1819353.891748 1621843449.461586
989321.596522 1819355.192422 1621843453.461983
989327.137596 1819358.831202 1621843456.461501
989330.80545 1819361.210054 1621843457.312068
989330.110456 1819360.762552 1621843457.160564
989418.357889 1819382.058538 1621843467.361359
989435.64859 1819379.116031 1621843468.712923
989451.966927 1819375.879904 1621843469.911706
989461.184669 1819374.032648 1621843470.560788
989456.187916 1819375.029973 1621843470.221258
989496.365505 1819366.84976 1621843472.911904
989529.099803 1819360.380689 1621843474.9614
989533.912278 1819359.461052 1621843475.261606
989549.880341 1819356.350651 1621843476.261682
989565.709822 1819353.393699 1621843477.261451
989581.967508 1819350.318696 1621843478.311739
989597.148892 1819347.622428 1621843479.311346
989617.567532 1819344.794255 1621843480.661513
989622.836791 1819344.174896 1621843481.011763
989628.064386 1819343.595396 1621843481.363334
989652.472848 1819341.546865 1621843483.062244
989675.77297 1819340.403719 1621843484.911648
989682.857355 1819340.182949 1621843485.560268
989689.862734 1819340.021936 1621843486.261217
989692.683298 1819339.96988 1621843486.56029
989721.750288 1819339.646804 1621843490.611173
989727.866643 1819339.594865 1621843491.960394
989730.080633 1819339.572489 1621843492.611471
989731.084011 1819339.568589 1621843492.960428
989732.611202 1819339.555652 1621843493.611395
989734.448114 1819339.521117 1621843497.011775
989734.444307 1819339.518887 1621843497.312031
989734.436949 1819339.513913 1621843498.011735
989734.426656 1819339.496828 1621843499.713249
989734.426881 1819339.484955 1621843500.911849
989734.427536 1819339.482051 1621843501.220818
989734.420799 1819339.466985 1621843501.561606
989734.414615 1819339.442779 1621843503.611258
989734.417234 1819339.441242 1621843504.960404
989734.418703 1819339.439472 1621843505.611454
989734.421896 1819339.436994 1621843506.311714
989734.418595 1819339.43457 1621843507.960532
989734.416949 1819339.434299 1621843508.311656
989734.417148 1819339.434583 1621843508.611405
989734.422245 1819339.433835 1621843509.960356
989734.419545 1819339.432978 1621843511.661091
989734.42066 1819339.433152 1621843512.311671
989734.42238 1819339.431378 1621843513.011356
989734.421957 1819339.43059 1621843514.360407
989734.422652 1819339.429541 1621843514.713098
989734.42344 1819339.428433 1621843515.011279
989734.447297 1819339.483844 1621843516.01148
989735.05656 1819340.010216 1621843517.361128
989735.061111 1819340.0168 1621843518.011632
989735.012061 1819340.011352 1621843520.561562
989735.022554 1819340.016771 1621843521.611363
989735.02529 1819340.017348 1621843521.961043
989735.027682 1819340.01776 1621843522.261285
989735.042674 1819340.019905 1621843524.96114
989735.044617 1819340.020136 1621843525.661433
989735.04696 1819340.01922 1621843526.3119
989735.053341 1819340.020287 1621843527.661479
989735.055931 1819340.021461 1621843528.661246
989735.10778 1819340.020643 1621843529.661233
989735.253642 1819340.018537 1621843530.011436
989735.60979 1819340.014332 1621843530.36151
989736.821519 1819339.998456 1621843531.011346
989741.206873 1819339.938848 1621843532.361398
989752.339539 1819339.769538 1621843534.360471
989762.905965 1819339.743715 1621843535.71313
989773.804535 1819339.699709 1621843536.912011
989770.5091 1819339.708697 1621843536.560415
989787.043067 1819339.703613 1621843538.26144
989816.634144 1819339.720972 1621843540.911488
989829.413657 1819339.627028 1621843541.911519
989820.998549 1819339.689717 1621843541.26166
989847.860191 1819339.497456 1621843543.261293
989872.183282 1819339.389793 1621843544.961231
989877.147609 1819339.391421 1621843545.311755
989900.653697 1819339.264404 1621843547.011189
989895.87208 1819339.297479 1621843546.66125
989918.584619 1819339.105272 1621843548.311822
989933.203109 1819339.012331 1621843549.360418
989938.030895 1819339.005809 1621843549.713637
989968.681702 1819338.834622 1621843552.010789
989979.44309 1819338.755622 1621843552.861383
990021.953797 1819338.549853 1621843556.712242
990064.725109 1819338.269978 1621843561.712667
990062.489139 1819338.281498 1621843561.411632
990067.266008 1819338.25637 1621843562.061253
990096.248244 1819338.026274 1621843570.960275
990096.250116 1819338.019668 1621843571.461063
990096.249045 1819338.024161 1621843571.112052
990096.211024 1819337.936163 1621843573.611449
990096.549068 1819337.904762 1621843574.960211
990096.623262 1819337.898107 1621843575.312028
990096.973311 1819337.885407 1621843576.661189
990096.920128 1819337.885569 1621843576.51154
990099.20095 1819337.876661 1621843578.713461
990098.424856 1819337.877192 1621843578.361443
990101.130335 1819337.86506 1621843579.410451
990110.516723 1819337.809459 1621843581.961282
990113.836243 1819337.785278 1621843582.661068
990115.651929 1819337.772181 1621843583.011672
990117.597179 1819337.763306 1621843583.361376
990123.871175 1819337.734485 1621843584.360065
990128.68296 1819337.723719 1621843585.061003
990138.719311 1819337.739136 1621843586.411077
990144.033161 1819337.732184 1621843587.061072
990202.462833 1819337.595807 1621843592.611262
990198.923875 1819337.591253 1621843592.311754
990277.717931 1819338.111862 1621843599.011646
990285.152427 1819338.274769 1621843599.661193
990281.164556 1819338.182494 1621843599.312031
990304.744428 1819338.857863 1621843601.361506
990312.958454 1819339.123724 1621843602.061032
990365.204182 1819340.675702 1621843606.560366
990393.391878 1819341.071073 1621843608.911142
990395.216015 1819341.105617 1621843609.061198
990403.122005 1819341.267621 1621843609.712754
990411.700345 1819341.518242 1621843610.410404
990424.78764 1819342.033238 1621843611.461195
990450.598072 1819342.980281 1621843613.461476
990448.627939 1819342.924444 1621843613.311675
990476.409324 1819343.582265 1621843615.460688
990488.534918 1819343.738544 1621843616.661611
990485.35641 1819343.705307 1621843616.31207
990499.471271 1819343.847743 1621843618.361262
990502.962099 1819343.874417 1621843619.712694
990503.295969 1819343.884384 1621843620.061008
990503.448591 1819343.888078 1621843620.36124
990503.478922 1819343.885 1621843621.561299
990503.482581 1819343.824279 1621843623.461295
990503.482126 1819343.803362 1621843624.811045
990503.479178 1819343.801295 1621843624.111596
990503.481556 1819343.815159 1621843626.660971
990503.473383 1819343.829737 1621843627.660895
990503.473909 1819343.830181 1621843628.661078
990503.474242 1819343.830449 1621843629.361025
990503.471752 1819343.82683 1621843630.360127
990503.468572 1819343.826268 1621843631.060987
990503.4667 1819343.826344 1621843632.411335
990503.467301 1819343.826488 1621843633.06128
990503.469073 1819343.824107 1621843634.461118
990503.469531 1819343.823228 1621843634.811362
990503.475432 1819343.822772 1621843636.160148
990503.471562 1819343.82378 1621843638.011037
990503.469138 1819343.824226 1621843638.713358
990503.467932 1819343.824645 1621843639.010926
990503.46793 1819343.824471 1621843639.511404
990504.117766 1819343.831972 1621843641.713202
990504.113181 1819343.836377 1621843642.760199
990504.111318 1819343.837701 1621843643.111289
990504.107126 1819343.836453 1621843644.311573
990504.107771 1819343.834867 1621843645.111521
990504.107667 1819343.829493 1621843646.311493
990504.126273 1819343.832608 1621843647.160235
990504.126825 1819343.83647 1621843648.71259
990504.127659 1819343.8364 1621843649.71288
990504.465459 1819343.835223 1621843650.712788
990506.481593 1819343.858267 1621843651.760928
990505.587014 1819343.843272 1621843651.410299
990507.544499 1819343.889551 1621843652.111738
990515.69684 1819344.322181 1621843654.311464
990517.801893 1819344.425844 1621843654.811213
990527.369022 1819344.860729 1621843656.71238
990531.059179 1819345.015529 1621843657.360167
990539.494023 1819345.28154 1621843658.712404
990540.919146 1819345.3199 1621843658.912254
990563.609592 1819345.952108 1621843661.760527
990566.533607 1819346.120711 1621843662.111515
990569.488139 1819346.308758 1621843662.461141
990589.452563 1819347.935175 1621843664.811169
990592.302617 1819348.22348 1621843665.16006
990602.255661 1819349.238496 1621843666.460927
990604.734073 1819349.508173 1621843666.810132
990615.130219 1819350.624794 1621843668.461001
990618.516424 1819350.876733 1621843669.160271
990619.831963 1819350.85057 1621843669.461058
990622.70854 1819350.312521 1621843670.160006
990628.117009 1819345.193021 1621843671.861392
990629.031958 1819340.682219 1621843672.660863
990628.001928 1819325.57516 1621843674.660973
990627.880094 1819323.75777 1621843674.86108
990627.445736 1819312.421248 1621843676.011131
990627.230524 1819297.716602 1621843677.360251
990627.219106 1819296.01445 1621843677.511816
990627.508042 1819269.011395 1621843679.713529
990627.543985 1819255.084166 1621843680.760545
990627.390657 1819246.139769 1621843681.410849
990627.487051 1819250.990008 1621843681.060914
990627.101867 1819231.057195 1621843682.461034
990626.852528 1819205.27589 1621843684.161054
990626.806645 1819199.809812 1621843684.511472
990626.658187 1819179.053527 1621843685.811138
990626.621543 1819173.357995 1621843686.161203
990626.529199 1819156.805528 1621843687.160319
990626.298674 1819130.351589 1621843688.712585
990625.943289 1819100.432988 1621843690.410682
990625.851267 1819077.072478 1621843691.712975
990625.871214 1819064.348109 1621843692.409877
990625.917946 1819040.444232 1621843693.712107
990625.90627 1819045.991169 1621843693.410796
990626.004592 1819008.632316 1621843695.410778
990626.051676 1818995.355808 1621843696.111439
990626.086639 1818976.204946 1621843697.111525
990626.074139 1818943.421704 1621843698.811836
990625.948826 1818929.916218 1621843699.511817
990625.722952 1818917.330801 1621843700.161073
990625.532936 1818904.624868 1621843700.811174
990625.432304 1818897.734525 1621843701.160267
990624.697239 1818852.307951 1621843703.41155
990624.308885 1818831.898435 1621843704.410805
990624.164672 1818824.735663 1621843704.76084
990623.782592 1818810.442981 1621843705.461188
990623.311893 1818796.131633 1621843706.160931
990621.934953 1818761.465246 1621843707.860888
990621.325464 1818748.228663 1621843708.511369
990620.309851 1818723.853921 1621843709.71311
990619.169571 1818696.454161 1621843711.061183
990618.387724 1818676.229794 1621843712.061207
990617.571351 1818658.109328 1621843712.960915
990614.546792 1818532.763999 1621843719.461146
990615.454913 1818513.917496 1621843720.461768
990615.871939 1818508.303437 1621843720.760851
990618.445511 1818482.310111 1621843722.160211
990620.62972 1818463.888646 1621843723.160045
990621.311753 1818458.3842 1621843723.460934
990625.940146 1818421.712007 1621843725.511443
990627.392247 1818410.394666 1621843726.161288
990628.314543 1818398.00598 1621843726.861364
990631.023607 1818372.201769 1621843728.511375
990630.366819 1818377.325151 1621843728.16093
990632.687387 1818359.921065 1621843729.411229
990634.744476 1818344.87591 1621843730.712894
990632.467549 1818326.627055 1621843732.762131
990633.459856 1818329.20623 1621843732.411122
990623.324063 1818315.926398 1621843734.811108
990616.944082 1818312.492836 1621843735.810947
990619.300531 1818313.545969 1621843735.461881
990606.707084 1818310.073014 1621843737.160443
990597.788616 1818309.893537 1621843738.160847
990591.528607 1818309.797287 1621843738.811087
990588.045971 1818309.74489 1621843739.160893
990565.636642 1818309.335011 1621843741.223413
990561.998383 1818309.153694 1621843741.511176
990553.103886 1818308.703541 1621843742.224262
990539.734862 1818308.281714 1621843743.223909
990509.436816 1818307.30907 1621843745.410458
990491.154324 1818307.24205 1621843746.811005
990477.800811 1818307.250492 1621843747.810147
990463.854535 1818307.039479 1621843748.811105
990454.448563 1818306.772476 1621843749.463024
990440.052152 1818306.430061 1621843750.460865
990430.926243 1818306.294002 1621843751.111205
990417.372137 1818306.21287 1621843752.111516
990408.145749 1818306.179606 1621843752.810624
990390.284205 1818305.859755 1621843754.160974
990372.9607 1818305.685311 1621843755.460798
990359.659292 1818305.732645 1621843756.462012
990345.601595 1818305.702948 1621843757.511468
990350.297374 1818305.694955 1621843757.160887
990323.062465 1818305.755083 1621843759.160608
990313.235445 1818305.811174 1621843759.861079
990308.282357 1818305.83705 1621843760.224005
990284.595755 1818305.933491 1621843761.861396
990260.513819 1818305.823986 1621843763.56096
990255.671214 1818305.820554 1621843763.911086
990239.027178 1818305.941328 1621843765.111239
990200.696623 1818306.058871 1621843767.810127
990195.599851 1818306.068851 1621843768.161053
990175.653325 1818306.116546 1621843769.511207
990165.887317 1818306.158191 1621843770.160951
990160.604087 1818306.203882 1621843770.511602
990124.7568 1818306.404212 1621843772.860875
990119.444319 1818306.414352 1621843773.224755
990093.711101 1818306.520244 1621843774.911229
990088.375077 1818306.55352 1621843775.261064
990069.84323 1818306.664255 1621843776.461113
990072.959105 1818306.645396 1621843776.261122
990035.234718 1818307.027275 1621843778.660917
990027.270547 1818307.133113 1621843779.160096
989999.811395 1818307.284935 1621843780.86126
989988.236447 1818307.347768 1621843781.559982
989977.29358 1818307.367306 1621843782.220906
989971.337068 1818307.38342 1621843782.560735
989950.490502 1818307.473543 1621843783.759891
989913.881165 1818307.75366 1621843785.810967
989902.224346 1818307.840471 1621843786.460964
989890.572953 1818307.92234 1621843787.111203
989866.225322 1818308.137151 1621843788.460799
989872.552846 1818308.090279 1621843788.112675
989850.915079 1818308.256396 1621843789.311519
989805.734597 1818308.503878 1621843791.810039
989811.184468 1818308.482285 1621843791.51155
989672.808294 1818308.872714 1621843799.218378
989666.691924 1818308.907809 1621843799.560825
989638.206713 1818309.060655 1621843801.218894
989632.21156 1818309.073757 1621843801.559955
989603.072531 1818309.174804 1621843803.261102
989574.268036 1818309.433178 1621843804.910758
989556.624088 1818309.565547 1621843805.910899
989562.814653 1818309.524516 1621843805.560757
989550.43549 1818309.599814 1621843806.260222
989514.857459 1818309.666705 1621843808.260558
989485.139536 1818309.765709 1621843809.910476
989491.468673 1818309.758197 1621843809.560199
989460.223123 1818309.780802 1621843811.26026
989437.022088 1818309.871492 1621843812.460221
989409.712184 1818310.029364 1621843813.80932
989396.225039 1818310.104766 1621843814.46021
989402.466803 1818310.072464 1621843814.160136
989346.687631 1818310.284585 1621843816.860156
989340.685281 1818310.290603 1621843817.160282
989314.404801 1818310.301123 1621843818.51066
989295.618546 1818310.4098 1621843819.510828
989271.482754 1818310.601578 1621843820.860482
989265.400887 1818310.636716 1621843821.216319
989259.325415 1818310.676413 1621843821.560598
989241.113556 1818310.872892 1621843822.610287
989206.193232 1818311.231324 1621843824.611053
989191.09464 1818311.302253 1621843825.464507
989166.912644 1818311.353411 1621843826.811072
989160.731382 1818311.351284 1621843827.161211
989132.509004 1818311.594793 1621843828.861453
989134.983693 1818311.566885 1621843828.71329
989078.06735 1818312.007643 1621843832.222687
989050.00755 1818312.427827 1621843833.911209
989045.124286 1818312.596939 1621843834.223435
989023.173028 1818313.732723 1621843835.560293
989017.574669 1818314.074902 1621843835.911329
989012.815381 1818314.364853 1621843836.222931
988986.461711 1818315.540541 1621843837.910868
988975.898968 1818315.802616 1621843838.610738
988963.178179 1818316.116217 1621843839.460604
988937.246812 1818317.094339 1621843841.159883
988921.409721 1818317.766763 1621843842.160032
988894.521108 1818318.582413 1621843843.810468
988899.528951 1818318.511307 1621843843.511321
988866.007802 1818318.847145 1621843845.511283
988860.124512 1818318.86489 1621843845.860641
988849.202445 1818318.901784 1621843846.511053
988821.177651 1818319.057938 1621843848.216143
988810.789592 1818319.151704 1621843848.861132
988784.024312 1818319.302236 1621843850.561405
988779.303634 1818319.323227 1621843850.860634
988757.359191 1818319.301905 1621843852.260917
988752.776592 1818319.314745 1621843852.560862
988742.340486 1818319.377053 1621843853.261121
988709.424913 1818319.641169 1621843855.660885
988705.647216 1818319.68217 1621843855.960694
988701.374387 1818319.714165 1621843856.311202
988681.984234 1818319.947575 1621843858.160873
988675.877473 1818319.951864 1621843858.861338
988674.658517 1818319.950675 1621843859.011114
988661.959644 1818320.506386 1621843861.159791
988658.651316 1818320.46835 1621843862.010786
988655.648753 1818320.481661 1621843863.223266
988654.500833 1818320.526848 1621843864.56089
988654.504259 1818320.538735 1621843865.760961
988654.513453 1818320.566532 1621843866.260881
988654.54342 1818320.642865 1621843867.91065
988654.535735 1818320.608398 1621843867.060571
988654.560277 1818320.654698 1621843869.260979
988654.54645 1818320.639629 1621843870.111124
988654.481351 1818320.589602 1621843871.760122
988654.441133 1818320.57461 1621843872.810684
988654.422412 1818320.572562 1621843873.310961
988654.364764 1818320.565038 1621843874.660639
988654.350742 1818320.569956 1621843875.510842
988654.336907 1818320.57852 1621843876.010847
988654.270444 1818320.579559 1621843877.860837
988654.258461 1818320.581515 1621843878.910971
988654.229007 1818320.571595 1621843879.910798
988654.21642 1818320.566923 1621843880.223498
988654.224548 1818320.571659 1621843881.060717
988654.208652 1818320.59551 1621843883.261195
988654.206235 1818320.596894 1621843883.610805
988654.190918 1818320.597475 1621843885.31068
988654.191737 1818320.600774 1621843885.46072
988644.50051 1818320.270643 1621843892.360734
988640.193563 1818320.262236 1621843893.160821
988637.069135 1818320.273957 1621843893.660974
988623.466409 1818320.515729 1621843895.560869
988612.945984 1818321.07481 1621843896.910734
988615.688423 1818320.877759 1621843896.56061
988597.288894 1818322.760582 1621843898.959758
988594.998198 1818323.085217 1621843899.2607
988592.349898 1818323.502213 1621843899.610658
988587.408939 1818324.404833 1621843900.260871
988538.172875 1818341.280952 1621843905.860688
988536.831233 1818341.933916 1621843906.010854
988494.346148 1818367.946001 1621843910.860852
988485.446163 1818375.532017 1621843911.911037
988480.060148 1818380.756464 1621843912.560869
988474.241995 1818386.757963 1621843913.261232
988465.828268 1818395.723518 1621843914.260758
988463.2919 1818398.491174 1621843914.560917
988449.027712 1818414.734872 1621843916.260742
988443.199449 1818421.642524 1621843916.959816
988427.770258 1818440.190247 1621843918.810891
988426.100079 1818442.239461 1621843919.01094
988423.583335 1818445.333001 1621843919.311072
988404.629233 1818468.534816 1621843921.5112
988392.033221 1818483.617971 1621843922.9115
988386.178246 1818490.649749 1621843923.55997
988389.318784 1818486.866872 1621843923.217316
988368.255358 1818512.408859 1621843925.610883
988362.74309 1818519.135797 1621843926.260996
988351.526857 1818532.904383 1621843927.609754
988348.667414 1818536.42851 1621843927.960986
988340.164571 1818546.889885 1621843929.011031
988326.567797 1818563.839941 1621843930.861146
988320.980389 1818572.294278 1621843931.91075
988318.080869 1818587.556877 1621843933.910888
988320.988251 1818594.974359 1621843934.910752
988326.426352 1818602.28434 1621843935.91073
988324.584499 1818600.08592 1621843935.610796
988336.390779 1818612.124286 1621843937.260597
988342.36333 1818617.434389 1621843937.959729
988354.811956 1818628.136239 1621843939.31111
988367.896373 1818638.983706 1621843940.660654
988380.462289 1818649.29574 1621843941.96072
988387.08291 1818654.787216 1621843942.661898
988393.103284 1818659.783793 1621843943.310883
988405.689859 1818670.199264 1621843944.660644
988402.402527 1818667.479315 1621843944.310311
988418.214407 1818680.536274 1621843946.010827
988427.235999 1818687.917382 1621843947.010832
988430.33358 1818690.439142 1621843947.36067
988452.4151 1818708.155435 1621843949.91111
988455.39315 1818710.540055 1621843950.260912
988468.881373 1818721.466221 1621843951.910704
988463.687731 1818717.262968 1621843951.260689
988481.402804 1818731.685924 1621843953.561178
988490.87855 1818739.426103 1621843954.910657
988497.726901 1818745.068175 1621843955.960919
988499.60019 1818746.613184 1621843956.260978
988501.747299 1818748.373774 1621843956.609972
988511.547359 1818756.329821 1621843958.310741
988514.996957 1818759.125542 1621843958.960701
988523.28243 1818765.929038 1621843960.660861
988525.962043 1818768.093128 1621843961.311007
988527.180556 1818769.088882 1621843961.660802
988529.155208 1818770.6945 1621843962.359731
988531.065784 1818772.215307 1621843963.661089
988531.268524 1818772.397105 1621843964.01184
988531.404544 1818772.461668 1621843965.011022
988531.410024 1818772.439111 1621843966.060692
988531.360779 1818772.403822 1621843969.410493
988531.284002 1818772.33389 1621843970.410697
988531.368659 1818772.439003 1621843971.910658
988531.367849 1818772.435078 1621843971.610444
988531.369511 1818772.46632 1621843973.960803
988531.361978 1818772.465863 1621843974.310533
988531.383194 1818772.474409 1621843975.960755
988531.375516 1818772.473252 1621843975.310914
988531.385913 1818772.478615 1621843977.310618
988531.383538 1818772.477031 1621843978.960655
988531.383991 1818772.479507 1621843978.610552
988531.384331 1818772.471912 1621843980.31106
988531.38857 1818772.47099 1621843981.960573
988531.390154 1818772.473476 1621843982.660776
988531.390979 1818772.475442 1621843983.011541
988531.391585 1818772.477025 1621843983.310915
988531.390971 1818772.480663 1621843984.712643
988531.390894 1818772.483906 1621843985.911133
988531.381929 1818772.518214 1621843987.960718
988531.484427 1818772.617799 1621843988.610749
988531.898394 1818772.962397 1621843989.660428
988532.386445 1818773.365072 1621843990.361033
988533.622778 1818774.394263 1621843991.660729
988532.956035 1818773.838331 1621843991.010706
988535.283294 1818775.789094 1621843993.011632
988539.489803 1818779.354661 1621843994.660645
988538.490821 1818778.508704 1621843994.360789
988543.261003 1818782.549105 1621843995.660587
988547.925608 1818786.466108 1621843996.660872
988557.353169 1818794.308027 1621843998.36083
988555.593832 1818792.841276 1621843998.060703
988568.209847 1818803.363623 1621844000.060756
988570.277292 1818805.068701 1621844000.360676
988575.284925 1818809.192325 1621844001.063908
988597.788596 1818827.792895 1621844003.96057
988600.241539 1818829.804974 1621844004.260568
988614.425813 1818841.544656 1621844005.96033
988611.457519 1818839.088767 1621844005.610739
988625.49925 1818850.667531 1621844007.261338
988628.601514 1818853.174252 1621844007.61064
988647.05004 1818868.181528 1621844009.611343
988659.884347 1818878.651367 1621844010.960725
988669.387339 1818886.525513 1621844011.961402
988675.651846 1818891.768773 1621844012.611285
988685.414814 1818899.996764 1621844013.610906
988692.298021 1818905.789926 1621844014.310644
988705.388755 1818916.580431 1621844015.61062
988715.722511 1818925.023802 1621844016.610717
988730.327506 1818936.945516 1621844018.010786
988733.469926 1818939.518588 1621844018.310755
988744.565126 1818948.766409 1621844019.360949
988758.925004 1818960.570476 1621844020.712998
988761.050379 1818962.327772 1621844020.910675
988792.092768 1818987.797825 1621844023.91117
988789.041525 1818985.295452 1621844023.609893
988797.698785 1818992.422012 1621844024.460996
988843.597764 1819030.309476 1621844028.960714
988853.748182 1819038.687773 1621844029.960588
988860.381815 1819044.142935 1621844030.611127
988870.625315 1819052.476067 1621844031.610849
988877.829859 1819058.140365 1621844032.311441
988891.836625 1819068.598242 1621844033.660588
988901.925111 1819075.700062 1621844034.61042
988909.45379 1819080.883256 1621844035.311016
988920.291588 1819088.256349 1621844036.310949
988924.068058 1819090.802972 1621844036.660484
988945.890592 1819105.138796 1621844038.66071
988949.755646 1819107.692189 1621844039.010831
988956.839441 1819112.313502 1621844039.660671
988964.432273 1819117.242213 1621844040.360694
988984.726301 1819130.511414 1621844042.222092
988994.169619 1819136.709333 1621844043.060812
989005.405525 1819144.115498 1621844044.060919
989025.178959 1819157.32089 1621844045.76062
989028.769909 1819159.781056 1621844046.060729
989039.832136 1819167.561333 1621844046.960685
989074.218353 1819190.718302 1621844049.961157
989082.244548 1819196.069903 1621844050.660817
989096.60458 1819205.718285 1621844051.960778
989104.236138 1819210.88612 1621844052.660829
989111.917468 1819216.105299 1621844053.361051
989115.127122 1819218.290212 1621844053.660901
989122.522244 1819223.298419 1621844054.362508
989146.092901 1819238.977496 1621844056.713342
989139.60297 1819234.669702 1621844056.060806
989159.361327 1819247.712074 1621844058.060591
989175.67996 1819258.570377 1621844059.712981
989169.193805 1819254.250203 1621844059.060687
989179.207326 1819260.916713 1621844060.0606
989199.50431 1819274.392391 1621844062.060947
989213.543028 1819283.836148 1621844063.411611
989210.406485 1819281.738512 1621844063.110855
989234.277726 1819297.689666 1621844065.410647
989248.823454 1819307.221456 1621844066.76107
989256.116153 1819311.725366 1621844067.410571
989252.723331 1819309.66028 1621844067.111174
989271.816633 1819320.716278 1621844068.760555
989295.605196 1819335.291473 1621844070.810611
989306.666916 1819342.456176 1621844071.810607
989313.675822 1819346.874604 1621844072.461911
989317.384001 1819349.187411 1621844072.810612
989339.998547 1819362.510275 1621844075.01083
989342.785262 1819364.041298 1621844075.311235
989353.261542 1819369.095719 1621844076.712687
989357.05816 1819370.360214 1621844077.360634
989359.051325 1819370.82652 1621844077.712705
989367.140796 1819370.538775 1621844079.410769
989371.997229 1819367.20759 1621844080.714517
989369.644355 1819369.297977 1621844080.060399
989373.103407 1819365.673045 1621844081.060377
989375.424913 1819354.748368 1621844082.760432
989375.348941 1819336.661966 1621844084.76056
989375.179558 1819325.935515 1621844085.760613
989374.998523 1819313.540833 1621844086.810707
989374.791585 1819302.650824 1621844087.660379
989374.654074 1819293.243421 1621844088.360493
989374.511058 1819279.18579 1621844089.361235
989374.492786 1819277.023876 1621844089.510836
989374.281701 1819253.900547 1621844091.060812
989374.0997 1819232.839497 1621844092.409902
989374.063924 1819227.298049 1621844092.760541
989374.022562 1819195.131361 1621844094.760703
989373.980933 1819189.52449 1621844095.110668
989373.915018 1819183.893876 1621844095.460311
989373.615765 1819167.713266 1621844096.460578
989373.254457 1819137.118938 1621844098.360764
989373.090431 1819121.370121 1621844099.360757
989372.801917 1819100.695577 1621844100.712463
989372.660112 1819090.97545 1621844101.360902
989372.692475 1819093.205496 1621844101.219973
989372.192056 1819057.37805 1621844103.760468
989372.136115 1819053.830346 1621844104.060631
989372.005266 1819046.094533 1621844104.76066
989371.878842 1819039.21359 1621844105.460613
989371.592898 1819024.905319 1621844107.810625
989371.611674 1819025.953636 1621844107.510982
989371.531884 1819021.000424 1621844109.711679
989371.536394 1819021.324113 1621844109.510415
989371.423781 1819012.633108 1621844112.910862
989371.404838 1819012.157236 1621844113.060571
989368.4164 1819004.653571 1621844115.409826
989367.35457 1819003.741074 1621844115.760949
989366.137315 1819002.951071 1621844116.110548
989359.77053 1819000.472584 1621844117.460646
989355.776578 1818999.18278 1621844118.110404
989340.354602 1818995.005742 1621844120.160507
989329.46887 1818992.096108 1621844121.360558
989328.013762 1818991.68967 1621844121.510889
989304.707992 1818984.822472 1621844123.711668
989300.680396 1818983.533147 1621844124.060172
989288.718781 1818979.625914 1621844125.063217
989280.615128 1818976.938511 1621844125.712722
989262.413765 1818970.829894 1621844127.111013
989253.510275 1818967.811886 1621844127.762058
989248.605566 1818966.119108 1621844128.110755
989234.357902 1818961.313718 1621844129.116605
989203.709189 1818951.247768 1621844131.160442
989195.94807 1818948.701255 1621844131.660244
989181.787365 1818943.935135 1621844132.562107
989116.139718 1818916.481468 1621844136.712751
989100.335829 1818908.698856 1621844137.713123
989090.083321 1818903.559841 1621844138.360508
989074.146919 1818895.408283 1621844139.372751
989062.894918 1818889.512979 1621844140.06064
989041.294196 1818877.667302 1621844141.410264
989035.764743 1818874.45377 1621844141.760372
989025.584462 1818868.333802 1621844142.410352
988993.874267 1818848.408736 1621844144.459793
988999.236461 1818851.861272 1621844144.110359
988933.087663 1818808.27611 1621844148.460631
988912.464904 1818793.10542 1621844149.860309
988903.143562 1818785.703567 1621844150.510645
988891.200628 1818775.702719 1621844151.360737
988872.608013 1818759.106604 1621844152.71305
988863.184575 1818750.154811 1621844153.410696
988850.088976 1818737.163787 1621844154.410469
988832.832761 1818718.875829 1621844155.810597
988824.353337 1818709.705091 1621844156.510756
988820.6433 1818705.764028 1621844156.809584
988811.997369 1818696.576237 1621844157.511603
988784.319207 1818667.23805 1621844159.760668
988771.616494 1818653.668324 1621844160.810345
988780.052654 1818662.70255 1621844160.111138
988756.287794 1818637.217559 1621844162.111116
988744.675699 1818624.863684 1621844163.111218
988727.291179 1818606.540556 1621844164.810736
988718.525937 1818597.327751 1621844165.860273
988714.901486 1818593.523154 1621844166.360583
988707.024571 1818585.217576 1621844167.712714
988705.464604 1818583.56657 1621844168.06053
988700.883007 1818578.860465 1621844169.76072
988700.185653 1818578.162908 1621844170.410584
988699.309014 1818577.306868 1621844171.760596
988699.117174 1818577.135077 1621844172.410428
988699.184691 1818577.207657 1621844172.110273
988698.964854 1818576.967516 1621844173.810762
988698.923105 1818576.955174 1621844174.160461
988699.014697 1818577.050592 1621844176.160479
988699.156368 1818577.149165 1621844177.860487
988699.099438 1818577.143202 1621844177.160544
988698.359666 1818576.2866 1621844179.860238
988698.654432 1818576.582768 1621844179.510358
988698.030026 1818575.952286 1621844180.160481
988693.039414 1818570.665604 1621844182.160402
988686.122686 1818563.05277 1621844183.860472
988687.818008 1818564.914845 1621844183.510975
988674.186726 1818549.983666 1621844185.860266
988671.739298 1818547.362237 1621844186.223048
988661.934883 1818536.831061 1621844187.560906
988657.009131 1818531.597358 1621844188.222935
988645.33294 1818519.258699 1621844189.712603
988650.4488 1818524.621551 1621844189.060655
988634.217876 1818507.691012 1621844191.060302
988621.12504 1818494.308422 1621844192.560349
988616.726189 1818489.944431 1621844193.060082
988601.469477 1818475.173831 1621844194.760621
988598.694005 1818472.528882 1621844195.060915
988589.033483 1818463.916428 1621844196.060289
988571.97247 1818448.515248 1621844197.760559
988579.047066 1818455.064535 1621844197.060505
988551.302923 1818428.039188 1621844199.810604
988548.338742 1818425.051051 1621844200.110584
988532.066089 1818408.782532 1621844201.810465
988526.310929 1818403.113852 1621844202.460557
988529.348537 1818406.087918 1621844202.110905
988509.828856 1818388.635102 1621844204.610504
988501.392151 1818384.032081 1621844205.810303
988496.572735 1818382.737121 1621844206.510154
988491.206491 1818382.339048 1621844207.510495
988488.981043 1818382.474193 1621844208.160761
988488.10742 1818382.57917 1621844208.51032
988485.050985 1818383.140848 1621844210.860396
988485.494524 1818383.028684 1621844210.222376
988484.236359 1818383.356562 1621844212.560956
988483.091585 1818383.693148 1621844213.760897
988480.405233 1818384.753454 1621844214.760662
988481.57209 1818384.237051 1621844214.410398
988473.14557 1818389.471451 1621844216.11044
988465.855937 1818396.270621 1621844217.160617
988455.957462 1818407.310919 1621844218.51049
988448.393737 1818416.223734 1621844219.51081
988445.679893 1818419.382588 1621844219.860524
988442.973698 1818422.536365 1621844220.217902
988427.69816 1818440.029924 1621844222.22136
988424.100036 1818444.458858 1621844222.711957
988409.494558 1818462.49668 1621844224.76141
988404.386904 1818468.738254 1621844225.460399
988396.904357 1818477.749404 1621844226.460153
988391.918474 1818483.767735 1621844227.110373
988390.7472 1818485.186371 1621844227.260231
988382.816094 1818494.829138 1621844228.260268
988351.524616 1818532.597768 1621844231.960553
988349.818473 1818534.677678 1621844232.160686
988343.948302 1818541.837243 1621844232.860482
988334.005528 1818554.124289 1621844234.161053
988332.613043 1818555.88289 1621844234.360544
988318.156468 1818579.675573 1621844237.560753
988317.891123 1818581.612238 1621844237.860565
988319.563648 1818591.779548 1621844239.410361
988325.670004 1818600.223309 1621844240.761046
988322.237738 1818596.220056 1621844240.11032
988344.428969 1818617.816251 1621844243.460629
988349.746585 1818622.888467 1621844244.160527
988363.673017 1818635.254949 1621844245.860275
988369.286 1818640.03502 1621844246.510203
988381.787006 1818650.403617 1621844247.910326
988384.538066 1818652.643639 1621844248.221051
988392.915539 1818659.45036 1621844249.110202
988409.217551 1818672.56667 1621844250.809319
988412.129607 1818674.922258 1621844251.110212
