988370.20292 1818637.445922 1621843338.810759
988371.84706 1818638.864471 1621843339.560743
988375.945463 1818642.41467 1621843340.911724
988378.431363 1818644.671836 1621843341.560667
988377.043877 1818643.40109 1621843341.219264
988381.326968 1818647.439581 1621843342.222907
988386.884796 1818652.991408 1621843343.311775
988399.839029 1818664.685156 1621843345.361033
988404.951006 1818669.013325 1621843346.062005
988415.395157 1818677.767466 1621843347.41144
988427.149263 1818687.476244 1621843348.811356
988436.472738 1818695.092433 1621843349.867168
988439.203893 1818697.309034 1621843350.161589
988448.963946 1818705.280276 1621843351.224277
988455.623957 1818710.74471 1621843351.911947
988458.502677 1818713.120195 1621843352.224466
988472.854427 1818724.961576 1621843353.662831
988480.011923 1818730.876616 1621843354.361583
988498.125408 1818745.759658 1621843356.061954
988513.211754 1818758.218843 1621843357.411198
988530.030782 1818772.302448 1621843358.862399
988542.106458 1818782.228247 1621843359.862037
988545.768096 1818785.21666 1621843360.160845
988558.669106 1818795.772384 1621843361.223033
988571.023037 1818805.827074 1621843362.224658
988580.323285 1818813.376649 1621843362.962018
988597.171936 1818827.435586 1621843364.312232
988601.528725 1818831.153473 1621843364.661677
988627.3783 1818852.949098 1621843366.714077
988631.889743 1818856.627781 1621843367.061542
988645.512559 1818867.789817 1621843368.111824
988667.592878 1818885.945978 1621843369.811692
988680.743983 1818896.730335 1621843370.811458
988684.728289 1818899.969599 1621843371.112033
988702.696062 1818914.657958 1621843372.461777
988720.760456 1818929.542994 1621843373.812231
988729.531766 1818936.763304 1621843374.462003
988724.791811 1818932.865598 1621843374.112268
988776.26891 1818975.663786 1621843377.861808
988781.197129 1818979.774128 1621843378.224034
988796.087361 1818992.150756 1621843379.262031
988805.396309 1818999.876592 1621843379.912484
988839.616109 1819028.072724 1621843382.262304
988844.025148 1819031.650365 1621843382.561601
988854.356511 1819040.049064 1621843383.262212
988885.443112 1819064.699565 1621843385.31189
988897.19854 1819073.249901 1621843386.061817
988940.778758 1819103.043955 1621843388.811678
988946.318765 1819106.760259 1621843389.16152
988973.182606 1819124.694387 1621843390.862127
988984.952552 1819132.513779 1621843391.611842
988990.428267 1819136.105151 1621843391.961748
988995.115497 1819139.184485 1621843392.261987
989016.974204 1819153.734199 1621843393.661932
989027.839291 1819160.927574 1621843394.36346
989053.788944 1819178.240957 1621843396.061847
989068.613599 1819188.04001 1621843397.061985
989088.820735 1819200.748691 1621843398.461626
989093.890808 1819204.143681 1621843398.811815
989118.157765 1819220.657318 1621843400.512297
989132.704585 1819230.327749 1621843401.561719
989141.549199 1819236.108634 1621843402.223071
989154.920886 1819244.911609 1621843403.226461
989164.06592 1819250.911145 1621843403.911835
989169.210969 1819254.303692 1621843404.311819
989198.903459 1819274.083719 1621843406.714061
989207.256347 1819279.719099 1621843407.411547
989219.445917 1819287.872758 1621843408.461581
989231.367256 1819295.854782 1621843409.511904
989246.218506 1819305.75492 1621843410.862044
989253.716252 1819310.71208 1621843411.561644
989267.762074 1819320.001991 1621843412.91188
989270.812007 1819322.006743 1621843413.224584
989287.345005 1819332.811529 1621843414.912033
989290.515226 1819334.848472 1621843415.261689
989293.636634 1819336.98308 1621843415.611733
989299.040371 1819340.678664 1621843416.26178
989308.059506 1819346.589039 1621843417.611681
989314.729865 1819350.962242 1621843419.01189
989316.955602 1819352.37068 1621843419.714888
989319.019887 1819353.673119 1621843421.411532
989319.016831 1819353.662395 1621843422.811512
989319.03251 1819353.646753 1621843423.561463
989319.047276 1819353.641056 1621843424.224306
989319.04855 1819353.640722 1621843424.611522
989319.053056 1819353.626764 1621843425.961483
989319.064469 1819353.578661 1621843427.012257
989319.133228 1819353.574666 1621843428.662497
989319.126697 1819353.573977 1621843428.361523
989319.149712 1819353.574606 1621843429.361415
989319.163874 1819353.569056 1621843431.761382
989319.157685 1819353.569127 1621843432.811636
989319.155882 1819353.560066 1621843433.811499
989319.155355 1819353.554765 1621843434.161494
989319.180819 1819353.577974 1621843435.811605
989319.173412 1819353.571269 1621843435.161814
989319.184488 1819353.581411 1621843436.161459
989319.191123 1819353.58463 1621843438.861397
989319.192905 1819353.594956 1621843438.161411
989319.190912 1819353.580159 1621843439.161561
989319.198736 1819353.583329 1621843441.161828
989319.195192 1819353.579023 1621843441.911757
989319.190758 1819353.588518 1621843443.223858
989319.189436 1819353.603652 1621843444.911864
989319.192821 1819353.60546 1621843445.262305
989319.179308 1819353.613785 1621843445.911699
989319.169142 1819353.608969 1621843447.561457
989319.401804 1819353.764982 1621843448.961094
989319.535108 1819353.851672 1621843449.312032
989319.683752 1819353.948841 1621843449.661416
989321.53055 1819355.148866 1621843453.361461
989326.753514 1819358.579161 1621843456.361452
989331.04141 1819361.363015 1621843457.36044
989329.437308 1819360.325866 1621843457.011866
989419.597949 1819381.879132 1621843467.461263
989436.975391 1819378.866659 1621843468.8112
989451.269023 1819376.021065 1621843469.861267
989460.466478 1819374.173454 1621843470.511702
989455.480678 1819375.172151 1621843470.160517
989495.586787 1819367.011206 1621843472.861664
989528.296362 1819360.533458 1621843474.911821
989533.912278 1819359.461052 1621843475.261606
989549.880341 1819356.350651 1621843476.261682
989565.709822 1819353.393699 1621843477.261451
989581.967508 1819350.318696 1621843478.311739
989597.148892 1819347.622428 1621843479.311346
989618.321265 1819344.702478 1621843480.713137
989623.586824 1819344.089636 1621843481.061666
989628.804521 1819343.515985 1621843481.411251
989653.155376 1819341.504921 1621843483.111803
989675.203951 1819340.423572 1621843484.861367
989682.857355 1819340.182949 1621843485.560268
989689.38615 1819340.030112 1621843486.221375
989692.683298 1819339.96988 1621843486.56029
989721.750288 1819339.646804 1621843490.611173
989727.866643 1819339.594865 1621843491.960394
989730.080633 1819339.572489 1621843492.611471
989731.084011 1819339.568589 1621843492.960428
989732.611202 1819339.555652 1621843493.611395
989734.448114 1819339.521117 1621843497.011775
989734.444307 1819339.518887 1621843497.312031
989734.436949 1819339.513913 1621843498.011735
989734.426737 1819339.496165 1621843499.760597
989734.426644 1819339.485915 1621843500.811497
989734.427377 1819339.482469 1621843501.160407
989734.422132 1819339.469408 1621843501.511708
989734.414522 1819339.442789 1621843503.56041
989734.417234 1819339.441242 1621843504.960404
989734.418703 1819339.439472 1621843505.611454
989734.421896 1819339.436994 1621843506.311714
989734.418595 1819339.43457 1621843507.960532
989734.416949 1819339.434299 1621843508.311656
989734.417148 1819339.434583 1621843508.611405
989734.422245 1819339.433835 1621843509.960356
989734.419545 1819339.432978 1621843511.661091
989734.420693 1819339.433014 1621843512.361418
989734.422566 1819339.431252 1621843513.061312
989734.422027 1819339.430434 1621843514.411282
989734.422888 1819339.429341 1621843514.761114
989734.423589 1819339.42824 1621843515.061469
989734.448701 1819339.487362 1621843516.061343
989735.05576 1819340.011462 1621843517.411457
989735.06181 1819340.020433 1621843518.111628
989735.0116 1819340.010984 1621843520.511737
989735.021992 1819340.01667 1621843521.560572
989735.024908 1819340.017231 1621843521.911774
989735.027004 1819340.01777 1621843522.221216
989735.042674 1819340.019905 1621843524.96114
989735.044433 1819340.020194 1621843525.611596
989735.04696 1819340.01922 1621843526.3119
989735.053341 1819340.020287 1621843527.661479
989735.055931 1819340.021461 1621843528.661246
989735.10778 1819340.020643 1621843529.661233
989735.253642 1819340.018537 1621843530.011436
989735.60979 1819340.014332 1621843530.36151
989736.941316 1819339.996911 1621843531.061256
989741.414246 1819339.935973 1621843532.411715
989753.056909 1819339.761448 1621843534.461398
989763.33399 1819339.742824 1621843535.760194
989773.330456 1819339.698706 1621843536.861389
989769.583344 1819339.71458 1621843536.461103
989786.027394 1819339.705662 1621843538.160201
989816.020655 1819339.7234 1621843540.861446
989828.754298 1819339.629639 1621843541.861356
989819.740091 1819339.700502 1621843541.160197
989846.455793 1819339.513437 1621843543.161459
989871.47226 1819339.390447 1621843544.911838
989876.441026 1819339.393119 1621843545.261155
989900.653697 1819339.264404 1621843547.011189
989895.188936 1819339.301347 1621843546.611384
989918.584619 1819339.105272 1621843548.311822
989933.203109 1819339.012331 1621843549.360418
989938.030895 1819339.005809 1621843549.713637
989969.324534 1819338.829024 1621843552.061244
989978.198409 1819338.763511 1621843552.76135
990022.446045 1819338.548745 1621843556.760238
990065.092948 1819338.26831 1621843561.761322
990062.865047 1819338.279387 1621843561.461441
990067.622914 1819338.255104 1621843562.111516
990096.247798 1819338.027591 1621843570.861173
990096.25019 1819338.019032 1621843571.512012
990096.249372 1819338.023491 1621843571.160963
990096.205666 1819337.937392 1621843573.561101
990096.536817 1819337.905824 1621843574.91168
990096.613605 1819337.898798 1621843575.261239
990096.973311 1819337.885407 1621843576.661189
990096.851665 1819337.885688 1621843576.311905
990099.20095 1819337.876661 1621843578.713461
990098.523107 1819337.87727 1621843578.411196
990101.279152 1819337.862998 1621843579.461049
990110.292645 1819337.810492 1621843581.911776
990113.836243 1819337.785278 1621843582.661068
990115.651929 1819337.772181 1621843583.011672
990117.597179 1819337.763306 1621843583.361376
990124.205668 1819337.733491 1621843584.411298
990129.037455 1819337.723058 1621843585.111511
990139.114042 1819337.738786 1621843586.461037
990144.887975 1819337.728329 1621843587.160391
990201.872615 1819337.594257 1621843592.560453
990197.158434 1819337.59081 1621843592.160533
990276.563119 1819338.090488 1621843598.911491
990284.583914 1819338.261182 1621843599.611103
990280.591691 1819338.170497 1621843599.261294
990304.744428 1819338.857863 1621843601.361506
990312.958454 1819339.123724 1621843602.061032
990363.438366 1819340.645016 1621843606.411326
990391.569703 1819341.038235 1621843608.760334
990395.216015 1819341.105617 1621843609.061198
990403.732433 1819341.2808 1621843609.760277
990412.318332 1819341.54059 1621843610.461354
990425.416116 1819342.060471 1621843611.51175
990451.25284 1819343.000635 1621843613.511373
990447.312636 1819342.890552 1621843613.2203
990477.547666 1819343.60071 1621843615.561454
990487.659834 1819343.730243 1621843616.560242
990484.391333 1819343.693211 1621843616.220705
990499.252063 1819343.846409 1621843618.311591
990502.962099 1819343.874417 1621843619.712694
990503.295969 1819343.884384 1621843620.061008
990503.448591 1819343.888078 1621843620.36124
990503.477772 1819343.885975 1621843621.460994
990503.482334 1819343.822622 1621843623.511726
990503.482469 1819343.803825 1621843624.861147
990503.478973 1819343.79935 1621843624.163674
990503.482287 1819343.813917 1621843626.611348
990503.47339 1819343.829739 1621843627.610272
990503.473909 1819343.830181 1621843628.661078
990503.474242 1819343.830449 1621843629.361025
990503.471752 1819343.82683 1621843630.360127
990503.468572 1819343.826268 1621843631.060987
990503.466763 1819343.826332 1621843632.461112
990503.46722 1819343.826575 1621843633.111549
990503.469208 1819343.823982 1621843634.511748
990503.469549 1819343.823118 1621843634.861398
990503.475711 1819343.822826 1621843636.220012
990503.471827 1819343.823673 1621843637.911386
990503.469473 1819343.824154 1621843638.611132
990503.468195 1819343.824552 1621843638.960049
990503.472394 1819343.824424 1621843639.661119
990504.117766 1819343.831972 1621843641.713202
990504.113181 1819343.836377 1621843642.760199
990504.111318 1819343.837701 1621843643.111289
990504.107298 1819343.836739 1621843644.160151
990504.107801 1819343.83463 1621843645.218455
990504.106732 1819343.829324 1621843646.260908
990504.127618 1819343.832957 1621843647.261103
990504.12696 1819343.836302 1621843648.610521
990504.127634 1819343.836522 1621843649.661372
990504.465459 1819343.835223 1621843650.712788
990506.481593 1819343.858267 1621843651.760928
990505.702817 1819343.844498 1621843651.461035
990507.544499 1819343.889551 1621843652.111738
990515.295667 1819344.299933 1621843654.220833
990518.245241 1819344.44767 1621843654.911667
990527.092773 1819344.848408 1621843656.660943
990530.769594 1819345.005287 1621843657.311813
990539.494023 1819345.28154 1621843658.712404
990542.007997 1819345.353072 1621843659.061197
990563.609592 1819345.952108 1621843661.760527
990566.533607 1819346.120711 1621843662.111515
990569.488139 1819346.308758 1621843662.461141
990589.863076 1819347.975585 1621843664.861052
990592.302617 1819348.22348 1621843665.16006
990602.616194 1819349.27706 1621843666.511715
990605.081671 1819349.547647 1621843666.861106
990615.397003 1819350.649349 1621843668.511382
990618.516424 1819350.876733 1621843669.160271
990620.045835 1819350.838106 1621843669.512102
990622.900023 1819350.243981 1621843670.220945
990628.215882 1819344.94517 1621843671.911594
990629.020146 1819340.997896 1621843672.611111
990628.034273 1819326.019954 1621843674.611382
990627.851913 1819323.294787 1621843674.911454
990627.457411 1819312.938921 1621843675.960068
990627.238083 1819298.857876 1621843677.260896
990627.217027 1819294.862846 1621843677.610226
990627.502531 1819269.661182 1621843679.661153
990627.551945 1819255.761955 1621843680.712674
990627.390657 1819246.139769 1621843681.410849
990627.487051 1819250.990008 1621843681.060914
990627.101867 1819231.057195 1621843682.461034
990626.852528 1819205.27589 1621843684.161054
990626.806645 1819199.809812 1621843684.511472
990626.652836 1819178.24274 1621843685.861731
990626.618113 1819172.537876 1621843686.221412
990626.521126 1819155.967064 1621843687.218914
990626.320545 1819132.086708 1621843688.610384
990625.951793 1819101.323558 1621843690.361407
990625.85082 1819077.977139 1621843691.66118
990625.872235 1819065.261582 1621843692.361544
990625.917946 1819040.444232 1621843693.712107
990625.90199 1819046.91291 1621843693.360363
990626.004592 1819008.632316 1621843695.410778
990626.051676 1818995.355808 1621843696.111439
990626.086614 1818975.244695 1621843697.1614
990626.06633 1818942.454529 1621843698.861214
990625.934964 1818928.948447 1621843699.56121
990625.708163 1818916.362401 1621843700.221327
990625.508102 1818902.656857 1621843700.911275
990625.418988 1818896.742231 1621843701.223055
990624.717898 1818853.329712 1621843703.361032
990624.308885 1818831.898435 1621843704.410805
990624.164672 1818824.735663 1621843704.76084
990623.749603 1818809.420578 1621843705.511553
990623.311893 1818796.131633 1621843706.160931
990621.934953 1818761.465246 1621843707.860888
990621.2773 1818747.213892 1621843708.561201
990620.346196 1818724.871333 1621843709.661382
990619.210277 1818697.46485 1621843711.011403
990618.431447 1818677.238756 1621843712.011817
990617.4834 1818656.099917 1621843713.061192
990614.546792 1818532.763999 1621843719.461146
990615.454913 1818513.917496 1621843720.461768
990615.871939 1818508.303437 1621843720.760851
990618.445511 1818482.310111 1621843722.160211
990620.62972 1818463.888646 1621843723.160045
990621.424744 1818457.46813 1621843723.511171
990626.048758 1818420.833434 1621843725.560252
990627.501416 1818409.533543 1621843726.222543
990628.371664 1818397.141432 1621843726.911472
990631.116229 1818371.481955 1621843728.561126
990630.544649 1818375.840326 1621843728.261086
990632.497808 1818361.194443 1621843729.311546
990634.693919 1818345.404911 1621843730.660879
990632.620928 1818326.978745 1621843732.714362
990633.459856 1818329.20623 1621843732.411122
990623.611671 1818316.12903 1621843734.761165
990616.944082 1818312.492836 1621843735.810947
990619.300531 1818313.545969 1621843735.461881
990606.707084 1818310.073014 1621843737.160443
990597.788616 1818309.893537 1621843738.160847
990591.528607 1818309.797287 1621843738.811087
990588.045971 1818309.74489 1621843739.160893
990565.636642 1818309.335011 1621843741.223413
990560.764043 1818309.089138 1621843741.610488
990551.800135 1818308.658203 1621843742.311495
990538.362107 1818308.230544 1621843743.311634
990510.098126 1818307.318065 1621843745.360985
990491.808726 1818307.239066 1621843746.76094
990478.482187 1818307.255047 1621843747.760717
990464.567251 1818307.058047 1621843748.760973
990454.448563 1818306.772476 1621843749.463024
990440.052152 1818306.430061 1621843750.460865
990430.926243 1818306.294002 1621843751.111205
990417.372137 1818306.21287 1621843752.111516
990408.799585 1818306.180565 1621843752.760699
990390.942562 1818305.87254 1621843754.111369
990372.9607 1818305.685311 1621843755.460798
990359.659292 1818305.732645 1621843756.462012
990345.601595 1818305.702948 1621843757.511468
990350.297374 1818305.694955 1621843757.160887
990323.062465 1818305.755083 1621843759.160608
990313.235445 1818305.811174 1621843759.861079
990307.572099 1818305.840819 1621843760.261505
990283.876285 1818305.932334 1621843761.91093
990259.129468 1818305.822063 1621843763.660872
990254.285805 1818305.820172 1621843764.010659
990239.721974 1818305.934621 1621843765.060888
990200.696623 1818306.058871 1621843767.810127
990195.599851 1818306.068851 1621843768.161053
990175.653325 1818306.116546 1621843769.511207
990165.132318 1818306.164458 1621843770.223568
990160.604087 1818306.203882 1621843770.511602
990123.996002 1818306.404774 1621843772.911483
990117.933832 1818306.416758 1621843773.311438
990092.189901 1818306.530513 1621843775.010856
990087.61167 1818306.557691 1621843775.311636
990070.622957 1818306.659679 1621843776.410895
990076.06404 1818306.627287 1621843776.060996
990032.850697 1818307.057785 1621843778.810982
990027.270547 1818307.133113 1621843779.160096
989999.811395 1818307.284935 1621843780.86126
989987.400782 1818307.349279 1621843781.61086
989976.443774 1818307.369011 1621843782.261094
989970.481562 1818307.385774 1621843782.611104
989952.25079 1818307.462501 1621843783.661292
989914.777736 1818307.746282 1621843785.759794
989903.120303 1818307.834007 1621843786.409689
989891.470608 1818307.915718 1621843787.060797
989867.129639 1818308.130414 1621843788.410846
989873.45572 1818308.083174 1621843788.060863
989848.219889 1818308.27945 1621843789.461014
989805.734597 1818308.503878 1621843791.810039
989812.092424 1818308.478762 1621843791.46078
989672.808294 1818308.872714 1621843799.218378
989666.691924 1818308.907809 1621843799.560825
989638.206713 1818309.060655 1621843801.218894
989632.21156 1818309.073757 1621843801.559955
989602.210901 1818309.179764 1621843803.311452
989573.388866 1818309.441466 1621843804.95997
989555.739429 1818309.571481 1621843805.960784
989561.932136 1818309.53125 1621843805.610857
989549.550396 1818309.600837 1621843806.311089
989513.96282 1818309.671438 1621843808.311077
989484.234609 1818309.766061 1621843809.959425
989489.662126 1818309.761273 1621843809.660365
989458.332184 1818309.782803 1621843811.359251
989438.997259 1818309.857497 1621843812.360191
989410.742874 1818310.022798 1621843813.760233
989396.225039 1818310.104766 1621843814.46021
989403.504118 1818310.066214 1621843814.110263
989346.687631 1818310.284585 1621843816.860156
989340.685281 1818310.290603 1621843817.160282
989314.404801 1818310.301123 1621843818.51066
989295.618546 1818310.4098 1621843819.510828
989270.611166 1818310.60724 1621843820.910682
989264.532653 1818310.640806 1621843821.260515
989259.325415 1818310.676413 1621843821.560598
989240.245265 1818310.880191 1621843822.660621
989204.426121 1818311.242249 1621843824.712749
989192.879832 1818311.297685 1621843825.360257
989167.802241 1818311.351351 1621843826.761868
989161.610976 1818311.354388 1621843827.111333
989132.509004 1818311.594793 1621843828.861453
989138.295008 1818311.532346 1621843828.51123
989078.06735 1818312.007643 1621843832.222687
989050.00755 1818312.427827 1621843833.911209
989045.124286 1818312.596939 1621843834.223435
989022.371762 1818313.781047 1621843835.61074
989017.574669 1818314.074902 1621843835.911329
989012.025596 1818314.410726 1621843836.261028
988985.702867 1818315.55908 1621843837.960819
988975.149748 1818315.820583 1621843838.660735
988964.683884 1818316.085825 1621843839.361037
988938.024574 1818317.05979 1621843841.11115
988922.195239 1818317.722339 1621843842.11114
988894.521108 1818318.582413 1621843843.810468
988900.352767 1818318.48527 1621843843.460857
988866.847793 1818318.845391 1621843845.460369
988860.964042 1818318.861449 1621843845.810706
988850.037738 1818318.899069 1621843846.460733
988821.987517 1818319.052449 1621843848.160919
988810.789592 1818319.151704 1621843848.861132
988784.024312 1818319.302236 1621843850.561405
988779.303634 1818319.323227 1621843850.860634
988757.359191 1818319.301905 1621843852.260917
988752.018511 1818319.318333 1621843852.61072
988741.608554 1818319.381186 1621843853.311823
988708.790045 1818319.648031 1621843855.712969
988704.410144 1818319.694127 1621843856.060928
988700.187825 1818319.715964 1621843856.410786
988681.984234 1818319.947575 1621843858.160873
988676.29214 1818319.950583 1621843858.811071
988673.480384 1818319.951118 1621843859.160832
988661.959644 1818320.506386 1621843861.159791
988658.162815 1818320.456482 1621843862.160916
988655.648753 1818320.481661 1621843863.223266
988654.500833 1818320.526848 1621843864.56089
988654.506845 1818320.547068 1621843865.911243
988654.513453 1818320.566532 1621843866.260881
988654.543577 1818320.644718 1621843867.96116
988654.540915 1818320.620404 1621843867.310813
988654.560277 1818320.654698 1621843869.260979
988654.548995 1818320.642231 1621843869.960973
988654.487716 1818320.593643 1621843871.610784
988654.446453 1818320.575219 1621843872.660986
988654.416545 1818320.571644 1621843873.410698
988654.364281 1818320.565033 1621843874.713417
988654.353244 1818320.568411 1621843875.410805
988654.335575 1818320.579343 1621843876.060887
988654.271276 1818320.579411 1621843877.810643
988654.258925 1818320.581441 1621843878.861041
988654.229007 1818320.571595 1621843879.910798
988654.21642 1818320.566923 1621843880.223498
988654.223171 1818320.570624 1621843880.911025
988654.208652 1818320.59551 1621843883.261195
988654.206235 1818320.596894 1621843883.610805
988654.19112 1818320.598523 1621843885.361006
988654.192854 1818320.606313 1621843885.712356
988644.253817 1818320.269265 1621843892.410415
988640.4869 1818320.262053 1621843893.111362
988636.409314 1818320.280347 1621843893.759724
988623.84577 1818320.503899 1621843895.510868
988612.945984 1818321.07481 1621843896.910734
988615.688423 1818320.877759 1621843896.56061
988597.288894 1818322.760582 1621843898.959758
988594.998198 1818323.085217 1621843899.2607
988592.349898 1818323.502213 1621843899.610658
988587.024876 1818324.480155 1621843900.311024
988539.070644 1818340.848936 1621843905.759761
988535.938072 1818342.374532 1621843906.111215
988494.781039 1818367.60997 1621843910.810796
988485.446163 1818375.532017 1621843911.911037
988480.060148 1818380.756464 1621843912.560869
988474.241995 1818386.757963 1621843913.261232
988465.828268 1818395.723518 1621843914.260758
988463.2919 1818398.491174 1621843914.560917
988449.027712 1818414.734872 1621843916.260742
988443.199449 1818421.642524 1621843916.959816
988429.019703 1818438.658101 1621843918.660567
988426.100079 1818442.239461 1621843919.01094
988423.162265 1818445.851724 1621843919.359757
988405.072746 1818467.998204 1621843921.460859
988392.486262 1818483.076077 1621843922.860836
988386.624855 1818490.109881 1621843923.511005
988389.769926 1818486.326406 1621843923.160721
988368.255358 1818512.408859 1621843925.610883
988362.74309 1818519.135797 1621843926.260996
988351.116744 1818533.409253 1621843927.661336
988348.259733 1818536.932627 1621843928.010724
988339.763295 1818547.380166 1621843929.061099
988326.881219 1818563.416962 1621843930.809746
988321.196822 1818571.9104 1621843931.860629
988318.080869 1818587.556877 1621843933.910888
988320.988251 1818594.974359 1621843934.910752
988326.426352 1818602.28434 1621843935.91073
988324.584499 1818600.08592 1621843935.610796
988336.390779 1818612.124286 1621843937.260597
988341.920361 1818617.047859 1621843937.91072
988354.811956 1818628.136239 1621843939.31111
988367.896373 1818638.983706 1621843940.660654
988380.462289 1818649.29574 1621843941.96072
988387.08291 1818654.787216 1621843942.661898
988393.103284 1818659.783793 1621843943.310883
988405.689859 1818670.199264 1621843944.660644
988402.871593 1818667.867582 1621843944.361034
988418.671599 1818680.911206 1621843946.060935
988427.679827 1818688.279734 1621843947.060798
988430.773232 1818690.795735 1621843947.410603
988451.98686 1818707.813521 1621843949.860808
988454.969618 1818710.199537 1621843950.217205
988468.881373 1818721.466221 1621843951.910704
988463.281339 1818716.934079 1621843951.216377
988481.402804 1818731.685924 1621843953.561178
988490.87855 1818739.426103 1621843954.910657
988497.726901 1818745.068175 1621843955.960919
988499.60019 1818746.613184 1621843956.260978
988501.747299 1818748.373774 1621843956.609972
988511.547359 1818756.329821 1621843958.310741
988515.255808 1818759.335669 1621843959.011149
988523.28243 1818765.929038 1621843960.660861
988525.962043 1818768.093128 1621843961.311007
988527.180556 1818769.088882 1621843961.660802
988529.269327 1818770.784893 1621843962.412486
988531.100182 1818772.245969 1621843963.712167
988531.290348 1818772.417108 1621843964.060937
988531.404438 1818772.45812 1621843965.060565
988531.410856 1818772.438418 1621843966.160833
988531.349746 1818772.393133 1621843969.510947
988531.299389 1818772.351698 1621843970.560671
988531.368659 1818772.439003 1621843971.910658
988531.367701 1818772.434487 1621843971.560302
988531.369511 1818772.46632 1621843973.960803
988531.361344 1818772.46551 1621843974.26085
988531.383194 1818772.474409 1621843975.960755
988531.374828 1818772.473156 1621843975.260944
988531.386031 1818772.478489 1621843977.260905
988531.383538 1818772.477031 1621843978.960655
988531.383991 1818772.479507 1621843978.610552
988531.384238 1818772.472015 1621843980.260766
988531.38857 1818772.47099 1621843981.960573
988531.390154 1818772.473476 1621843982.660776
988531.390979 1818772.475442 1621843983.011541
988531.391474 1818772.47712 1621843983.36064
988531.390995 1818772.480796 1621843984.760835
988531.39092 1818772.483564 1621843985.810682
988531.380789 1818772.514364 1621843987.911714
988531.470728 1818772.606449 1621843988.560869
988531.870984 1818772.93978 1621843989.611008
988532.386445 1818773.365072 1621843990.361033
988533.622778 1818774.394263 1621843991.660729
988532.956035 1818773.838331 1621843991.010706
988535.283294 1818775.789094 1621843993.011632
988539.489803 1818779.354661 1621843994.660645
988538.490821 1818778.508704 1621843994.360789
988543.468537 1818782.726117 1621843995.712585
988548.182182 1818786.679733 1621843996.713729
988557.650711 1818794.555532 1621843998.41068
988555.885349 1818793.083169 1621843998.111192
988568.550066 1818803.646561 1621844000.11084
988570.625976 1818805.356557 1621844000.410668
988575.652853 1818809.495022 1621844001.111524
988597.379956 1818827.459485 1621844003.910625
988599.832152 1818829.467943 1621844004.222071
988614.000581 1818841.192598 1621844005.910477
988611.036717 1818838.742022 1621844005.561229
988625.49925 1818850.667531 1621844007.261338
988628.1557 1818852.815786 1621844007.55992
988646.574433 1818867.80024 1621844009.560096
988659.407703 1818878.258061 1621844010.911274
988668.909112 1818886.128176 1621844011.911596
988675.165003 1818891.35946 1621844012.559878
988684.924428 1818899.58494 1621844013.560925
988691.802673 1818905.376201 1621844014.260698
988704.877252 1818916.162612 1621844015.561273
988715.722511 1818925.023802 1621844016.610717
988729.806416 1818936.521462 1621844017.960961
988733.469926 1818939.518588 1621844018.310755
988744.565126 1818948.766409 1621844019.360949
988759.457309 1818961.009699 1621844020.760597
988763.708017 1818964.519058 1621844021.161002
988791.585523 1818987.380453 1621844023.86065
988788.02454 1818984.4621 1621844023.510458
988798.721349 1818993.268652 1621844024.560958
988843.096322 1819029.896618 1621844028.911383
988853.237887 1819038.266821 1621844029.911031
988860.381815 1819044.142935 1621844030.611127
988870.625315 1819052.476067 1621844031.610849
988877.314219 1819057.740758 1621844032.26099
988891.31161 1819068.218543 1621844033.610766
988901.925111 1819075.700062 1621844034.61042
988908.914738 1819080.511903 1621844035.260653
988919.752977 1819087.8906 1621844036.260719
988923.528428 1819090.440139 1621844036.610695
988945.890592 1819105.138796 1621844038.66071
988949.755646 1819107.692189 1621844039.010831
988956.839441 1819112.313502 1621844039.660671
988964.97657 1819117.601688 1621844040.410949
988986.389357 1819131.599256 1621844042.361094
988994.169619 1819136.709333 1621844043.060812
989005.405525 1819144.115498 1621844044.060919
989025.779432 1819157.734217 1621844045.810814
989029.365549 1819160.189952 1621844046.111326
989038.595148 1819166.689958 1621844046.860589
989074.218353 1819190.718302 1621844049.961157
989081.672202 1819195.68757 1621844050.610594
989096.60458 1819205.718285 1621844051.960778
989104.236138 1819210.88612 1621844052.660829
989111.917468 1819216.105299 1621844053.361051
989115.127122 1819218.290212 1621844053.660901
989123.038717 1819223.641661 1621844054.410579
989146.092901 1819238.977496 1621844056.713342
989139.60297 1819234.669702 1621844056.060806
989159.361327 1819247.712074 1621844058.060591
989175.67996 1819258.570377 1621844059.712981
989169.193805 1819254.250203 1621844059.060687
989179.207326 1819260.916713 1621844060.0606
989199.50431 1819274.392391 1621844062.060947
989214.063289 1819284.184183 1621844063.461054
989210.406485 1819281.738512 1621844063.110855
989235.330124 1819298.388355 1621844065.510893
989249.376327 1819307.573255 1621844066.810577
989256.685116 1819312.063877 1621844067.460503
989253.283905 1819310.006922 1621844067.160841
989272.404101 1819321.053409 1621844068.810838
989296.167955 1819335.661191 1621844070.86032
989307.209763 1819342.803133 1621844071.860497
989314.207293 1819347.202244 1621844072.511337
989317.910624 1819349.517293 1621844072.860388
989339.518096 1819362.242463 1621844074.960801
989342.332422 1819363.795248 1621844075.260603
989352.957231 1819368.976196 1621844076.66038
989357.05816 1819370.360214 1621844077.360634
989358.769071 1819370.769456 1621844077.660992
989367.140796 1819370.538775 1621844079.410769
989372.164461 1819367.006477 1621844080.760614
989369.644355 1819369.297977 1621844080.060399
989373.103407 1819365.673045 1621844081.060377
989375.424913 1819354.748368 1621844082.760432
989375.339343 1819336.14953 1621844084.810894
989375.173424 1819325.372365 1621844085.809853
989374.987871 1819312.922417 1621844086.860829
989374.803085 1819303.308891 1621844087.610626
989374.670466 1819294.608228 1621844088.260493
989374.518049 1819279.902424 1621844089.311031
989374.473999 1819274.846781 1621844089.660477
989374.289107 1819254.662871 1621844091.010911
989374.0997 1819232.839497 1621844092.409902
989374.063924 1819227.298049 1621844092.760541
989374.051335 1819194.360599 1621844094.810777
989373.976083 1819188.728646 1621844095.160619
989373.900037 1819183.082931 1621844095.511159
989373.591187 1819166.094519 1621844096.559593
989373.266137 1819137.920158 1621844098.310574
989373.090431 1819121.370121 1621844099.360757
989372.801917 1819100.695577 1621844100.712463
989372.660112 1819090.97545 1621844101.360902
989372.72438 1819095.443307 1621844101.060673
989372.192056 1819057.37805 1621844103.760468
989372.12733 1819053.252565 1621844104.110639
989371.996078 1819045.573857 1621844104.810547
989371.869794 1819038.760844 1621844105.51047
989371.586997 1819024.594538 1621844107.910385
989371.608074 1819025.763347 1621844107.562048
989371.532653 1819021.081345 1621844109.660632
989371.544962 1819021.730897 1621844109.260755
989371.456286 1819013.433752 1621844112.660439
989371.404838 1819012.157236 1621844113.060571
989368.274011 1819004.517803 1621844115.462142
989367.35457 1819003.741074 1621844115.760949
989366.137315 1819002.951071 1621844116.110548
989359.480231 1819000.376724 1621844117.510273
989355.445905 1818999.080132 1621844118.160552
989339.500342 1818994.788523 1621844120.261385
989329.949889 1818992.229852 1621844121.310431
989326.53828 1818991.280242 1621844121.660415
989304.707992 1818984.822472 1621844123.711668
989300.680396 1818983.533147 1621844124.060172
989288.718781 1818979.625914 1621844125.063217
989280.615128 1818976.938511 1621844125.712722
989262.413765 1818970.829894 1621844127.111013
989253.510275 1818967.811886 1621844127.762058
989248.605566 1818966.119108 1621844128.110755
989232.903584 1818960.828907 1621844129.221927
989202.164906 1818950.742717 1621844131.260726
989196.728501 1818948.958686 1621844131.609762
989180.199412 1818943.388063 1621844132.660681
989116.934463 1818916.8687 1621844136.660438
989101.126515 1818909.085801 1621844137.660287
989090.083321 1818903.559841 1621844138.360508
989074.949381 1818895.822956 1621844139.31044
989063.697754 1818889.939111 1621844140.010894
989041.294196 1818877.667302 1621844141.410264
989035.764743 1818874.45377 1621844141.760372
989025.584462 1818868.333802 1621844142.410352
988993.874267 1818848.408736 1621844144.459793
988998.465628 1818851.370225 1621844144.160789
988931.593438 1818807.218296 1621844148.561777
988911.739569 1818792.545901 1621844149.91063
988901.729257 1818784.546237 1621844150.610466
988892.603161 1818776.89994 1621844151.262704
988873.288472 1818759.738935 1621844152.660909
988863.847116 1818750.799949 1621844153.361149
988850.088976 1818737.163787 1621844154.410469
988832.832761 1818718.875829 1621844155.810597
988823.735139 1818709.04955 1621844156.560842
988819.401191 1818704.450265 1621844156.910956
988810.762104 1818695.265035 1621844157.612656
988784.936373 1818667.884187 1621844159.712809
988771.616494 1818653.668324 1621844160.810345
988780.657496 1818663.352528 1621844160.0605
988755.708305 1818636.596093 1621844162.16055
988744.107204 1818624.259991 1621844163.161447
988726.389766 1818605.594157 1621844164.910566
988717.771916 1818596.536123 1621844165.960525
988715.244975 1818593.885441 1621844166.310655
988707.024571 1818585.217576 1621844167.712714
988705.673381 1818583.788087 1621844168.010495
988700.883007 1818578.860465 1621844169.76072
988700.185653 1818578.162908 1621844170.410584
988699.309014 1818577.306868 1621844171.760596
988699.117174 1818577.135077 1621844172.410428
988699.184691 1818577.207657 1621844172.110273
988698.964854 1818576.967516 1621844173.810762
988698.923105 1818576.955174 1621844174.160461
988699.019612 1818577.058045 1621844176.224163
988699.156368 1818577.149165 1621844177.860487
988699.104152 1818577.148103 1621844177.222935
988698.359666 1818576.2866 1621844179.860238
988698.617081 1818576.544991 1621844179.561107
988697.964852 1818575.885769 1621844180.221673
988692.708744 1818570.307121 1621844182.260437
988685.868562 1818562.772105 1621844183.910867
988687.586094 1818564.658931 1621844183.560972
988673.494335 1818549.241696 1621844185.960505
988671.032327 1818546.601105 1621844186.310316
988661.558811 1818536.430589 1621844187.610571
988656.243114 1818530.780976 1621844188.310876
988645.730212 1818519.67386 1621844189.660892
988648.495208 1818522.563666 1621844189.310949
988634.645296 1818508.135915 1621844191.010919
988619.806755 1818492.991886 1621844192.713081
988617.16686 1818490.378245 1621844193.010684
988601.927012 1818475.614119 1621844194.712853
988599.159458 1818472.968193 1621844195.010878
988589.033483 1818463.916428 1621844196.060289
988572.479351 1818448.994601 1621844197.712884
988579.548923 1818455.519994 1621844197.011005
988551.797906 1818428.541408 1621844199.760271
988548.338742 1818425.051051 1621844200.110584
988532.527416 1818409.240569 1621844201.761142
988526.310929 1818403.113852 1621844202.460557
988529.348537 1818406.087918 1621844202.110905
988510.893602 1818389.400309 1621844204.460402
988501.392151 1818384.032081 1621844205.810303
988496.572735 1818382.737121 1621844206.510154
988491.206491 1818382.339048 1621844207.510495
988488.981043 1818382.474193 1621844208.160761
988488.10742 1818382.57917 1621844208.51032
988485.021803 1818383.148035 1621844210.910968
988485.453852 1818383.038302 1621844210.260472
988484.179107 1818383.371172 1621844212.660539
988483.171186 1818383.668026 1621844213.711895
988480.587685 1818384.668189 1621844214.712767
988481.717831 1818384.178015 1621844214.361479
988473.14557 1818389.471451 1621844216.11044
988465.855937 1818396.270621 1621844217.160617
988455.583309 1818407.748181 1621844218.560342
988448.007109 1818416.676468 1621844219.560531
988445.290473 1818419.834978 1621844219.91036
988442.58869 1818422.987603 1621844220.260547
988426.977765 1818440.915526 1621844222.3102
988424.449585 1818444.010074 1621844222.660308
988409.852186 1818462.046871 1621844224.712125
988404.752011 1818468.285088 1621844225.410246
988397.283676 1818477.285955 1621844226.41009
988392.304043 1818483.296437 1621844227.060514
988389.583088 1818486.612768 1621844227.40958
988381.596245 1818496.297245 1621844228.40958
988353.238903 1818530.508707 1621844231.760527
988350.243679 1818534.15959 1621844232.110357
988343.948302 1818541.837243 1621844232.860482
988333.654846 1818554.565516 1621844234.217978
988331.249676 1818557.614131 1621844234.560749
988318.103082 1818579.99914 1621844237.610062
988317.842868 1818582.249407 1621844237.960559
988319.419338 1818591.451292 1621844239.360855
988325.670004 1818600.223309 1621844240.761046
988322.007972 1818595.910425 1621844240.060205
988344.428969 1818617.816251 1621844243.460629
988349.746585 1818622.888467 1621844244.160527
988363.673017 1818635.254949 1621844245.860275
988369.722591 1818640.40386 1621844246.560744
988382.243793 1818650.775768 1621844247.960974
988385.459669 1818653.394813 1621844248.310371
988391.974953 1818658.688564 1621844249.010472
988408.244791 1818671.788725 1621844250.711917
988412.129607 1818674.922258 1621844251.110212
