988119.747022 1818810.162545 1620813080.922673
988119.746655 1818810.163448 1620813081.123308
988119.745596 1818810.170074 1620813082.123792
988123.207157 1818812.294101 1620813085.373775
988126.373207 1818814.298481 1620813086.373656
988131.163092 1818817.356165 1620813087.623993
988143.042623 1818824.752849 1620813090.073137
988152.192776 1818830.369536 1620813091.876643
988157.42841 1818833.575975 1620813092.873832
988153.225701 1818831.000389 1620813092.073355
988164.013638 1818837.742203 1620813094.074378
988168.421244 1818840.772643 1620813094.875125
988169.485527 1818841.57071 1620813095.074375
988185.021078 1818858.178575 1620813098.873109
988185.71452 1818858.799013 1620813099.07394
988186.419887 1818859.37868 1620813099.273649
988198.332636 1818858.113008 1620813102.923003
988200.92596 1818854.11888 1620813103.924124
988199.271262 1818856.640874 1620813103.323776
988207.024949 1818844.598475 1620813105.922748
988209.019236 1818841.376176 1620813106.523369
988208.343657 1818842.471661 1620813106.32387
988216.469509 1818829.168028 1620813108.573733
988215.688507 1818830.431091 1620813108.374367
988225.232483 1818816.118485 1620813110.573956
988228.920353 1818810.711895 1620813111.373723
988233.453255 1818803.836133 1620813112.373982
988234.363897 1818802.444847 1620813112.574129
988237.999512 1818796.821651 1620813113.374119
988248.76755 1818780.765655 1620813115.624008
988249.761926 1818779.301208 1620813115.824398
988253.791947 1818773.289221 1620813116.623694
988269.10513 1818750.181673 1620813119.873518
988269.916204 1818748.905319 1620813120.074306
988271.534168 1818746.375179 1620813120.473701
988285.482641 1818722.863755 1620813124.12378
988288.393276 1818716.425447 1620813125.123632
988291.040774 1818709.443134 1620813126.123574
988292.42838 1818703.252718 1620813126.922978
988293.658392 1818691.025312 1620813128.373734
988293.641557 1818680.225153 1620813129.574092
988292.965239 1818672.818236 1620813130.373816
988291.048367 1818663.516612 1620813131.373784
988290.524803 1818661.670763 1620813131.573949
988288.074274 1818654.317178 1620813132.374245
988285.068091 1818647.093448 1620813133.174024
988266.216191 1818620.827814 1620813136.423849
988264.722035 1818619.446557 1620813136.623862
988258.339556 1818614.248015 1620813137.424777
988240.227939 1818602.167634 1620813139.474169
988234.900068 1818598.658357 1620813140.07413
988231.268885 1818596.290859 1620813140.473275
988212.645909 1818584.250729 1620813142.474463
988189.847904 1818569.380222 1620813144.922836
988180.708831 1818563.45312 1620813145.924177
988188.01881 1818568.18277 1620813145.12389
988178.904087 1818562.284306 1620813146.123885
988170.133485 1818556.542073 1620813147.123855
988155.981111 1818547.366984 1620813148.974308
988147.3525 1818541.860947 1620813150.424102
988140.320032 1818537.340613 1620813151.62406
988139.08297 1818536.536998 1620813151.823968
988136.533107 1818534.877403 1620813152.23832
988119.466421 1818523.789007 1620813154.874201
988113.579154 1818519.940542 1620813155.874158
988107.254374 1818515.772514 1620813156.874273
988109.874537 1818517.501776 1620813156.474471
988097.283257 1818509.184743 1620813158.274389
988095.873037 1818508.250863 1620813158.47436
988071.55078 1818492.442319 1620813162.923802
988075.104521 1818494.696906 1620813162.323091
988064.550199 1818488.183657 1620813163.974166
988051.737226 1818482.159161 1620813165.623796
988044.772493 1818480.016008 1620813166.424093
988035.16738 1818478.201092 1620813167.475354
988033.284466 1818477.97711 1620813167.674642
988011.361111 1818476.611696 1620813169.924456
988007.378141 1818476.332847 1620813170.325505
987964.610761 1818464.911577 1620813175.573756
987955.692983 1818461.328107 1620813177.973958
987951.707051 1818460.928744 1620813179.37464
987943.376992 1818465.156985 1620813181.774187
987941.263139 1818467.944247 1620813182.374217
987937.161508 1818473.456132 1620813183.374141
987935.515185 1818475.974613 1620813183.774115
987926.083478 1818490.580675 1620813185.823915
987923.014937 1818495.346195 1620813186.423866
987917.773963 1818503.495552 1620813187.424335
987915.617534 1818506.82497 1620813187.823868
987904.320985 1818524.246418 1620813189.874645
987901.028213 1818529.429574 1620813190.47446
987902.116917 1818527.712238 1620813190.273388
987884.954972 1818554.549882 1620813194.323985
987883.049436 1818557.3742 1620813202.423957
987882.906971 1818557.586785 1620813203.424007
987882.104332 1818558.840048 1620813204.423322
987880.743705 1818560.9702 1620813205.424008
987878.793555 1818563.966808 1620813206.423985
987876.412433 1818567.774222 1620813207.424144
987873.546476 1818572.559238 1620813208.423916
987870.317453 1818578.174664 1620813209.424129
987866.926181 1818584.332042 1620813210.424351
987863.44516 1818590.995137 1620813211.424098
987859.840886 1818598.153304 1620813212.424166
987861.30253 1818595.246279 1620813212.024183
987846.54781 1818625.037123 1620813215.87438
987844.277678 1818629.680476 1620813216.474421
987845.781653 1818626.601257 1620813216.074452
987834.095042 1818650.745002 1620813219.324343
987795.20919 1818729.310812 1620813229.974314
987791.394211 1818736.727572 1620813230.97413
987789.815682 1818739.784832 1620813231.374352
987783.090026 1818752.426018 1620813232.974274
987778.588798 1818760.086687 1620813233.974018
987774.13732 1818767.406225 1620813234.974354
987769.670107 1818774.520467 1620813235.974198
987772.385534 1818770.194527 1620813235.37399
987767.840226 1818777.424553 1620813236.374295
987756.891901 1818794.167437 1620813238.624124
987752.833308 1818800.258334 1620813239.424984
987746.88136 1818809.152664 1620813240.624168
987742.98948 1818814.978572 1620813241.424788
987738.105539 1818822.211711 1620813242.424142
987740.088561 1818819.282301 1620813242.024323
987730.841409 1818832.549085 1620813243.824549
987719.989966 1818847.425092 1620813245.82337
987724.381098 1818841.442846 1620813245.024574
987711.954096 1818857.882212 1620813247.234558
987702.264643 1818869.66943 1620813248.824691
987699.837842 1818872.4685 1620813249.23449
987647.619449 1818926.356859 1620813257.474741
987637.874172 1818935.034989 1620813258.87516
987622.800031 1818947.733329 1620813261.273727
987617.247001 1818954.786895 1620813262.874791
987616.62642 1818957.703705 1620813263.475808
987616.731092 1818956.715212 1620813263.274945
987616.965408 1818960.618622 1620813264.074752
987688.806934 1819009.866313 1620813275.923354
987695.20341 1819014.062501 1620813276.974333
987700.343587 1819017.428606 1620813277.774418
987704.464446 1819020.137842 1620813278.424155
987710.467407 1819024.00038 1620813279.424353
987708.160999 1819022.503064 1620813279.024509
987746.751204 1819042.747649 1620813285.475617
987745.548057 1819042.689012 1620813285.274854
987761.215893 1819038.584778 1620813287.924463
987766.761632 1819034.474279 1620813288.924179
987772.074011 1819030.028535 1620813289.923418
987768.921539 1819032.706509 1620813289.324111
987783.177521 1819020.406195 1620813291.924397
987789.347466 1819015.187543 1620813292.923374
987791.931577 1819012.983433 1620813293.324362
987794.571649 1819010.705895 1620813293.725573
987806.007005 1819000.767703 1620813295.374214
987810.385603 1818997.097193 1620813295.974729
987821.789213 1818988.686319 1620813297.424632
987830.227594 1818983.148788 1620813298.42428
987838.996568 1818977.905927 1620813299.424665
987848.089519 1818973.151403 1620813300.424389
987857.675788 1818968.868987 1620813301.424237
987867.667417 1818965.105181 1620813302.42414
987877.633366 1818961.848688 1620813303.424214
987883.544149 1818960.145823 1620813304.024579
987892.940643 1818957.970871 1620813305.024386
987910.807617 1818954.935411 1620813307.475737
987913.335062 1818954.633627 1620813307.874367
987928.114849 1818953.547604 1620813309.924163
987926.52246 1818953.636996 1620813309.725732
987938.188443 1818953.064151 1620813311.123541
987954.830904 1818953.184519 1620813312.974533
987960.43083 1818953.620362 1620813313.574349
987978.191733 1818955.78704 1620813315.424268
987987.957293 1818957.640372 1620813316.424319
987984.068776 1818956.845408 1620813316.024137
988011.508288 1818964.189969 1620813318.8749
988003.872431 1818961.730191 1620813318.075081
988013.402484 1818964.858701 1620813319.074028
988039.057027 1818977.007082 1620813321.923515
988035.658992 1818974.992542 1620813321.524292
988040.708098 1818978.027684 1620813322.124192
988055.731516 1818987.619312 1620813324.024027
988062.901969 1818991.929377 1620813324.974494
988082.017488 1818999.233228 1620813327.474743
988078.900417 1818998.456972 1620813327.073858
988097.968553 1818998.867971 1620813329.524396
988106.877828 1818994.601213 1620813330.924556
988104.580358 1818996.113722 1620813330.524682
988116.937536 1818982.718564 1620813332.974749
988117.89649 1818981.220914 1620813333.175505
988125.477535 1818969.423969 1620813334.624825
988127.750648 1818966.031988 1620813335.02438
988130.070923 1818962.52987 1620813335.4243
988142.601335 1818943.399965 1620813337.474961
988148.904298 1818933.685058 1620813338.474883
988155.301617 1818923.728218 1620813339.52442
988154.09383 1818925.593698 1620813339.324382
988167.960511 1818904.249942 1620813341.774727
988173.044769 1818896.487416 1620813342.974286
988171.501076 1818898.852372 1620813342.574314
988173.785881 1818895.359245 1620813343.174687
988186.029547 1818876.702844 1620813346.424391
988188.717363 1818872.633946 1620813347.025615
988195.454472 1818862.391049 1620813348.475719
988197.143741 1818859.813146 1620813348.875118
988203.563261 1818849.951761 1620813350.476084
988201.916701 1818852.468391 1620813350.074904
988215.900113 1818831.069476 1620813353.125053
988216.954843 1818829.46449 1620813353.323516
988232.125507 1818806.462952 1620813355.975079
988235.809484 1818800.860528 1620813356.574464
988234.574044 1818802.739039 1620813356.374658
988248.27911 1818782.052284 1620813358.624489
988253.22575 1818774.656854 1620813359.475982
988258.734399 1818766.290793 1620813360.474992
988256.583472 1818769.566862 1620813360.074751
988261.741688 1818761.680014 1620813361.075035
988266.108195 1818754.875496 1620813362.074543
988278.435916 1818735.313309 1620813364.975976
988290.835643 1818708.288832 1620813368.624682
988292.503552 1818701.032955 1620813369.424753
988293.797441 1818691.042887 1620813370.475439
988293.922501 1818681.133242 1620813371.475363
988292.914169 1818671.069968 1620813372.475042
988290.698766 1818661.073818 1620813373.475263
988287.406671 1818651.382153 1620813374.475417
988283.108392 1818642.324756 1620813375.47525
988277.831362 1818633.843459 1620813376.475198
988271.560641 1818625.992868 1620813377.475224
988264.324073 1818618.865654 1620813378.474889
988256.17192 1818612.584442 1620813379.475233
988247.489168 1818606.815972 1620813380.47515
988238.35214 1818600.955674 1620813381.47471
988242.05133 1818603.327399 1620813381.07417
988225.194774 1818592.295416 1620813382.875148
988209.162446 1818581.658051 1620813384.524043
988174.353978 1818559.119438 1620813387.97471
988178.307783 1818561.689095 1620813387.574779
988161.498028 1818550.793771 1620813389.424531
988159.958725 1818549.799078 1620813389.624391
988155.764279 1818547.09647 1620813390.236202
988125.915281 1818540.968363 1620813396.075055
988118.83948 1818551.32623 1620813398.075217
988115.026804 1818557.302756 1620813399.074841
988103.642887 1818575.046378 1620813401.524702
988101.582827 1818578.208762 1620813401.924387
988090.526497 1818594.959754 1620813403.974659
988084.986105 1818603.459215 1620813404.974679
988081.381168 1818609.051409 1620813405.624616
988079.16629 1818612.509059 1620813406.024659
988073.54029 1818621.250849 1620813407.024628
988067.804914 1818630.060451 1620813408.024634
988061.984798 1818638.968365 1620813409.025441
988056.10991 1818647.93726 1620813410.024507
988050.275909 1818656.952403 1620813411.024691
988041.970224 1818669.833269 1620813412.475601
988036.228705 1818678.716139 1620813413.474741
988038.535835 1818675.156982 1620813413.075106
988022.201623 1818700.135018 1620813415.924647
988023.297582 1818698.474807 1620813415.725684
988012.680004 1818721.444068 1620813418.975035
988012.771996 1818718.812502 1620813418.574861
988017.399315 1818731.642867 1620813420.824618
988018.344322 1818732.503797 1620813421.024601
988023.658794 1818736.568715 1620813422.024782
988035.286499 1818743.982996 1620813423.87405
988039.268417 1818746.446202 1620813424.475204
988036.617108 1818744.803678 1620813424.074057
988048.384657 1818752.44921 1620813425.92444
988055.622564 1818758.955478 1620813427.324489
988097.666837 1818792.558663 1620813435.974715
988103.099713 1818796.351936 1620813436.97445
988108.604765 1818800.307233 1620813437.974662
988114.401467 1818804.16118 1620813438.974544
988120.447903 1818808.026327 1620813439.974551
988118.018831 1818806.459235 1620813439.57453
988122.892081 1818809.638917 1620813440.374696
988168.527496 1818840.038531 1620813447.424582
988172.010681 1818842.962712 1620813448.024658
988179.219217 1818850.378387 1620813449.475457
988184.265614 1818855.852382 1620813450.874907
988185.807936 1818857.501821 1620813451.475317
988187.524743 1818859.322066 1620813452.476117
988187.974024 1818859.791839 1620813453.075224
988188.10198 1818859.945886 1620813454.124748
988188.127568 1818859.998356 1620813455.52504
988188.123204 1818859.987127 1620813455.124593
988188.452495 1818860.41681 1620813456.92388
988190.305167 1818863.261236 1620813458.523661
988190.888261 1818864.654561 1620813458.924219
988188.377785 1818879.79528 1620813461.92379
988185.494285 1818884.603081 1620813462.727272
988183.962755 1818887.031257 1620813463.123805
988175.598661 1818900.256915 1620813465.324848
988170.978191 1818907.377535 1620813466.524681
988166.863243 1818913.662973 1620813467.523697
988168.534563 1818911.103187 1620813467.124558
988152.434778 1818935.641607 1620813470.975029
988143.813239 1818948.720461 1620813472.975441
988140.969023 1818953.096673 1620813473.57508
988142.878056 1818950.155078 1620813473.174881
988130.640478 1818969.216517 1620813475.624935
988128.572527 1818972.483732 1620813476.024925
988119.997778 1818985.742621 1620813477.674345
988117.876198 1818988.739533 1620813478.074142
988116.797867 1818990.15746 1620813478.275377
988098.875309 1819003.464282 1620813481.523687
988092.822787 1819004.672338 1620813482.524218
988085.877615 1819004.44969 1620813483.524159
988088.76567 1819004.745927 1620813483.123918
987957.266662 1818957.325092 1620813498.575212
987959.124078 1818957.4221 1620813498.375052
987927.068341 1818956.956315 1620813502.624547
987922.903467 1818955.162404 1620813503.475427
987920.53863 1818953.110233 1620813504.075014
987918.205706 1818948.627859 1620813505.074661
987917.032464 1818940.761535 1620813506.524258
987916.71179 1818934.874948 1620813507.525013
987916.791604 1818937.300743 1620813507.124855
987917.185521 1818922.051777 1620813509.575049
987918.085139 1818915.571572 1620813510.574846
987917.63666 1818918.196051 1620813510.17512
987921.222199 1818905.762153 1620813512.024668
987921.846613 1818904.423367 1620813512.231381
987931.474043 1818888.664221 1620813514.675346
987932.273005 1818887.426959 1620813514.875464
987942.329227 1818871.787849 1620813517.524334
987940.870002 1818874.053684 1620813517.12484
987949.957875 1818860.219096 1620813519.574897
987953.835252 1818854.455597 1620813520.574787
987957.622999 1818848.785001 1620813521.575052
987959.137924 1818846.511498 1620813521.974874
987965.353392 1818837.108188 1620813523.574903
987963.777216 1818839.501426 1620813523.174934
987973.18228 1818825.199783 1620813525.624837
987972.447534 1818826.316625 1620813525.425414
987979.637845 1818815.176451 1620813527.476196
987982.954429 1818809.938232 1620813528.475146
987984.839964 1818806.80312 1620813529.074891
987989.404089 1818799.791854 1620813530.47526
987991.429966 1818797.070793 1620813531.075272
987992.797142 1818795.381808 1620813531.476272
987999.824832 1818789.054538 1620813533.476296
988003.472841 1818786.924441 1620813534.475341
988002.038606 1818787.696124 1620813534.075254
988010.999702 1818784.16406 1620813536.525163
988015.350743 1818782.955086 1620813537.525129
988013.56503 1818783.454583 1620813537.124864
988027.86256 1818779.753196 1620813539.97482
988024.544884 1818780.564952 1620813539.375114
988039.162507 1818777.090625 1620813542.02493
988044.51428 1818775.911811 1620813543.025039
988046.659135 1818775.448467 1620813543.424872
988055.218781 1818773.889707 1620813545.075121
988059.555923 1818773.80842 1620813545.875312
988064.049317 1818774.447581 1620813546.674583
988076.175508 1818780.107477 1620813548.925003
988079.297784 1818782.036742 1620813549.524898
988084.520573 1818785.423833 1620813550.525089
988089.801197 1818788.950486 1620813551.525159
988093.05203 1818791.117256 1620813552.123839
988100.576008 1818796.278094 1620813553.524991
988106.003697 1818799.873422 1620813554.525063
988111.575693 1818803.488276 1620813555.525143
988117.247359 1818807.081542 1620813556.525335
988123.001883 1818810.702104 1620813557.525415
988126.490405 1818812.9245 1620813558.124871
