988119.747022 1818810.162545 1620813080.922673
988119.746655 1818810.163448 1620813081.123308
988119.745596 1818810.170074 1620813082.123792
988123.06649 1818812.205396 1620813085.323844
988126.373207 1818814.298481 1620813086.373656
988131.163092 1818817.356165 1620813087.623993
988142.78846 1818824.594782 1620813090.023607
988151.935218 1818830.211016 1620813091.823716
988157.161132 1818833.412739 1620813092.824237
988152.966801 1818830.843379 1620813092.024074
988163.73434 1818837.557327 1620813094.023927
988168.15182 1818840.578205 1620813094.824807
988169.221598 1818841.368014 1620813095.024026
988185.021078 1818858.178575 1620813098.873109
988185.71452 1818858.799013 1620813099.07394
988186.065391 1818859.094699 1620813099.173722
988198.332636 1818858.113008 1620813102.923003
988200.92596 1818854.11888 1620813103.924124
988199.019356 1818857.027069 1620813103.233896
988207.024949 1818844.598475 1620813105.922748
988208.849946 1818841.652859 1620813106.474283
988208.175937 1818842.742799 1620813106.274712
988216.469509 1818829.168028 1620813108.573733
988215.688507 1818830.431091 1620813108.374367
988225.232483 1818816.118485 1620813110.573956
988228.920353 1818810.711895 1620813111.373723
988233.453255 1818803.836133 1620813112.373982
988234.363897 1818802.444847 1620813112.574129
988237.999512 1818796.821651 1620813113.374119
988248.76755 1818780.765655 1620813115.624008
988249.512705 1818779.669937 1620813115.7741
988254.046192 1818772.908504 1620813116.673423
988268.90259 1818750.495667 1620813119.823668
988269.916204 1818748.905319 1620813120.074306
988271.738556 1818746.05775 1620813120.523045
988285.482641 1818722.863755 1620813124.12378
988288.393276 1818716.425447 1620813125.123632
988291.040774 1818709.443134 1620813126.123574
988292.495667 1818702.851068 1620813126.974065
988293.658392 1818691.025312 1620813128.373734
988293.665524 1818680.686138 1620813129.523196
988292.965239 1818672.818236 1620813130.373816
988291.048367 1818663.516612 1620813131.373784
988290.524803 1818661.670763 1620813131.573949
988288.074274 1818654.317178 1620813132.374245
988284.859729 1818646.646576 1620813133.235568
988266.216191 1818620.827814 1620813136.423849
988264.722035 1818619.446557 1620813136.623862
988258.339556 1818614.248015 1620813137.424777
988239.786479 1818601.878517 1620813139.523888
988234.900068 1818598.658357 1620813140.07413
988231.730666 1818596.588539 1620813140.423798
988213.114664 1818584.555451 1620813142.424393
988189.391848 1818569.080689 1620813144.973962
988180.708831 1818563.45312 1620813145.924177
988187.559961 1818567.88415 1620813145.174892
988178.45451 1818561.992547 1620813146.173918
988169.707022 1818556.261552 1620813147.173851
988155.661086 1818547.163281 1620813149.023829
988147.3525 1818541.860947 1620813150.424102
988140.014086 1818537.139296 1620813151.674492
988139.08297 1818536.536998 1620813151.823968
988137.179124 1818535.297977 1620813152.123945
988119.466421 1818523.789007 1620813154.874201
988113.579154 1818519.940542 1620813155.874158
988107.254374 1818515.772514 1620813156.874273
988109.554706 1818517.289703 1620813156.524054
988097.639823 1818509.421274 1620813158.237584
988095.183225 1818507.792847 1620813158.573992
988071.237341 1818492.245992 1620813162.974101
988075.385479 1818494.876712 1620813162.27453
988064.194479 1818487.980379 1620813164.023879
988050.464904 1818481.710174 1620813165.773253
988044.323621 1818479.904434 1620813166.47438
988034.698541 1818478.142613 1620813167.523938
988031.38422 1818477.783771 1620813167.874297
988011.361111 1818476.611696 1620813169.924456
988007.873685 1818476.372727 1620813170.274444
987964.103587 1818464.663126 1620813175.674324
987955.550098 1818461.295155 1620813178.023891
987951.707051 1818460.928744 1620813179.37464
987943.728477 1818464.755339 1620813181.673295
987941.263139 1818467.944247 1620813182.374217
987937.161508 1818473.456132 1620813183.374141
987935.724998 1818475.653547 1620813183.724234
987926.334324 1818490.193693 1620813185.774061
987922.756457 1818495.746098 1620813186.474315
987917.506517 1818503.910113 1620813187.474463
987915.889254 1818506.408131 1620813187.773943
987904.320985 1818524.246418 1620813189.874645
987900.756308 1818529.860714 1620813190.523056
987902.665271 1818526.849015 1620813190.173828
987884.954972 1818554.549882 1620813194.323985
987883.049501 1818557.374957 1620813202.37402
987882.930177 1818557.550924 1620813203.373218
987882.156361 1818558.759417 1620813204.37411
987880.824175 1818560.840675 1620813205.374275
987878.90327 1818563.798244 1620813206.374216
987876.542774 1818567.561611 1620813207.373981
987873.698759 1818572.300213 1620813208.37407
987870.483935 1818577.880996 1620813209.373885
987867.097858 1818584.011814 1620813210.374246
987863.620986 1818590.648157 1620813211.374014
987859.840886 1818598.153304 1620813212.424166
987861.12197 1818595.605352 1620813212.074427
987846.932795 1818624.250905 1620813215.774281
987844.277678 1818629.680476 1620813216.474421
987845.591098 1818626.990053 1620813216.123834
987834.443868 1818650.042846 1620813219.233463
987795.20919 1818729.310812 1620813229.974314
987791.394211 1818736.727572 1620813230.97413
987790.014804 1818739.399703 1620813231.323077
987783.090026 1818752.426018 1620813232.974274
987778.588798 1818760.086687 1620813233.974018
987774.13732 1818767.406225 1620813234.974354
987769.670107 1818774.520467 1620813235.974198
987772.607562 1818769.836359 1620813235.323437
987768.070343 1818777.061532 1620813236.323257
987756.385534 1818794.931957 1620813238.726356
987753.086312 1818799.878687 1620813239.374134
987746.394214 1818809.880632 1620813240.726941
987743.24132 1818814.598574 1620813241.374349
987738.353747 1818821.849218 1620813242.37442
987739.839541 1818819.652212 1620813242.073712
987731.3715 1818831.804996 1620813243.724992
987720.273469 1818847.048327 1620813245.774408
987724.108933 1818841.814515 1620813245.074985
987712.842187 1818856.755992 1620813247.074178
987702.573194 1818869.308879 1620813248.777353
987700.744453 1818871.427266 1620813249.07451
987647.619449 1818926.356859 1620813257.474741
987638.214571 1818934.738803 1620813258.824497
987623.581564 1818947.065013 1620813261.12411
987617.334641 1818954.548185 1620813262.824719
987616.618235 1818957.951415 1620813263.524773
987616.825261 1818956.225074 1620813263.17441
987617.123318 1818961.080279 1620813264.174589
987688.806934 1819009.866313 1620813275.923354
987695.20341 1819014.062501 1620813276.974333
987699.699329 1819017.005325 1620813277.674914
987704.464446 1819020.137842 1620813278.424155
987710.467407 1819024.00038 1620813279.424353
987708.470835 1819022.698638 1620813279.074697
987747.052609 1819042.753253 1620813285.524529
987744.649507 1819042.595649 1620813285.124094
987761.215893 1819038.584778 1620813287.924463
987766.761632 1819034.474279 1620813288.924179
987772.074011 1819030.028535 1620813289.923418
987768.654249 1819032.930425 1620813289.274645
987783.177521 1819020.406195 1620813291.924397
987789.347466 1819015.187543 1620813292.923374
987791.607156 1819013.264971 1620813293.274776
987793.903704 1819011.281429 1620813293.624271
987805.650408 1819001.078467 1620813295.323306
987810.759715 1818996.793218 1620813296.024465
987821.789213 1818988.686319 1620813297.424632
987830.227594 1818983.148788 1620813298.42428
987838.996568 1818977.905927 1620813299.424665
987848.089519 1818973.151403 1620813300.424389
987857.675788 1818968.868987 1620813301.424237
987867.667417 1818965.105181 1620813302.42414
987877.633366 1818961.848688 1620813303.424214
987884.031555 1818960.015605 1620813304.074657
987893.813825 1818957.794687 1620813305.123264
987911.118446 1818954.897273 1620813307.52448
987913.335062 1818954.633627 1620813307.874367
987928.114849 1818953.547604 1620813309.924163
987925.347294 1818953.706337 1620813309.574604
987939.502074 1818953.017318 1620813311.27494
987955.296073 1818953.212483 1620813313.024236
987961.367642 1818953.711755 1620813313.67553
987978.191733 1818955.78704 1620813315.424268
987987.957293 1818957.640372 1620813316.424319
987985.040684 1818957.03516 1620813316.124368
988011.035486 1818964.023608 1620813318.824282
988004.827989 1818962.015071 1620813318.174618
988014.354598 1818965.207116 1620813319.174774
988039.057027 1818977.007082 1620813321.923515
988036.521147 1818975.488939 1620813321.624145
988041.946343 1818978.795622 1620813322.274632
988055.731516 1818987.619312 1620813324.024027
988063.279136 1818992.131521 1620813325.025188
988081.626409 1818999.147006 1620813327.424545
988079.288445 1818998.564469 1620813327.123443
988097.968553 1818998.867971 1620813329.524396
988106.597444 1818994.808923 1620813330.875
988104.580358 1818996.113722 1620813330.524682
988116.699725 1818983.084626 1620813332.924454
988118.626319 1818980.062699 1620813333.32461
988125.762856 1818969.009409 1620813334.674908
988127.750648 1818966.031988 1620813335.02438
988129.776605 1818962.971155 1620813335.374583
988142.285653 1818943.884087 1620813337.424601
988148.904298 1818933.685058 1620813338.474883
988155.301617 1818923.728218 1620813339.52442
988153.185481 1818927.003844 1620813339.17458
988168.674477 1818903.162145 1620813341.924356
988173.044769 1818896.487416 1620813342.974286
988171.701015 1818898.545573 1620813342.62443
988174.161696 1818894.784886 1620813343.274664
988185.817084 1818877.027935 1620813346.374398
988188.717363 1818872.633946 1620813347.025615
988195.234438 1818862.726637 1620813348.424191
988196.731745 1818860.44185 1620813348.775523
988203.347855 1818850.272035 1620813350.424556
988202.115253 1818852.168525 1620813350.123712
988216.163023 1818830.670214 1620813353.174875
988218.291462 1818827.430207 1620813353.574798
988231.820654 1818806.922191 1620813355.923549
988236.116928 1818800.39048 1620813356.624612
988233.957471 1818803.675982 1620813356.275435
988248.574744 1818781.61111 1620813358.674927
988252.941281 1818775.086825 1620813359.424731
988258.469672 1818766.693135 1620813360.424454
988256.856734 1818769.150712 1620813360.124343
988261.976529 1818761.316092 1620813361.123308
988266.31439 1818754.552745 1620813362.124758
988278.223435 1818735.652481 1620813364.924571
988291.07686 1818707.400776 1620813368.725752
988292.41458 1818701.49491 1620813369.374743
988293.797441 1818691.042887 1620813370.475439
988293.922501 1818681.133242 1620813371.475363
988292.914169 1818671.069968 1620813372.475042
988290.698766 1818661.073818 1620813373.475263
988287.406671 1818651.382153 1620813374.475417
988283.108392 1818642.324756 1620813375.47525
988277.831362 1818633.843459 1620813376.475198
988271.560641 1818625.992868 1620813377.475224
988264.709484 1818619.201058 1620813378.424486
988256.17192 1818612.584442 1620813379.475233
988247.489168 1818606.815972 1620813380.47515
988238.35214 1818600.955674 1620813381.47471
988241.593528 1818603.033982 1620813381.124845
988225.667113 1818592.612363 1620813382.824678
988209.162446 1818581.658051 1620813384.524043
988174.353978 1818559.119438 1620813387.97471
988177.809535 1818561.366521 1620813387.624632
988161.893321 1818551.050003 1620813389.374652
988159.214636 1818549.319724 1620813389.726785
988156.748097 1818547.731415 1620813390.074906
988125.727422 1818541.188381 1620813396.124382
988118.652423 1818551.610931 1620813398.124558
988114.825971 1818557.618958 1620813399.124593
988103.388137 1818575.437897 1620813401.574661
988101.842764 1818577.809943 1620813401.875028
988090.526497 1818594.959754 1620813403.974659
988084.986105 1818603.459215 1620813404.974679
988080.826928 1818609.913528 1620813405.725706
988078.888352 1818612.943788 1620813406.074955
988073.256678 1818621.688009 1620813407.074328
988067.515333 1818630.504341 1620813408.073879
988061.691649 1818639.415851 1620813409.074331
988055.815545 1818648.386705 1620813410.075124
988049.98514 1818657.403333 1620813411.074882
988041.970224 1818669.833269 1620813412.475601
988036.228705 1818678.716139 1620813413.474741
988038.247485 1818675.601264 1620813413.12464
988022.471906 1818699.724032 1620813415.87485
988024.420768 1818696.785868 1620813415.523518
988012.680004 1818721.444068 1620813418.975035
988012.735492 1818719.145475 1620813418.624418
988016.956194 1818731.189993 1620813420.725924
988018.588485 1818732.713106 1620813421.0742
988023.952267 1818736.766093 1620813422.075086
988034.627068 1818743.572373 1620813423.774546
988039.268417 1818746.446202 1620813424.475204
988037.281099 1818745.216925 1620813424.174581
988048.091783 1818752.235509 1620813425.874932
988055.172742 1818758.465111 1620813427.231197
988097.666837 1818792.558663 1620813435.974715
988103.099713 1818796.351936 1620813436.97445
988108.604765 1818800.307233 1620813437.974662
988114.401467 1818804.16118 1620813438.974544
988120.447903 1818808.026327 1620813439.974551
988118.623569 1818806.847363 1620813439.676178
988122.585494 1818809.435289 1620813440.324018
988168.223427 1818839.805371 1620813447.37465
988172.285135 1818843.213016 1620813448.0752
988179.219217 1818850.378387 1620813449.475457
988184.119566 1818855.695125 1620813450.825033
988185.807936 1818857.501821 1620813451.475317
988187.524743 1818859.322066 1620813452.476117
988187.996086 1818859.814879 1620813453.124825
988188.102337 1818859.947487 1620813454.174521
988188.127072 1818859.997019 1620813455.475317
988188.124344 1818859.989148 1620813455.174839
988188.401061 1818860.351601 1620813456.824621
988190.222583 1818863.101305 1620813458.475671
988190.75701 1818864.283795 1620813458.824943
988188.704993 1818879.200413 1620813461.824857
988184.923196 1818885.510838 1620813462.875188
988183.769964 1818887.338219 1620813463.175287
988176.157553 1818899.379121 1620813465.174662
988170.978191 1818907.377535 1620813466.524681
988167.073209 1818913.340185 1620813467.474887
988168.326619 1818911.420178 1620813467.174981
988152.637518 1818935.332435 1620813470.925182
988144.045573 1818948.365911 1620813472.924878
988140.969023 1818953.096673 1620813473.57508
988142.642742 1818950.516743 1620813473.237878
988130.384792 1818969.623754 1620813475.675286
988128.831989 1818972.075624 1620813475.974904
988119.4746 1818986.505799 1620813477.774899
988117.607419 1818989.099833 1620813478.125649
988115.702659 1818991.505656 1620813478.4752
988099.16453 1819003.36853 1620813481.475649
988092.822787 1819004.672338 1620813482.524218
988085.877615 1819004.44969 1620813483.524159
988088.41445 1819004.723581 1620813483.175397
987957.266662 1818957.325092 1620813498.575212
987960.525192 1818957.505581 1620813498.23168
987926.803184 1818956.891884 1620813502.67524
987923.127432 1818955.304468 1620813503.424788
987920.53863 1818953.110233 1620813504.075014
987918.13283 1818948.377154 1620813505.124062
987917.059633 1818941.058075 1620813506.475146
987916.71179 1818934.874948 1620813507.525013
987916.776228 1818936.994142 1620813507.174931
987917.185521 1818922.051777 1620813509.575049
987918.085139 1818915.571572 1620813510.574846
987917.683432 1818917.869683 1620813510.231116
987921.222199 1818905.762153 1620813512.024668
987922.349506 1818903.425626 1620813512.374952
987931.874341 1818888.044675 1620813514.774894
987933.266192 1818885.891413 1620813515.124753
987942.329227 1818871.787849 1620813517.524334
987941.053067 1818873.76798 1620813517.174836
987949.957875 1818860.219096 1620813519.574897
987953.835252 1818854.455597 1620813520.574787
987957.622999 1818848.785001 1620813521.575052
987958.947442 1818846.798119 1620813521.924805
987965.550063 1818836.808665 1620813523.62484
987964.170506 1818838.90587 1620813523.275348
987973.364265 1818824.921342 1620813525.675247
987972.073179 1818826.877516 1620813525.324812
987979.468604 1818815.443512 1620813527.424957
987982.797929 1818810.198151 1620813528.424908
987985.000541 1818806.543445 1620813529.124957
987989.404089 1818799.791854 1620813530.47526
987991.600874 1818796.855292 1620813531.124777
987992.797142 1818795.381808 1620813531.476272
987999.824832 1818789.054538 1620813533.476296
988003.472841 1818786.924441 1620813534.475341
988002.216867 1818787.593416 1620813534.123858
988010.999702 1818784.16406 1620813536.525163
988015.350743 1818782.955086 1620813537.525129
988013.786399 1818783.393951 1620813537.174615
988027.86256 1818779.753196 1620813539.97482
988024.002729 1818780.695906 1620813539.275325
988039.162507 1818777.090625 1620813542.02493
988044.51428 1818775.911811 1620813543.025039
988046.390295 1818775.50575 1620813543.374829
988055.218781 1818773.889707 1620813545.075121
988059.000124 1818773.779111 1620813545.774887
988064.615177 1818774.588009 1620813546.776002
988075.915865 1818779.948925 1620813548.875394
988079.297784 1818782.036742 1620813549.524898
988084.520573 1818785.423833 1620813550.525089
988089.801197 1818788.950486 1620813551.525159
988093.325028 1818791.301054 1620813552.175116
988100.576008 1818796.278094 1620813553.524991
988106.003697 1818799.873422 1620813554.525063
988111.575693 1818803.488276 1620813555.525143
988117.247359 1818807.081542 1620813556.525335
988123.001883 1818810.702104 1620813557.525415
988127.064382 1818813.293393 1620813558.231405
