353392.960337 4026179.390004 1620784541.766643
353392.961362 4026179.390958 1620784541.966551
353392.978241 4026179.39984 1620784544.416218
353393.323089 4026179.593644 1620784545.416878
353394.72668 4026180.406248 1620784546.865722
353394.243778 4026180.124475 1620784546.466681
353395.285151 4026180.733526 1620784547.265801
353403.860438 4026186.636454 1620784550.916489
353406.794263 4026189.285947 1620784551.966468
353404.412897 4026187.107648 1620784551.116508
353411.829908 4026193.80101 1620784553.566718
353410.481628 4026192.613519 1620784553.167295
353419.801302 4026202.17959 1620784555.816872
353419.024176 4026201.444543 1620784555.617078
353429.467416 4026210.384166 1620784558.467092
353432.772438 4026212.371042 1620784559.46577
353435.981783 4026213.471462 1620784560.465707
353440.717458 4026212.860832 1620784561.866954
353443.632563 4026210.482633 1620784562.866202
353446.257048 4026206.833472 1620784563.916488
353448.365247 4026202.708459 1620784564.916548
353450.903161 4026198.375549 1620784565.766688
353451.546404 4026197.278204 1620784565.966468
353458.731483 4026185.063719 1620784567.966354
353456.448773 4026188.925849 1620784567.366417
353464.818232 4026175.161872 1620784569.417019
353469.68702 4026167.998668 1620784570.417094
353476.976206 4026157.565665 1620784571.866305
353476.064973 4026158.968609 1620784571.666647
353486.013288 4026143.382046 1620784573.916927
353487.777819 4026140.548245 1620784574.316522
353488.656447 4026139.146413 1620784574.517565
353502.702747 4026116.773042 1620784577.817163
353506.71181 4026110.402262 1620784578.816981
353508.988428 4026106.795656 1620784579.418654
353514.156542 4026098.447156 1620784580.865793
353514.696278 4026097.57253 1620784581.025382
353521.623261 4026086.023275 1620784582.916404
353522.337756 4026084.823135 1620784583.116534
353533.642067 4026059.797467 1620784586.966432
353532.791254 4026062.716763 1620784586.566405
353536.306677 4026045.545557 1620784588.816396
353536.419537 4026044.352335 1620784588.966309
353528.8041 4026004.978775 1620784593.866507
353528.081717 4026003.410065 1620784594.066102
353519.744632 4025989.083284 1620784595.916418
353513.835847 4025981.744787 1620784596.916939
353516.305173 4025984.609864 1620784596.518314
353499.970648 4025969.293941 1620784598.916422
353502.976322 4025971.518658 1620784598.517536
353488.85373 4025961.249827 1620784600.366511
353490.459636 4025962.29874 1620784600.16659
353420.440442 4025916.683383 1620784608.416997
353418.725643 4025915.605586 1620784608.617073
353400.377467 4025903.827206 1620784610.86604
353396.241446 4025901.127869 1620784611.466725
353398.938247 4025902.889738 1620784611.066743
353382.537504 4025892.258485 1620784613.916428
353381.463745 4025891.556093 1620784614.116706
353380.38276 4025890.854811 1620784614.316666
353368.620496 4025883.282907 1620784616.366591
353360.579725 4025878.025986 1620784617.817185
353359.521247 4025877.328497 1620784618.030623
353351.957702 4025872.358656 1620784619.466281
353346.254567 4025868.60622 1620784620.4658
353340.009304 4025864.548629 1620784621.465844
353333.464215 4025860.342678 1620784622.465468
353336.06945 4025862.026258 1620784622.065709
353329.650436 4025857.894109 1620784623.065629
353294.027394 4025837.90771 1620784628.516955
353290.628463 4025836.607253 1620784628.915885
353287.136156 4025835.468491 1620784629.314911
353233.413115 4025830.358795 1620784634.965627
353237.154873 4025830.800003 1620784634.565732
353227.925612 4025829.491132 1620784635.565593
353217.071377 4025826.645696 1620784636.815962
353199.405529 4025819.052909 1620784639.464573
353191.702114 4025817.29943 1620784640.91571
353186.583807 4025818.631983 1620784641.915019
353190.649439 4025817.365258 1620784641.115208
353179.639974 4025825.543444 1620784643.564852
353178.898381 4025826.703577 1620784643.764937
353166.14643 4025847.787137 1620784646.815325
353163.331497 4025852.385005 1620784647.414165
353165.216012 4025849.312149 1620784647.024722
353156.35734 4025863.788482 1620784648.864679
353155.384686 4025865.386051 1620784649.064738
353127.144086 4025908.717178 1620784654.515807
353125.317962 4025911.635127 1620784654.914362
353124.41471 4025913.075966 1620784655.114272
353112.138661 4025933.681266 1620784657.964019
353107.863731 4025941.813872 1620784658.964086
353103.741808 4025950.294669 1620784659.963774
353106.202888 4025945.15918 1620784659.363922
353102.115813 4025953.785482 1620784660.363764
353093.646539 4025971.875646 1620784662.414651
353089.657727 4025980.319021 1620784663.413202
353085.622216 4025988.798134 1620784664.463974
353081.927554 4025996.505704 1620784665.463824
353083.388282 4025993.463428 1620784665.062406
353067.332243 4026027.705238 1620784669.514201
353068.085193 4026026.0794 1620784669.313778
353051.94973 4026060.3804 1620784673.56361
353047.105807 4026070.53977 1620784674.813206
353044.848982 4026075.22736 1620784675.413718
353046.349698 4026072.113039 1620784675.02292
353037.453066 4026090.339585 1620784677.463759
353034.398326 4026096.381441 1620784678.262812
353031.138147 4026102.675297 1620784679.064075
353023.06069 4026117.537589 1620784680.913825
353018.538196 4026125.530387 1620784681.913941
353013.872879 4026133.373612 1620784682.913786
353015.755428 4026130.229073 1620784682.514013
353003.781764 4026149.556525 1620784684.963667
352998.658203 4026157.54704 1620784685.963798
353000.710349 4026154.355601 1620784685.56406
352997.623621 4026159.146841 1620784686.163821
352982.907138 4026181.670036 1620784689.023786
352980.818339 4026184.771623 1620784689.414093
352977.680888 4026189.419626 1620784690.024116
352964.767306 4026208.015377 1620784692.463953
352959.367535 4026215.334074 1620784693.463951
352953.923617 4026222.517227 1620784694.46411
352951.788185 4026225.272072 1620784694.863365
352941.08754 4026238.34742 1620784696.914141
352936.862869 4026243.302074 1620784697.713787
352930.339283 4026250.705912 1620784698.914097
352924.807567 4026256.728299 1620784699.963866
352919.455311 4026262.38341 1620784700.963753
352913.879095 4026268.19847 1620784701.963816
352907.931256 4026274.294893 1620784702.964823
352911.257743 4026270.908144 1620784702.414397
352905.137619 4026277.095751 1620784703.413537
352885.514167 4026295.61452 1620784706.463133
352888.397772 4026293.024606 1620784706.023518
352870.812945 4026308.369598 1620784708.914081
352869.766628 4026309.307824 1620784709.114281
352868.786093 4026310.228601 1620784709.313894
352876.546191 4026331.97105 1620784714.964118
352874.368377 4026330.732148 1620784714.564075
352880.020173 4026334.020479 1620784715.563805
352886.682482 4026338.020114 1620784716.614564
352912.080087 4026353.986266 1620784720.064504
352919.525826 4026358.868856 1620784721.063328
352922.405843 4026360.824121 1620784721.463614
352935.687646 4026369.863514 1620784723.514859
352934.467063 4026369.070815 1620784723.314197
352950.90823 4026379.659533 1620784725.964255
352948.343693 4026378.0101 1620784725.565408
352952.171758 4026380.469331 1620784726.164043
352963.478235 4026387.630292 1620784728.023742
352969.46405 4026391.356082 1620784729.025254
352971.817078 4026392.814558 1620784729.414996
352995.798196 4026402.298859 1620784733.463639
353002.053786 4026401.308163 1620784734.463603
353008.143293 4026398.735843 1620784735.464345
353013.852408 4026394.747702 1620784736.464362
353019.344229 4026390.086723 1620784737.463752
353024.830983 4026385.105467 1620784738.464704
353030.479692 4026379.868908 1620784739.463567
353028.172346 4026381.997521 1620784739.063775
353039.41547 4026371.71965 1620784740.914172
353040.714383 4026370.540524 1620784741.114379
353060.665469 4026353.185345 1620784743.963896
353068.156387 4026347.491844 1620784744.963741
353065.119024 4026349.737437 1620784744.564439
353073.212072 4026343.958885 1620784745.614168
353084.278289 4026337.011136 1620784747.024266
353087.529182 4026335.160381 1620784747.414166
353107.018958 4026325.522138 1620784749.663074
353112.47315 4026323.314078 1620784750.266537
353123.229534 4026319.480304 1620784751.464383
353131.983941 4026316.822767 1620784752.464286
353140.541206 4026314.722414 1620784753.463396
353148.909212 4026313.064088 1620784754.464645
353157.107516 4026311.777749 1620784755.463989
353153.799846 4026312.271529 1620784755.063634
353173.296928 4026310.096639 1620784757.516969
353181.739583 4026309.571002 1620784758.515023
353190.764529 4026309.045158 1620784759.515125
353187.10137 4026309.244965 1620784759.114659
353210.025464 4026309.082188 1620784761.564433
353213.824406 4026309.316836 1620784761.964506
353227.770048 4026310.962248 1620784763.414921
353233.631407 4026311.978881 1620784764.024405
353243.382404 4026314.102179 1620784765.024851
353253.095332 4026316.747269 1620784766.0243
353266.213309 4026322.235598 1620784767.464601
353264.48309 4026321.429488 1620784767.263571
353286.890106 4026333.678589 1620784769.914763
353291.885465 4026336.514777 1620784770.516532
353288.566096 4026334.624019 1620784770.114693
353309.505159 4026345.592506 1620784772.564703
353312.940833 4026347.175175 1620784772.964927
353314.650918 4026347.933305 1620784773.164734
353330.275257 4026353.034085 1620784775.027928
353338.580157 4026353.552994 1620784776.029482
353350.802904 4026349.961832 1620784777.664662
353355.322552 4026346.742085 1620784778.46422
353353.166821 4026348.490137 1620784778.06494
353364.387568 4026334.770152 1620784780.517194
353368.833043 4026328.017975 1620784781.517947
353367.03807 4026330.766961 1620784781.113871
353394.711785 4026287.441981 1620784786.964897
353397.506662 4026282.999569 1620784787.565927
353396.581818 4026284.47889 1620784787.365132
353404.293669 4026272.167582 1620784789.028395
353405.223615 4026270.677493 1620784789.215579
353420.114109 4026246.814044 1620784792.465385
353424.398195 4026240.051466 1620784793.465055
353428.436397 4026233.56722 1620784794.464658
353426.837056 4026236.131931 1620784794.065968
353483.227448 4026146.289905 1620784806.91572
353484.290984 4026144.667649 1620784807.115608
353493.979518 4026129.63497 1620784808.965295
353495.019982 4026128.000505 1620784809.165283
353511.852473 4026101.479762 1620784812.615622
353513.601191 4026098.680171 1620784813.028507
353521.579783 4026085.63113 1620784814.86609
353522.385202 4026084.255473 1620784815.065212
353526.106996 4026077.504967 1620784816.065494
353529.334218 4026070.759645 1620784817.065516
353530.523735 4026067.896121 1620784817.465695
353536.404193 4026047.175639 1620784820.115899
353536.607642 4026045.587099 1620784820.315363
353533.953201 4026017.276971 1620784823.965565
353533.577587 4026015.876922 1620784824.166443
353529.426253 4026003.633121 1620784826.028541
353524.995591 4025994.418225 1620784827.466017
353521.316765 4025988.418525 1620784828.466153
353517.185252 4025982.7168 1620784829.467168
353518.663159 4025984.68243 1620784829.115579
353501.372852 4025967.045483 1620784832.517731
353495.158787 4025962.542627 1620784833.565594
353493.927272 4025961.722156 1620784833.765566
353456.364531 4025938.042639 1620784839.416351
353457.756352 4025938.893871 1620784839.216853
353445.057405 4025931.126527 1620784841.029063
353438.115244 4025926.749113 1620784842.032934
353431.037957 4025922.384708 1620784843.030379
353423.801474 4025917.958637 1620784844.030693
353416.315853 4025913.347968 1620784845.0663
353409.191411 4025908.775337 1620784846.065622
353402.254214 4025904.371398 1620784847.066463
353395.610246 4025900.249929 1620784848.066482
353377.802148 4025889.189371 1620784850.91591
353373.968373 4025886.738795 1620784851.517544
353376.521897 4025888.377635 1620784851.118217
353365.019654 4025880.992306 1620784852.965888
353343.652971 4025867.432607 1620784856.815317
353342.467795 4025866.682052 1620784857.026505
353336.397179 4025862.882022 1620784858.025316
353330.457264 4025859.116487 1620784859.026134
353321.806579 4025853.635417 1620784860.616023
353319.774962 4025852.351779 1620784861.025272
353314.627182 4025849.168219 1620784862.026078
353312.48383 4025847.879235 1620784862.416558
353289.198701 4025836.127438 1620784866.065389
353281.667075 4025834.064593 1620784867.065524
353266.957789 4025832.478266 1620784868.915914
353262.049674 4025832.259899 1620784869.520804
353257.154264 4025832.064463 1620784870.115184
353237.325667 4025831.110551 1620784872.56611
353229.655496 4025830.227362 1620784873.566668
353232.704363 4025830.660298 1620784873.165974
353219.070897 4025827.735442 1620784875.025768
353197.425842 4025818.962062 1620784879.066535
353194.90765 4025818.621931 1620784880.065641
353192.964652 4025818.748597 1620784881.065833
353191.598469 4025819.033229 1620784882.065934
353191.186715 4025819.141784 1620784883.0653
353191.182865 4025819.14862 1620784884.916435
353191.183872 4025819.147146 1620784884.715194
