988148.26235 1818826.084226 1620784541.716369
988148.264191 1818826.085773 1620784542.026174
988148.280486 1818826.094621 1620784544.416218
988148.622192 1818826.29371 1620784545.416878
988150.012628 1818827.127816 1620784546.865722
988149.590473 1818826.872561 1620784546.51762
988150.491863 1818827.418408 1620784547.216041
988159.046141 1818833.497591 1620784550.916489
988161.937694 1818836.19167 1620784551.966468
988159.999885 1818834.349728 1620784551.26557
988167.245332 1818841.094171 1620784553.666686
988165.252194 1818839.27792 1620784553.066131
988174.739494 1818849.282553 1620784555.816872
988174.547892 1818849.096694 1620784555.76648
988184.44935 1818857.748782 1620784558.51783
988187.54739 1818859.671707 1620784559.46577
988190.909801 1818860.85278 1620784560.517554
988195.481806 1818860.284759 1620784561.866954
988198.432765 1818857.95275 1620784562.866202
988201.249946 1818854.159232 1620784563.96651
988203.284458 1818850.25504 1620784564.916548
988205.726462 1818846.230438 1620784565.717449
988206.715984 1818844.600248 1620784566.026057
988213.920946 1818832.778013 1620784567.966354
988211.579088 1818836.603221 1620784567.366417
988220.159253 1818822.974469 1620784569.417019
988225.137506 1818815.889613 1620784570.417094
988232.586049 1818805.573795 1620784571.866305
988232.586049 1818805.573795 1620784571.866305
988242.060457 1818791.182636 1620784573.966517
988243.42416 1818789.081176 1620784574.266533
988245.00039 1818786.6544 1620784574.616795
988258.295467 1818766.175392 1620784577.666597
988262.651182 1818759.506565 1620784578.715652
988265.184567 1818755.604757 1620784579.366553
988270.305434 1818747.628918 1620784580.766353
988271.592893 1818745.60578 1620784581.116537
988278.146355 1818735.049567 1620784582.866634
988279.429421 1818732.968521 1620784583.215648
988290.639649 1818709.089265 1620784586.91635
988289.971981 1818711.271116 1620784586.617185
988293.536785 1818695.308205 1620784588.716298
988293.807745 1818692.928061 1620784589.029767
988287.102898 1818654.641504 1620784593.766481
988285.886391 1818651.877051 1620784594.116342
988278.222496 1818638.203968 1620784595.86771
988272.163577 1818630.391818 1620784596.916939
988274.293276 1818632.92764 1620784596.566592
988258.497047 1818617.730238 1620784598.916422
988261.467024 1818620.000816 1620784598.517536
988247.906197 1818609.783909 1620784600.316728
988248.303621 1818610.054054 1620784600.266846
988180.238621 1818564.180517 1620784608.366297
988177.69423 1818562.523351 1620784608.665861
988160.325668 1818550.987584 1620784610.816655
988155.866007 1818547.978226 1620784611.466725
988158.187897 1818549.547551 1620784611.116353
988142.571192 1818539.076522 1620784613.866174
988140.976048 1818538.00021 1620784614.166391
988140.707404 1818537.820263 1620784614.216975
988128.822043 1818529.898977 1620784616.316431
988121.127986 1818524.706443 1620784617.717875
988119.529413 1818523.617317 1620784618.030623
988112.045934 1818518.531838 1620784619.466281
988106.40325 1818514.69221 1620784620.4658
988100.223383 1818510.539119 1620784621.465844
988093.746108 1818506.233066 1620784622.465468
988095.99977 1818507.739456 1620784622.120778
988089.672943 1818503.551839 1620784623.116184
988054.672723 1818483.193849 1620784628.516955
988051.722794 1818482.0014 1620784628.865624
988048.698933 1818480.931924 1620784629.215897
987994.198601 1818474.706053 1620784634.965627
987997.461826 1818475.147378 1620784634.615465
987988.278413 1818473.66096 1620784635.616336
987978.748414 1818471.031987 1620784636.715374
987960.379506 1818462.876079 1620784639.464573
987952.706243 1818461.003579 1620784640.91571
987947.569166 1818462.256109 1620784641.915019
987951.133058 1818461.125073 1620784641.215557
987940.331419 1818469.339524 1620784643.615482
987940.142132 1818469.62574 1620784643.664329
987927.159119 1818490.336207 1620784646.71474
987923.801235 1818495.635127 1620784647.414165
987925.73278 1818492.59271 1620784647.024722
987916.901288 1818506.532567 1620784648.815002
987915.403862 1818508.90341 1620784649.114556
987886.752285 1818551.383795 1620784654.515807
987884.881516 1818554.27227 1620784654.914362
987883.493979 1818556.411557 1620784655.214316
987871.36467 1818576.105317 1620784657.964019
987866.965001 1818584.168431 1620784658.964086
987862.712871 1818592.581982 1620784659.963774
987865.466439 1818587.066807 1620784659.313934
987861.243033 1818595.611838 1620784660.313885
987852.286117 1818613.997956 1620784662.414651
987848.167628 1818622.376167 1620784663.413202
987844.001903 1818630.789376 1620784664.463974
987840.188885 1818638.43663 1620784665.463824
987841.316935 1818636.178147 1620784665.163803
987824.917792 1818669.802127 1620784669.563777
987826.282511 1818666.980507 1620784669.214067
987809.02824 1818702.229719 1620784673.614296
987804.622149 1818711.113402 1620784674.713653
987801.901224 1818716.552437 1620784675.413718
987803.255519 1818713.851729 1620784675.064139
987794.273303 1818731.544037 1620784677.463759
987791.530629 1818736.770975 1620784678.16369
987787.335537 1818744.569847 1620784679.163764
987779.463785 1818758.508138 1620784680.913825
987774.818814 1818766.427646 1620784681.913941
987770.033398 1818774.195419 1620784682.913786
987771.720354 1818771.474789 1620784682.563829
987759.694659 1818790.215422 1620784684.963667
987754.448883 1818798.123308 1620784685.963798
987756.287566 1818795.362618 1620784685.613834
987752.598644 1818800.895516 1620784686.312847
987738.063846 1818822.373955 1620784689.06296
987736.192765 1818825.060406 1620784689.414093
987732.716629 1818830.040892 1620784690.064166
987719.512768 1818848.407157 1620784692.514368
987714.275208 1818855.278 1620784693.463951
987708.448613 1818862.719934 1620784694.514186
987706.814632 1818864.758095 1620784694.813173
987695.644556 1818877.99861 1620784696.914141
987690.522371 1818883.811229 1620784697.863637
987684.434231 1818890.479298 1620784698.963896
987679.085146 1818896.119578 1620784699.963866
987673.647048 1818901.689386 1620784700.963753
987667.982589 1818907.415603 1620784701.963816
987661.630781 1818913.722256 1620784703.024177
987665.621076 1818909.783129 1620784702.363949
987659.423941 1818915.866704 1620784703.363895
987639.202412 1818934.380544 1620784706.463133
987641.795445 1818932.123272 1620784706.06404
987624.582861 1818946.668964 1620784708.863578
987622.993268 1818948.052196 1620784709.164869
987622.993268 1818948.052196 1620784709.164869
987629.396553 1818970.421461 1620784714.914028
987627.515184 1818969.311693 1620784714.564075
987633.113746 1818972.686597 1620784715.563805
987640.039663 1818976.998827 1620784716.663514
987664.851291 1818993.142976 1620784720.064504
987672.218345 1818998.139412 1620784721.063328
987674.718485 1818999.893633 1620784721.414516
987688.203211 1819009.381034 1620784723.514859
987686.108495 1819007.968295 1620784723.164001
987703.265822 1819019.409847 1620784725.964255
987700.727885 1819017.72119 1620784725.565408
987705.130723 1819020.642385 1620784726.263957
987715.707219 1819027.572906 1620784728.023742
987721.632876 1819031.390296 1620784729.025254
987723.675782 1819032.705826 1620784729.364015
987747.787028 1819042.738121 1620784733.463639
987753.743911 1819041.928859 1620784734.413753
987760.182818 1819039.368275 1620784735.464345
987765.951743 1819035.470352 1620784736.464362
987771.51391 1819030.896469 1620784737.463752
987777.07599 1819026.002351 1620784738.464704
987782.803929 1819020.855543 1620784739.463567
987780.464381 1819022.947499 1620784739.063775
987791.53634 1819013.138061 1620784740.863518
987793.510548 1819011.399278 1620784741.164305
987813.021557 1818994.939134 1620784743.91431
987820.96946 1818989.076146 1620784744.963741
987817.898353 1818991.273695 1620784744.564439
987826.474903 1818985.364851 1620784745.664462
987837.248118 1818978.849903 1620784747.024266
987840.113837 1818977.273712 1620784747.363529
987860.616518 1818967.533222 1620784749.714267
987866.554614 1818965.262073 1620784750.364124
987876.011978 1818962.070012 1620784751.415267
987885.24943 1818959.410415 1620784752.464286
987893.836097 1818957.443819 1620784753.463396
987902.226709 1818955.916142 1620784754.464645
987910.441903 1818954.757674 1620784755.463989
987907.127811 1818955.199873 1620784755.063634
987926.651322 1818953.32875 1620784757.516969
987935.098956 1818952.934493 1620784758.515023
987944.128664 1818952.549078 1620784759.515125
987940.914678 1818952.675954 1620784759.165244
987963.381751 1818952.88537 1620784761.564433
987966.699888 1818953.138278 1620784761.914759
987980.603727 1818954.951286 1620784763.364568
987986.933773 1818956.147759 1620784764.024405
987996.648098 1818958.421767 1620784765.024851
988006.31626 1818961.216779 1620784766.0243
988019.344008 1818966.906865 1620784767.464601
988018.914556 1818966.693383 1620784767.414791
988039.418275 1818978.425912 1620784769.864079
988044.784606 1818981.579552 1620784770.516532
988041.90709 1818979.882923 1620784770.164597
988062.256602 1818990.927634 1620784772.564703
988065.666389 1818992.56309 1620784772.964927
988068.211948 1818993.726786 1620784773.264125
988082.903238 1818998.689135 1620784775.027928
988091.196942 1818999.336891 1620784776.029482
988103.783216 1818995.76715 1620784777.714956
988108.038853 1818992.788696 1620784778.46422
988106.147615 1818994.292225 1620784778.116054
988117.286472 1818980.96213 1620784780.517194
988121.835187 1818974.281573 1620784781.517947
988120.226941 1818976.664877 1620784781.164873
988148.334643 1818934.122977 1620784786.964897
988151.434337 1818929.363251 1620784787.615387
988150.009805 1818931.552396 1620784787.315331
988158.150247 1818919.003217 1620784789.028395
988159.816962 1818916.417424 1620784789.364985
988174.358664 1818893.905049 1620784792.465385
988178.746212 1818887.211585 1620784793.465055
988182.883643 1818880.792526 1620784794.464658
988181.450247 1818883.014367 1620784794.11533
988238.742128 1818794.800175 1620784806.865056
988240.366383 1818792.391634 1620784807.166327
988250.016929 1818777.917806 1620784808.965295
988251.612468 1818775.491919 1620784809.264353
988268.54223 1818749.708376 1620784812.666652
988270.112169 1818747.279532 1620784813.028507
988277.870093 1818735.050806 1620784814.765588
988279.321764 1818732.654009 1620784815.116597
988283.120062 1818725.975281 1620784816.115666
988286.430742 1818719.265451 1620784817.115397
988287.506642 1818716.770001 1620784817.465695
988293.824277 1818695.355653 1620784820.216561
988293.824277 1818695.355653 1620784820.216561
988291.721293 1818666.223189 1620784823.965565
988291.186043 1818664.121323 1620784824.265571
988287.408035 1818652.51414 1620784826.028541
988283.122212 1818643.233874 1620784827.466017
988279.537989 1818637.179274 1620784828.466153
988275.496619 1818631.415505 1620784829.467168
988276.943429 1818633.403357 1620784829.115579
988259.933657 1818615.504412 1620784832.517731
988253.791892 1818610.906704 1620784833.565594
988251.654585 1818609.437858 1620784833.915694
988216.082524 1818586.250688 1620784839.315772
988216.427398 1818586.467712 1620784839.265118
988203.85164 1818578.500231 1620784841.066071
988196.979731 1818574.016059 1620784842.065928
988189.962511 1818569.539802 1620784843.066025
988182.79988 1818565.006835 1620784844.066039
988175.742988 1818560.50561 1620784845.0663
988168.692275 1818555.824012 1620784846.065622
988162.164415 1818551.531479 1620784847.029682
988155.248685 1818547.09081 1620784848.066482
988138.25198 1818536.170304 1620784850.815931
988134.139915 1818533.461405 1620784851.466081
988136.351987 1818534.926422 1620784851.118217
988125.263758 1818527.560111 1620784852.916133
988102.942178 1818512.902335 1620784856.966053
988102.647801 1818512.709934 1620784857.026505
988096.638513 1818508.81702 1620784858.025316
988090.759342 1818504.96062 1620784859.026134
988082.197076 1818499.347215 1620784860.616023
988080.186169 1818498.032497 1620784861.025272
988075.089792 1818494.770159 1620784862.026078
988073.234944 1818493.615586 1620784862.366006
988049.873511 1818481.339228 1620784866.065389
988042.376776 1818479.160147 1620784867.065524
988028.510615 1818477.401843 1620784868.815298
988023.203548 1818477.07419 1620784869.466496
988017.497611 1818476.758952 1620784870.169733
987998.097997 1818475.518312 1620784872.56611
987990.444442 1818474.516289 1620784873.566668
987993.102203 1818474.93924 1620784873.21682
987979.902555 1818471.860863 1620784875.025768
987958.401978 1818462.754509 1620784879.066535
987955.890022 1818462.375383 1620784880.065641
987953.945789 1818462.471814 1620784881.065833
987952.5757 1818462.735113 1620784882.065934
987952.162415 1818462.83723 1620784883.0653
987952.158982 1818462.843243 1620784884.816337
987952.158982 1818462.843243 1620784884.816337
