353363.680774 4026160.573995 1620284369.813974
353364.735094 4026161.277823 1620284370.812961
353363.993906 4026160.774913 1620284370.213178
353375.039411 4026168.526717 1620284374.662851
353379.073054 4026171.302744 1620284375.663357
353384.103089 4026174.68478 1620284376.713569
353386.215315 4026176.065961 1620284377.122772
353392.980142 4026180.462371 1620284378.31355
353395.37985 4026182.017053 1620284378.713346
353400.300436 4026185.245113 1620284379.513227
353424.245837 4026205.02697 1620284384.162219
353425.051158 4026205.773293 1620284384.362348
353431.425684 4026211.536113 1620284386.21302
353434.621288 4026213.730993 1620284387.213204
353435.290832 4026214.01898 1620284387.412912
353444.648604 4026208.836425 1620284390.663074
353445.23507 4026207.92312 1620284390.86289
353446.433119 4026205.9553 1620284391.263731
353452.476446 4026195.853306 1620284392.914127
353453.301018 4026194.460948 1620284393.123252
353463.916564 4026177.248177 1620284395.362967
353468.028595 4026170.694272 1620284396.163015
353469.070312 4026169.029356 1620284396.363034
353478.924895 4026153.308351 1620284398.212985
353477.831053 4026155.019801 1620284398.012884
353493.208874 4026131.647979 1620284400.863763
353497.342857 4026125.021191 1620284401.662896
353498.356282 4026123.393765 1620284401.863127
353506.904904 4026109.908349 1620284403.712281
353506.127415 4026111.169474 1620284403.512173
353518.409735 4026091.606358 1620284406.761986
353520.04863 4026088.918478 1620284407.162895
353524.022884 4026082.23222 1620284408.1619
353527.61072 4026075.271335 1620284409.212691
353532.420783 4026063.338685 1620284410.812732
353530.699635 4026068.019816 1620284410.212726
353533.403188 4026060.046751 1620284411.212876
353535.877131 4026029.267999 1620284414.66276
353536.075324 4026031.063717 1620284414.462976
353531.704304 4026011.020512 1620284416.713175
353532.853962 4026014.525252 1620284416.313123
353525.680337 4025997.333384 1620284418.362021
353518.74052 4025985.645712 1620284419.813005
353521.802014 4025990.638276 1620284419.212835
353507.215854 4025972.197877 1620284421.863065
353502.290211 4025968.004433 1620284422.662879
353501.01289 4025967.030084 1620284422.86358
353474.905887 4025950.143516 1620284426.714285
353470.874255 4025947.624704 1620284427.3138
353463.939707 4025943.24612 1620284428.362576
353465.605149 4025944.298192 1620284428.127599
353449.883276 4025934.374415 1620284430.362947
353446.938883 4025932.493336 1620284430.761908
353434.63423 4025924.639029 1620284432.412697
353428.652688 4025920.804826 1620284433.213129
353420.981841 4025915.947117 1620284434.216369
353411.836164 4025910.127997 1620284435.412724
353413.34715 4025911.093199 1620284435.213143
353405.86909 4025906.324812 1620284436.212948
353383.868069 4025893.209227 1620284439.862733
353381.624727 4025892.162029 1620284440.263233
353380.513197 4025891.666466 1620284440.462645
353368.616113 4025891.625692 1620284442.714686
353364.980918 4025895.413451 1620284443.713381
353361.84694 4025900.56296 1620284444.71332
353361.184962 4025901.703061 1620284444.913949
353353.963291 4025913.369026 1620284446.762768
353351.27391 4025917.652445 1620284447.362834
353346.17325 4025925.740681 1620284448.412854
353342.071967 4025932.281657 1620284449.21292
353341.027137 4025933.951917 1620284449.412867
353327.629356 4025955.306296 1620284451.862635
353325.347332 4025958.927107 1620284452.262808
353315.838156 4025974.027684 1620284453.915315
353309.993695 4025983.289621 1620284454.913362
353307.642605 4025987.020094 1620284455.313268
353308.816771 4025985.158814 1620284455.123444
353293.06108 4026010.176298 1620284457.762161
353295.463219 4026006.349716 1620284457.362047
353281.913797 4026028.090068 1620284459.61366
353277.141543 4026035.679505 1620284460.412832
353271.291209 4026044.865772 1620284461.412848
353266.729878 4026051.989429 1620284462.212804
353261.534933 4026060.21156 1620284463.21284
353257.123806 4026068.383816 1620284464.41265
353257.698694 4026067.108478 1620284464.212744
353255.567367 4026074.706866 1620284465.412676
353262.561157 4026088.739833 1620284467.914327
353269.095678 4026093.130434 1620284468.914548
353276.596488 4026097.641853 1620284469.91312
353284.139193 4026102.433147 1620284470.913101
353291.201356 4026107.25338 1620284471.913466
353297.490079 4026112.761343 1620284472.913594
353302.768332 4026119.191853 1620284473.917196
353306.736464 4026124.235866 1620284474.713402
353304.71238 4026121.775582 1620284474.313389
353316.494518 4026132.635846 1620284476.361682
353319.094731 4026134.456969 1620284476.762689
353344.705859 4026151.551141 1620284480.812697
353348.224252 4026153.645505 1620284481.412638
353352.864835 4026156.048922 1620284482.212998
353358.791839 4026158.711104 1620284483.263736
353359.87418 4026159.2058 1620284483.465451
353375.063853 4026168.104715 1620284490.713184
353374.818975 4026167.964638 1620284490.313272
353376.0103 4026168.659003 1620284492.361529
353376.08798 4026168.70548 1620284492.56218
