353363.680774 4026160.573995 1620284369.813974
353364.735094 4026161.277823 1620284370.812961
353363.993906 4026160.774913 1620284370.213178
353375.039411 4026168.526717 1620284374.662851
353379.073054 4026171.302744 1620284375.663357
353384.103089 4026174.68478 1620284376.713569
353385.946217 4026175.891407 1620284377.063154
353392.980142 4026180.462371 1620284378.31355
353395.685713 4026182.215809 1620284378.763011
353399.684125 4026184.837414 1620284379.413791
353424.245837 4026205.02697 1620284384.162219
353425.248224 4026205.956542 1620284384.413254
353431.425684 4026211.536113 1620284386.21302
353434.621288 4026213.730993 1620284387.213204
353435.629198 4026214.140394 1620284387.513662
353444.648604 4026208.836425 1620284390.663074
353445.383634 4026207.687322 1620284390.913484
353446.276846 4026206.206317 1620284391.213076
353452.680865 4026195.507705 1620284392.963122
353453.092781 4026194.811159 1620284393.063389
353464.172569 4026176.843927 1620284395.412858
353468.028595 4026170.694272 1620284396.163015
353469.331353 4026168.610797 1620284396.412911
353479.199707 4026152.879978 1620284398.263025
353478.650501 4026153.73701 1620284398.163481
353493.461819 4026131.232283 1620284400.913316
353497.342857 4026125.021191 1620284401.662896
353498.615267 4026122.980902 1620284401.914296
353507.096026 4026109.603641 1620284403.762751
353506.712713 4026110.220727 1620284403.662822
353518.625449 4026091.267305 1620284406.812886
353520.04863 4026088.918478 1620284407.162895
353524.022884 4026082.23222 1620284408.1619
353527.61072 4026075.271335 1620284409.212691
353532.420783 4026063.338685 1620284410.812732
353530.841765 4026067.633342 1620284410.263041
353533.518034 4026059.624278 1620284411.262838
353535.877131 4026029.267999 1620284414.66276
353535.982971 4026030.166475 1620284414.563963
353531.551684 4026010.584346 1620284416.763095
353532.853962 4026014.525252 1620284416.313123
353525.46585 4025996.932107 1620284418.412838
353518.74052 4025985.645712 1620284419.813005
353521.55544 4025990.214092 1620284419.263266
353506.917503 4025971.920593 1620284421.913807
353502.290211 4025968.004433 1620284422.662879
353500.690964 4025966.790614 1620284422.913887
353474.568394 4025949.933107 1620284426.76195
353470.545904 4025947.417872 1620284427.362538
353463.939707 4025943.24612 1620284428.362576
353465.605149 4025944.298192 1620284428.127599
353450.249825 4025934.607484 1620284430.313358
353446.938883 4025932.493336 1620284430.761908
353434.63423 4025924.639029 1620284432.412697
353429.031813 4025921.045785 1620284433.162481
353421.365575 4025916.190279 1620284434.162838
353411.836164 4025910.127997 1620284435.412724
353413.725281 4025911.334015 1620284435.16289
353406.239049 4025906.559687 1620284436.162715
353384.145619 4025893.345719 1620284439.812896
353381.624727 4025892.162029 1620284440.263233
353380.235593 4025891.549409 1620284440.513185
353368.616113 4025891.625692 1620284442.714686
353364.980918 4025895.413451 1620284443.713381
353361.84694 4025900.56296 1620284444.71332
353361.184962 4025901.703061 1620284444.913949
353353.963291 4025913.369026 1620284446.762768
353351.504349 4025917.286315 1620284447.31336
353346.17325 4025925.740681 1620284448.412854
353342.071967 4025932.281657 1620284449.21292
353341.027137 4025933.951917 1620284449.412867
353327.912177 4025954.854933 1620284451.812697
353325.347332 4025958.927107 1620284452.262808
353315.838156 4025974.027684 1620284453.915315
353309.993695 4025983.289621 1620284454.913362
353307.936039 4025986.555104 1620284455.264749
353309.405142 4025984.223941 1620284455.013
353293.06108 4026010.176298 1620284457.762161
353295.762514 4026005.872655 1620284457.313096
353282.514227 4026027.130719 1620284459.512676
353277.141543 4026035.679505 1620284460.412832
353271.291209 4026044.865772 1620284461.412848
353267.013209 4026051.551262 1620284462.162161
353261.764843 4026059.833471 1620284463.162714
353257.123806 4026068.383816 1620284464.41265
353257.850357 4026066.789415 1620284464.162796
353255.558384 4026075.015545 1620284465.461729
353262.561157 4026088.739833 1620284467.914327
353269.095678 4026093.130434 1620284468.914548
353276.596488 4026097.641853 1620284469.91312
353284.139193 4026102.433147 1620284470.913101
353291.201356 4026107.25338 1620284471.913466
353297.490079 4026112.761343 1620284472.913594
353302.768332 4026119.191853 1620284473.917196
353306.736464 4026124.235866 1620284474.713402
353304.470339 4026121.464704 1620284474.262947
353316.494518 4026132.635846 1620284476.361682
353319.094731 4026134.456969 1620284476.762689
353345.001136 4026151.732397 1620284480.862703
353348.224252 4026153.645505 1620284481.412638
353352.864835 4026156.048922 1620284482.212998
353358.791839 4026158.711104 1620284483.263736
353360.14196 4026159.330505 1620284483.513158
353375.063853 4026168.104715 1620284490.713184
353374.84937 4026167.982023 1620284490.362869
353375.989105 4026168.646092 1620284492.3131
353376.050683 4026168.683266 1620284492.462711
