988146.777356 1818824.946253 1620731658.717556
988146.785409 1818824.946828 1620731661.617996
988146.782117 1818824.945084 1620731662.317458
988146.866703 1818825.004841 1620731664.667514
988149.626586 1818826.894882 1620731667.118093
988150.162517 1818827.27818 1620731667.367652
988160.807786 1818835.434668 1620731670.917848
988162.140018 1818836.567937 1620731671.267666
988164.284619 1818838.502143 1620731671.817898
988172.316482 1818846.478724 1620731673.918259
988173.545693 1818847.742955 1620731674.267704
988181.128662 1818855.325934 1620731676.618165
988189.757686 1818861.015106 1620731679.667676
988191.551949 1818861.18566 1620731680.21803
988198.505818 1818856.830528 1620731682.667676
988205.761508 1818846.071936 1620731685.367706
988205.312837 1818846.758546 1620731685.217981
988214.289408 1818833.072171 1620731687.917537
988224.447491 1818817.580597 1620731690.567889
988223.068241 1818819.685275 1620731690.218063
988236.950416 1818798.486459 1620731693.768045
988248.764996 1818780.545841 1620731696.816926
988248.173431 1818781.438485 1620731696.666818
988258.603595 1818765.741633 1620731699.318061
988259.165259 1818764.900155 1620731699.467988
988270.436505 1818747.920854 1620731702.866598
988269.398675 1818749.519685 1620731702.518397
988278.956376 1818734.414052 1620731705.56856
988280.070952 1818732.551926 1620731705.917764
988288.18294 1818716.348088 1620731708.817947
988293.636518 1818697.904068 1620731711.866453
988293.986837 1818695.727717 1620731712.217803
988294.118183 1818694.794013 1620731712.367476
988293.977634 1818675.286977 1620731715.36764
988286.703036 1818650.723801 1620731718.818166
988286.219227 1818649.630636 1620731718.967731
988273.14028 1818628.493483 1620731722.029825
988256.895041 1818612.918648 1620731724.717407
988240.585604 1818604.707591 1620731727.768549
988241.920553 1818604.839542 1620731727.418079
988227.899468 1818620.072678 1620731732.718079
988228.807831 1818618.234912 1620731732.367503
988219.014197 1818635.2204 1620731735.76819
988220.215466 1818633.524532 1620731735.417847
988201.697004 1818659.4523 1620731740.466587
988200.580896 1818661.011721 1620731740.767513
988186.423863 1818683.952656 1620731745.417656
988201.442158 1818701.330174 1620731750.466286
988206.363319 1818704.706071 1620731751.317119
988211.82159 1818708.163838 1620731752.217624
988264.14429 1818740.769216 1620731761.718556
988265.488088 1818741.114203 1620731762.067543
988267.57261 1818740.937214 1620731762.568464
988279.415697 1818734.511819 1620731765.867417
988280.270011 1818733.145088 1620731766.168497
988281.27516 1818731.422748 1620731766.518837
988287.164642 1818718.575294 1620731768.666989
988292.511418 1818698.065524 1620731771.368305
988292.871358 1818695.557577 1620731771.667527
988292.572808 1818671.740553 1620731774.367275
988292.968272 1818674.870121 1620731774.028894
988287.047995 1818652.412101 1620731776.567568
988286.517293 1818651.125909 1620731776.717343
988265.514143 1818620.627195 1620731780.667525
988263.386282 1818618.67239 1620731780.967527
988236.805976 1818600.267192 1620731784.217752
988231.98152 1818597.144671 1620731784.768358
988192.177361 1818571.201405 1620731789.217966
988167.103416 1818554.423214 1620731792.267472
988144.955828 1818540.034067 1620731795.817638
988141.903885 1818538.098192 1620731796.36722
988136.653029 1818534.804529 1620731797.267402
988121.248608 1818524.711741 1620731799.917341
988123.154462 1818526.020622 1620731799.581855
988107.597101 1818515.506282 1620731802.467608
988094.249328 1818506.703345 1620731804.767273
988092.363111 1818505.462085 1620731805.11749
988091.59414 1818504.963915 1620731805.266502
988076.73138 1818495.282883 1620731808.666626
988050.765462 1818481.209743 1620731812.76827
988008.549116 1818475.518911 1620731817.817566
988005.612761 1818475.326554 1620731818.167349
987987.101325 1818472.749301 1620731820.519615
987988.946089 1818473.155961 1620731820.267332
987970.780847 1818467.226026 1620731822.967669
987967.526484 1818465.703128 1620731823.519926
987969.601324 1818466.676205 1620731823.167218
987936.51622 1818446.348154 1620731828.867261
987921.144025 1818435.120492 1620731831.567195
987922.962402 1818436.601437 1620731831.21749
987911.021327 1818424.701148 1620731833.91709
987909.715227 1818423.011825 1620731834.266129
987907.938549 1818420.508214 1620731834.768204
987906.592072 1818418.428044 1620731835.167295
987891.286963 1818391.233251 1620731839.967254
987892.509968 1818393.375139 1620731839.617698
987881.737504 1818377.985752 1620731842.46625
987855.706743 1818358.133863 1620731847.466197
987841.849331 1818349.031352 1620731849.769896
987839.873162 1818347.731842 1620731850.117442
987825.697565 1818338.441404 1620731852.819111
987820.884911 1818335.244121 1620731853.717017
987823.84513 1818337.219211 1620731853.167171
987790.526437 1818331.006862 1620731861.817632
987789.812906 1818332.403908 1620731862.167325
987790.744165 1818343.265052 1620731864.817528
987790.243602 1818342.553024 1620731864.616683
987802.214204 1818351.970794 1620731867.867232
987800.694991 1818350.986726 1620731867.519912
987803.763674 1818352.958587 1620731868.217398
987817.946528 1818361.466914 1620731871.417768
987820.203208 1818362.748601 1620731871.967119
987831.737893 1818366.497834 1620731874.467175
987832.751518 1818366.511375 1620731874.667096
987850.268067 1818360.088556 1620731879.518915
987850.343569 1818359.845197 1620731879.617792
987840.964266 1818348.904599 1620731883.617368
987838.756951 1818347.466427 1620731884.066213
987812.03354 1818330.368613 1620731888.817687
987804.307236 1818325.321035 1620731890.030601
987800.663438 1818322.92082 1620731890.568312
987783.713358 1818311.719953 1620731893.030063
987781.920159 1818310.523781 1620731893.267362
987760.007354 1818295.489735 1620731896.267177
987754.152738 1818291.526416 1620731897.117115
987751.810842 1818289.905053 1620731897.466178
987728.509156 1818274.249024 1620731901.266256
987723.156343 1818270.801438 1620731902.167335
987704.342531 1818258.728065 1620731905.71743
987701.547757 1818256.691533 1620731906.266329
987702.563703 1818257.459997 1620731906.067905
987687.395602 1818240.870391 1620731909.317133
987671.609549 1818218.936858 1620731912.868729
987668.429314 1818216.127368 1620731913.417664
987669.614251 1818217.130702 1620731913.217573
987664.046099 1818212.776942 1620731914.117191
987631.126233 1818191.00049 1620731918.767329
987634.010661 1818192.877573 1620731918.367264
987628.605817 1818189.371446 1620731919.117113
987602.994445 1818172.616917 1620731922.867136
987606.111963 1818174.6942 1620731922.367309
987579.273858 1818168.092327 1620731927.917183
987580.929633 1818166.776528 1620731927.367205
987562.857298 1818190.41445 1620731933.466959
987561.476734 1818192.436771 1620731933.81777
987560.077568 1818194.503891 1620731934.166511
987545.231205 1818216.336699 1620731937.917496
987546.528847 1818214.486933 1620731937.567553
987537.01776 1818228.257401 1620731940.567257
987537.554729 1818227.45309 1620731940.367146
987530.740252 1818237.169363 1620731943.06648
987530.202832 1818237.921259 1620731943.267242
987520.41846 1818253.125208 1620731946.317079
987518.181172 1818257.188632 1620731947.030395
987509.709743 1818273.121281 1620731950.217806
987509.243365 1818273.981525 1620731950.417602
987503.453338 1818284.759938 1620731952.917074
987502.758222 1818286.039341 1620731953.217578
987495.562355 1818299.332902 1620731955.918576
987486.155133 1818317.833695 1620731958.967117
987470.448897 1818347.892266 1620731963.667181
987471.629266 1818345.621692 1620731963.317157
987460.941514 1818365.954046 1620731966.367492
987459.844813 1818368.027371 1620731966.668283
987444.714487 1818396.276348 1620731970.767198
987445.765952 1818394.300525 1620731970.467071
987437.256819 1818410.464467 1620731973.466539
987436.478293 1818411.92132 1620731973.817479
987429.929157 1818424.33235 1620731976.518304
987430.899117 1818422.501468 1620731976.168183
987428.498563 1818426.999556 1620731977.029316
987418.209873 1818446.188108 1620731980.617566
987418.737179 1818445.205926 1620731980.4175
987409.322584 1818462.832062 1620731983.666175
987410.432908 1818460.727321 1620731983.317018
987397.269078 1818485.700797 1620731987.817744
987396.411413 1818487.30633 1620731988.117075
987387.826928 1818503.39285 1620731990.817552
987388.977763 1818501.189707 1620731990.466344
987378.41944 1818520.82871 1620731993.518953
987377.119989 1818523.187895 1620731993.866167
987364.586756 1818547.476741 1620731997.417494
987363.892545 1818548.862079 1620731997.617824
987353.36282 1818569.000986 1620732000.817468
987352.435446 1818570.733319 1620732001.118148
987335.172082 1818603.87647 1620732005.967248
987316.872236 1818638.87763 1620732010.667258
987315.832752 1818640.867822 1620732010.967117
987306.457161 1818658.823441 1620732013.71728
987307.682714 1818656.47636 1620732013.368332
987296.209807 1818678.727486 1620732016.417949
987293.075954 1818684.736216 1620732017.218088
987287.650408 1818695.079176 1620732018.667114
987278.278595 1818712.843902 1620732021.36734
987232.242723 1818800.729346 1620732034.030623
987224.604026 1818815.192832 1620732036.567288
987223.545898 1818817.143758 1620732036.917136
987216.136927 1818832.120946 1620732039.266305
987215.236815 1818834.274571 1620732039.567234
987210.176119 1818851.354812 1620732041.71731
987209.834952 1818853.039473 1620732041.918005
987207.074659 1818873.713301 1620732044.418072
987206.782276 1818877.928947 1620732044.96729
987206.220271 1818899.050746 1620732047.967173
987206.235187 1818896.914793 1620732047.667345
987206.409291 1818925.976941 1620732051.518303
987206.406214 1818923.668693 1620732051.217724
987206.465035 1818942.948213 1620732053.717057
987206.490518 1818945.707085 1620732054.067287
987206.809357 1818968.97021 1620732056.916893
987206.872494 1818971.904767 1620732057.266349
987206.914545 1818985.748939 1620732058.867225
987207.273864 1819010.419187 1620732061.718233
987207.097404 1819007.530341 1620732061.367606
987210.61596 1819029.400115 1620732064.41755
987211.613736 1819032.141254 1620732064.967204
987228.953155 1819038.499993 1620732068.867301
987248.52325 1819037.818278 1620732071.567241
987251.140382 1819037.77905 1620732071.917225
987275.200339 1819037.561665 1620732075.667365
987274.574176 1819037.566845 1620732075.519309
987287.015338 1819037.551856 1620732078.367164
987308.817246 1819038.285242 1620732081.968567
987311.572605 1819038.524625 1620732082.667286
987321.068279 1819039.860906 1620732085.030364
987340.045819 1819044.775976 1620732088.030035
987342.854332 1819045.613192 1620732088.417615
987365.648381 1819056.551458 1620732091.917358
987366.847772 1819057.581858 1620732092.168494
987368.221258 1819058.809742 1620732092.467456
987374.184163 1819070.162699 1620732094.867201
987374.122777 1819071.974912 1620732095.217628
987373.875685 1819073.516461 1620732095.519138
987357.737031 1819092.16732 1620732099.667371
987343.292367 1819107.537933 1620732102.367285
987341.690928 1819109.473556 1620732102.668208
987327.098218 1819133.478209 1620732105.867342
987325.800394 1819136.279092 1620732106.216896
987316.935581 1819156.551684 1620732108.917466
987316.345364 1819157.966916 1620732109.11724
987308.50508 1819179.354354 1620732111.967465
987308.003826 1819180.930138 1620732112.167577
987307.141649 1819183.714527 1620732112.519034
987300.323304 1819217.607114 1620732116.666484
987299.95362 1819221.325102 1620732117.117455
987299.437969 1819241.956288 1620732119.817755
987299.722401 1819244.387066 1620732120.167938
987319.617969 1819259.334417 1620732124.867117
987321.784599 1819259.310177 1620732125.21751
987327.506948 1819259.24579 1620732126.067026
987341.264412 1819258.763874 1620732127.917339
987344.046567 1819258.673152 1620732128.267029
987372.586821 1819257.798954 1620732131.767193
987370.140694 1819257.821835 1620732131.46703
987375.44344 1819257.786879 1620732132.117081
987394.068603 1819257.80989 1620732134.467014
987396.639838 1819257.812415 1620732134.817646
987417.843263 1819257.699839 1620732138.066676
987420.028253 1819257.672373 1620732138.417796
987435.384257 1819257.432922 1620732140.767469
987479.016838 1819256.761505 1620732146.666975
987484.666581 1819256.699047 1620732147.517703
987482.363115 1819256.720706 1620732147.167412
987498.766862 1819256.496466 1620732149.717116
987499.436099 1819256.488391 1620732149.817836
987516.270013 1819256.353092 1620732152.367236
987514.100446 1819256.244237 1620732152.029921
987530.232868 1819270.57116 1620732156.817722
987529.761667 1819267.727054 1620732156.267364
987531.186583 1819287.53032 1620732159.517632
987531.267875 1819289.92639 1620732159.866935
987531.947951 1819309.210672 1620732162.71721
987532.642169 1819314.478285 1620732163.617221
987533.885585 1819318.941808 1620732164.46704
987533.299726 1819317.170805 1620732164.117038
987541.657856 1819327.613142 1620732166.817769
987543.297733 1819328.286012 1620732167.167358
987557.557516 1819330.576258 1620732169.71726
987558.479612 1819330.612269 1620732169.867197
987576.356199 1819334.078558 1620732172.917225
987575.517485 1819333.696391 1620732172.768754
987595.030204 1819349.51029 1620732176.466324
987594.246419 1819348.782541 1620732176.317363
987606.373472 1819360.970136 1620732178.617713
987624.405947 1819371.450351 1620732181.617932
987622.338313 1819370.904082 1620732181.317049
987649.58201 1819372.491357 1620732184.91804
987681.914325 1819372.425214 1620732188.817925
987684.416032 1819372.42363 1620732189.117172
987705.890087 1819371.983278 1620732191.817837
987703.294095 1819372.063297 1620732191.467921
987722.86946 1819364.736988 1620732195.466643
987723.161743 1819364.126221 1620732195.617766
987724.598471 1819347.521948 1620732198.617364
987724.580921 1819348.506492 1620732198.467345
987724.946785 1819319.696523 1620732202.766971
987724.928664 1819317.597525 1620732203.06691
987724.399329 1819292.35753 1620732206.717342
987724.445258 1819294.749393 1620732206.367306
987723.11494 1819269.345448 1620732210.819009
987722.629063 1819268.098912 1620732211.167561
987716.747413 1819263.27538 1620732213.51813
987705.173675 1819263.538208 1620732215.967445
987703.224997 1819263.633528 1620732216.318174
987688.619942 1819264.310253 1620732218.667125
987686.251722 1819264.421472 1620732219.029877
987651.390613 1819265.228538 1620732223.86743
987649.139267 1819265.12979 1620732224.167368
987630.699879 1819264.161746 1620732226.717294
987624.736207 1819264.021395 1620732227.569026
987620.603587 1819263.82989 1620732228.168191
987602.41649 1819261.726218 1620732230.818346
987599.976635 1819261.42184 1620732231.167515
987580.683784 1819259.054262 1620732233.867556
987574.492056 1819258.514224 1620732234.718382
987578.13632 1819258.821144 1620732234.217693
987545.961305 1819257.014261 1620732238.871148
987541.103391 1819256.973822 1620732239.767579
987544.236024 1819256.968186 1620732239.167344
987531.332387 1819264.52045 1620732242.967344
987531.066997 1819266.008379 1620732243.317411
987531.154175 1819277.926582 1620732245.520728
987531.167929 1819278.531399 1620732245.617927
987531.373087 1819294.423733 1620732248.168098
987531.398024 1819296.681563 1620732248.518735
987532.184147 1819313.211788 1620732251.218129
987538.635586 1819325.202615 1620732253.867476
987542.603004 1819327.625283 1620732254.717395
987545.842477 1819328.739479 1620732255.317585
987544.729394 1819328.422756 1620732255.117514
987566.981618 1819330.448069 1620732258.867376
987564.91679 1819330.169465 1620732258.518369
987581.330925 1819336.736828 1620732261.368444
987594.703036 1819348.577921 1620732264.06645
987595.434377 1819349.355546 1620732264.217882
987616.353077 1819369.09395 1620732268.666677
987618.371777 1819369.928234 1620732269.030054
987632.367827 1819371.874863 1620732271.217548
987651.673709 1819371.42883 1620732273.867346
987649.392971 1819371.478094 1620732273.56866
987654.356067 1819371.378782 1620732274.218134
987672.556572 1819370.682645 1620732276.568264
987675.308252 1819370.615396 1620732276.917379
987676.481004 1819370.594737 1620732277.067302
987705.407037 1819370.803206 1620732281.067235
987707.635238 1819370.742036 1620732281.418072
987720.475367 1819367.444589 1620732284.217858
987724.910249 1819357.232048 1620732287.268441
987724.684224 1819331.514716 1620732291.267318
987724.682434 1819330.800704 1620732291.367664
987724.382099 1819312.552696 1620732293.917194
987723.467698 1819286.526045 1620732297.467512
987723.379811 1819282.530603 1620732298.02913
987723.531401 1819276.392153 1620732298.86775
987723.847312 1819273.978513 1620732299.217858
987726.996256 1819264.835533 1620732300.666668
987744.388668 1819245.852002 1620732304.416903
987742.682597 1819247.367113 1620732304.117543
987764.166782 1819226.894705 1620732307.81787
987770.357756 1819220.843236 1620732308.867534
987773.945769 1819217.293665 1620732309.467509
987772.748737 1819218.481213 1620732309.267736
987794.260281 1819197.042249 1620732312.867931
987800.084328 1819191.15808 1620732313.917361
987795.95338 1819195.341605 1620732313.168551
987814.343139 1819176.363948 1620732316.618251
987813.28686 1819177.511275 1620732316.417828
987825.465705 1819163.704914 1620732318.717677
987827.301709 1819161.613886 1620732319.06696
987847.144832 1819138.908548 1620732323.518539
987841.940059 1819123.967604 1620732326.819079
987833.845342 1819117.727309 1620732328.567683
987814.99677 1819104.907613 1620732331.768655
987812.552354 1819103.158816 1620732332.117641
987796.494172 1819091.988684 1620732334.467359
987773.875351 1819076.706867 1620732338.066438
987758.704916 1819065.034688 1620732341.068497
987757.50072 1819063.144521 1620732341.417632
987759.169388 1819045.171795 1620732344.117529
987777.138164 1819027.274549 1620732347.667789
987775.414078 1819028.783157 1620732347.317633
987781.883482 1819023.024065 1620732348.617888
987795.656483 1819010.791002 1620732350.917728
987801.385811 1819005.68315 1620732351.767581
987797.987788 1819008.713611 1620732351.268086
987817.119721 1818992.783324 1620732353.967391
987819.719777 1818990.882946 1620732354.317544
987839.507698 1818978.348188 1620732356.817158
987864.199968 1818966.669548 1620732359.66665
987868.620785 1818964.873451 1620732360.167734
987891.776589 1818956.312656 1620732362.867435
987909.803697 1818949.773206 1620732365.917693
987908.153151 1818950.622271 1620732365.568651
987916.180511 1818938.440663 1620732368.567759
987917.46015 1818922.0598 1620732371.117424
987918.557518 1818915.967733 1620732371.967533
987918.918833 1818914.510361 1620732372.167742
987926.884356 1818896.501626 1620732374.666958
987928.216774 1818894.37321 1620732374.967632
987939.154967 1818877.923941 1620732377.317535
987938.689468 1818878.63796 1620732377.217614
987953.324034 1818856.282708 1620732380.367959
987951.677661 1818858.802755 1620732380.030192
987968.818777 1818832.492023 1620732383.618066
987974.621178 1818823.602287 1620732384.81854
987973.176729 1818825.820891 1620732384.51928
988030.289887 1818779.171715 1620732394.667384
988032.586009 1818778.601526 1620732395.029725
988048.999481 1818774.679356 1620732397.718483
988046.919681 1818775.143266 1620732397.369039
988062.440795 1818774.701835 1620732399.917814
988065.239792 1818775.422644 1620732400.367805
988068.951063 1818776.795146 1620732400.967716
988094.504142 1818791.969695 1620732405.417717
988102.725123 1818797.114689 1620732406.86775
988099.323863 1818795.004149 1620732406.267023
988120.455329 1818808.466251 1620732409.866863
988135.872301 1818817.297634 1620732412.567941
988134.051995 1818816.168447 1620732412.218407
988143.161845 1818821.968183 1620732414.717869
988143.647908 1818822.271559 1620732415.030418
988144.361587 1818822.764342 1620732417.367666
988144.363665 1818822.75209 1620732417.031557
988144.366155 1818822.825992 1620732419.568026
988144.370989 1818822.849524 1620732420.418388
