988121.913774 1818807.692564 1621822591.96651
988121.916083 1818807.690843 1621822592.166662
988121.917567 1818807.689498 1621822592.315486
988121.93409 1818807.685667 1621822594.216743
988121.949112 1818807.693451 1621822594.366616
988127.994065 1818811.569529 1621822597.916708
988131.280141 1818813.845721 1621822598.916621
988128.927163 1818812.211254 1621822598.21675
988131.826902 1818814.226896 1621822599.06693
988146.447579 1818824.066961 1621822602.266814
988151.634497 1818827.61594 1621822603.266648
988150.847401 1818827.067981 1621822603.116662
988165.391168 1818837.941549 1621822605.966712
988167.802705 1818839.957847 1621822606.466777
988173.244436 1818844.62022 1621822607.666826
988176.806723 1818847.763917 1621822608.518693
988178.790923 1818849.54942 1621822609.028123
988179.370729 1818850.080364 1621822609.166751
988183.766172 1818854.158207 1621822610.367169
988186.579312 1818856.796226 1621822611.216576
988197.592001 1818858.352184 1621822614.916651
988198.788741 1818856.670724 1621822615.56699
988201.271793 1818852.439819 1621822616.966516
988203.273333 1818849.176508 1621822617.967552
988201.866222 1818851.465052 1621822617.267213
988206.046177 1818844.812928 1621822619.266273
988209.074342 1818840.143743 1621822620.666997
988211.353557 1818836.556727 1621822621.667337
988214.590941 1818831.485786 1621822622.967647
988215.490484 1818830.071048 1621822623.316832
988217.618989 1818826.769424 1621822624.166904
988220.048086 1818823.034366 1621822625.166965
988222.178748 1818819.741303 1621822626.030223
988222.557427 1818819.156187 1621822626.166712
988225.525799 1818814.600243 1621822627.367587
988230.397659 1818807.113543 1621822629.36696
988230.041947 1818807.679097 1621822629.217991
988232.405714 1818804.042502 1621822630.218075
988242.467522 1818788.879843 1621822633.917492
988243.525663 1818787.254981 1621822634.267209
988244.601208 1818785.612986 1621822634.616727
988254.216776 1818771.001389 1621822637.816932
988257.78979 1818765.475493 1621822638.966829
988256.691422 1818767.183261 1621822638.617744
988269.42097 1818747.49538 1621822642.6668
988271.045851 1818744.994953 1621822643.167818
988270.555076 1818745.750726 1621822643.030169
988288.732005 1818713.191455 1621822648.366765
988290.39598 1818708.173331 1621822649.0286
988291.129859 1818705.375875 1621822649.366986
988293.108916 1818694.151192 1621822650.717465
988293.612144 1818683.798911 1621822651.916822
988291.586423 1818666.17624 1621822653.916929
988290.899268 1818663.093618 1621822654.266986
988290.099322 1818660.03403 1621822654.616496
988281.582699 1818639.93789 1621822656.967966
988279.888845 1818637.076477 1621822657.316876
988278.086001 1818634.259102 1621822657.667108
988263.973596 1818618.030207 1621822659.866899
988267.61033 1818621.402701 1621822659.368531
988241.319345 1818602.417541 1621822662.567725
988238.694826 1818600.767144 1621822662.866857
988236.947657 1818599.659105 1621822663.06711
988225.611501 1818592.188109 1621822664.367743
988210.769997 1818582.228631 1621822666.067186
988196.312998 1818572.923312 1621822667.767818
988202.153014 1818576.670543 1621822667.068079
988178.990472 1818561.748767 1621822669.917536
988185.819793 1818566.122351 1621822669.067216
988177.799861 1818560.982824 1621822670.066809
988168.549941 1818555.018274 1621822671.266961
988151.583665 1818543.831291 1621822673.967882
988147.037221 1818540.850191 1621822674.967521
988142.556435 1818538.139172 1621822675.970513
988146.145488 1818540.281369 1621822675.167035
988133.885191 1818535.182134 1621822677.867182
988132.528374 1818535.230628 1621822678.167807
988130.192196 1818535.75778 1621822678.717873
988128.292698 1818536.749995 1621822679.217113
988122.118292 1818544.767666 1621822681.267122
988122.572467 1818544.055227 1621822681.117644
988115.488784 1818555.416427 1621822683.317622
988114.960605 1818556.253657 1621822683.466946
988085.474644 1818602.296042 1621822690.668013
988083.072388 1818605.921945 1621822691.317809
988078.225636 1818613.295893 1621822692.667001
988079.493174 1818611.372739 1621822692.316808
988073.229859 1818620.992806 1621822694.029195
988063.457501 1818636.18138 1621822696.36799
988058.830592 1818643.327337 1621822697.367635
988060.483357 1818640.799603 1621822697.027739
988053.267687 1818651.818452 1621822698.518867
988049.070314 1818658.279131 1621822699.368177
988027.12425 1818691.886831 1621822703.918024
988027.809532 1818690.850269 1621822703.766959
988025.523406 1818694.319833 1621822704.266775
988018.051404 1818705.893109 1621822705.967137
988012.795083 1818719.007326 1621822707.966869
988014.090202 1818713.477703 1621822707.11677
988016.689821 1818730.004802 1621822709.966555
988015.526063 1818728.658575 1621822709.666877
988025.382551 1818736.499884 1621822711.667028
988026.553269 1818737.254571 1621822711.867042
988042.783484 1818747.910965 1621822714.365991
988062.691607 1818768.133911 1621822717.86697
988067.78037 1818772.319931 1621822718.717561
988065.593162 1818770.648403 1621822718.36777
988070.052867 1818773.91824 1621822719.068033
988081.927777 1818781.379531 1621822720.767737
988086.694158 1818784.329421 1621822721.416788
988094.349031 1818789.373145 1621822722.467535
988106.690081 1818797.939178 1621822724.267111
988112.55869 1818801.827235 1621822725.117635
988118.534454 1818805.729473 1621822725.967499
988127.714662 1818811.794859 1621822727.318223
988133.03521 1818815.306347 1621822728.116933
988143.392561 1818822.045897 1621822729.666225
988150.162174 1818826.729129 1621822730.666816
988154.927763 1818830.282176 1621822731.367004
988163.862277 1818837.590188 1621822732.717644
988167.893813 1818841.190015 1621822733.367171
988175.805351 1818848.525948 1621822734.717737
988177.505449 1818850.082581 1621822735.027966
988179.482233 1818851.855191 1621822735.368027
988189.91422 1818859.343327 1621822737.567147
988195.116154 1818859.866751 1621822738.917555
988197.373619 1818858.915415 1621822739.566258
988196.883693 1818859.198621 1621822739.417117
988200.784054 1818855.524722 1621822740.76709
988201.737041 1818854.114567 1621822741.117874
988206.162796 1818846.665209 1621822742.6181
988209.987012 1818840.229023 1621822743.66688
988217.124243 1818828.563079 1621822745.316983
988222.346385 1818820.336352 1621822746.367281
988227.686708 1818812.134555 1621822747.36722
988233.530883 1818803.157486 1621822748.418412
988238.155982 1818796.108357 1621822749.218214
988241.404008 1818791.176158 1621822749.767005
988247.325078 1818782.036323 1621822750.768713
988249.402811 1818778.824442 1621822751.11596
988258.726553 1818764.260644 1621822752.816804
988266.335759 1818752.319218 1621822754.667241
988268.958068 1818748.280252 1621822755.367021
988274.507185 1818739.798564 1621822756.71778
988278.781518 1818733.116104 1621822757.718362
988282.993037 1818726.005515 1621822758.770528
988286.6872 1818718.913345 1621822759.767906
988287.673744 1818716.675836 1621822760.067011
988290.530053 1818708.756431 1621822761.067101
988293.17569 1818695.44044 1621822762.56766
988293.859849 1818685.480232 1621822763.616775
988293.885966 1818684.0263 1621822763.766345
988293.864548 1818680.609327 1621822764.117712
988292.790884 1818668.756403 1621822765.316655
988286.299259 1818648.92641 1621822767.367116
988279.363252 1818636.539705 1621822768.718726
988274.994239 1818630.529167 1621822769.417907
988264.504991 1818619.295523 1621822770.917631
988257.060903 1818613.142798 1621822771.917853
988258.191927 1818614.006789 1621822771.76795
988246.151182 1818605.632991 1621822773.318165
988243.893189 1818604.104521 1621822773.61804
988240.192145 1818601.622332 1621822774.117748
988222.551351 1818590.094292 1621822776.618179
988214.444719 1818584.684743 1621822777.818201
988211.152559 1818582.476906 1621822778.31776
988212.131497 1818583.130124 1621822778.167768
988129.167505 1818528.996634 1621822791.367927
988128.299882 1818528.404671 1621822791.519134
988115.910991 1818520.073977 1621822793.767781
988114.294283 1818519.017954 1621822794.067113
988112.384053 1818517.789574 1621822794.418198
988108.759554 1818515.485618 1621822795.067303
988045.168155 1818479.183236 1621822805.767306
988035.141952 1818477.160217 1621822806.967915
988029.412818 1818476.488387 1621822807.617417
988033.837575 1818476.98288 1621822807.117978
988024.446268 1818476.059444 1621822808.167866
988006.204152 1818474.852318 1621822810.167926
988004.406279 1818474.700681 1621822810.367193
987984.501822 1818471.628545 1621822812.717886
987989.776223 1818472.772824 1621822812.06714
987971.838898 1818467.284491 1621822814.418113
987970.833697 1818466.848494 1621822814.568036
987929.886348 1818485.435544 1621822822.818558
987927.640469 1818488.868763 1621822823.316998
987926.265045 1818490.939004 1621822823.618199
987923.924193 1818494.426016 1621822824.117909
987919.174277 1818501.501307 1621822825.117798
987907.843286 1818518.835665 1621822827.518888
987907.143728 1818519.927138 1621822827.667192
987904.591627 1818523.930711 1621822828.21844
987897.734128 1818534.610933 1621822829.717734
987888.725421 1818548.731262 1621822831.718077
987885.608961 1818553.595184 1621822832.418057
987887.167667 1818551.167837 1621822832.066523
987877.790609 1818565.810369 1621822834.117923
987877.081871 1818566.928357 1621822834.267368
987864.321919 1818589.332301 1621822837.117099
987857.909852 1818602.320674 1621822838.7677
987854.190572 1818609.830552 1621822839.767776
987850.298382 1818617.546205 1621822840.818388
987848.468389 1818621.25902 1621822841.317839
987846.103627 1818626.101254 1621822841.967755
987840.81358 1818637.023244 1621822843.4681
987841.329059 1818635.959942 1621822843.31792
987836.72946 1818645.175285 1621822844.667449
987835.030943 1818648.429868 1621822845.170316
987832.021608 1818653.726217 1621822846.030477
987826.647524 1818662.409394 1621822847.366875
987816.879388 1818678.924622 1621822849.767228
987815.696605 1818681.148705 1621822850.067382
987810.693316 1818691.162121 1621822851.418241
987811.977841 1818688.521023 1621822851.070368
987803.918096 1818706.574845 1621822853.41833
987799.819931 1818716.650203 1621822854.767174
987797.708754 1818721.43767 1621822855.416771
987795.403356 1818726.452372 1621822856.117844
987789.315054 1818738.81912 1621822857.818071
987786.815944 1818743.58028 1621822858.46736
987787.983624 1818741.381473 1621822858.168019
987782.074308 1818752.290185 1621822859.669129
987776.27958 1818762.346374 1621822861.170407
987776.836044 1818761.411621 1621822861.030928
987772.966829 1818767.843409 1621822862.067619
987768.064636 1818775.622428 1621822863.368043
987757.179082 1818792.799749 1621822865.91792
987752.134408 1818800.513073 1621822866.967966
987748.048128 1818806.663967 1621822867.817914
987745.05602 1818811.136625 1621822868.471799
987738.885591 1818820.411974 1621822869.86721
987739.546923 1818819.408191 1621822869.717865
987738.221364 1818821.414416 1621822870.028084
987733.569533 1818828.251922 1621822871.028095
987723.533354 1818842.394003 1621822873.030075
987714.454407 1818854.281493 1621822874.717061
987709.743584 1818860.220842 1621822875.56776
987708.893968 1818861.269455 1621822875.717773
987694.717888 1818878.278815 1621822878.217171
987685.761713 1818888.359345 1621822879.767819
987682.097486 1818892.3697 1621822880.418249
987674.514813 1818900.373033 1621822881.817436
987671.833216 1818903.080963 1621822882.316964
987617.459323 1818955.572809 1621822892.167783
987617.650602 1818954.837214 1621822892.0309
987650.776112 1818983.393976 1621822898.716957
987655.047272 1818986.116718 1621822899.217768
987662.345817 1818990.961367 1621822900.067609
987675.472761 1818999.776524 1621822901.71746
987674.418801 1818999.081541 1621822901.567162
987677.852202 1819001.333464 1621822902.067425
987690.575125 1819009.797908 1621822904.267363
987695.301816 1819012.977805 1621822905.067559
987702.14519 1819017.475082 1621822906.118036
987712.480927 1819024.080172 1621822907.817897
987714.519212 1819025.370344 1621822908.167769
987738.684235 1819039.894107 1621822912.218382
987743.94103 1819041.214993 1621822913.027797
987755.643936 1819040.035184 1621822914.717978
987757.661071 1819039.264377 1621822915.029691
987766.719533 1819033.586389 1621822916.418003
987769.860135 1819031.022179 1621822916.917735
987772.920214 1819028.394099 1621822917.418624
987785.08885 1819017.457618 1621822919.418096
987783.144988 1819019.174364 1621822919.118179
987797.463544 1819006.880728 1621822921.117842
987811.1198 1818995.665625 1621822922.767998
987818.580958 1818990.008831 1621822923.618749
987830.254804 1818982.132377 1621822924.917788
987833.424451 1818980.189388 1621822925.26762
987837.966177 1818977.529199 1621822925.767859
987841.157063 1818975.749577 1621822926.117884
987859.485827 1818966.851337 1621822928.117879
987885.31837 1818958.287621 1621822930.817609
987894.385579 1818956.12209 1621822931.817823
987902.324524 1818954.514496 1621822932.818216
987903.783171 1818954.265586 1621822933.027816
987916.098259 1818952.646146 1621822934.716246
987914.591932 1818952.810911 1621822934.519677
987918.419537 1818952.406221 1621822935.030582
987928.38787 1818951.749304 1621822936.218253
987939.744484 1818951.429152 1621822937.467405
987947.370765 1818951.457613 1621822938.268261
987969.307777 1818953.219438 1621822940.467039
987976.316126 1818954.216197 1621822941.167251
987992.799111 1818957.42737 1621822942.868276
987998.893844 1818958.942174 1621822943.517652
988007.978059 1818961.591025 1621822944.519763
988013.663152 1818963.515702 1621822945.167822
988028.212842 1818969.665678 1621822946.867718
988025.690207 1818968.449967 1621822946.568027
988044.448596 1818979.052245 1621822948.868262
988047.197032 1818980.811785 1621822949.216735
988054.853523 1818985.767482 1621822950.217843
988067.26905 1818992.826637 1621822951.867661
988074.865329 1818995.954217 1621822952.868079
988078.676667 1818997.183871 1621822953.368099
988086.296386 1818998.655188 1621822954.36811
988093.973916 1818998.499051 1621822955.41785
988101.434725 1818996.451842 1621822956.567631
988104.33553 1818994.967927 1621822957.068513
988106.975818 1818993.185645 1621822957.567115
988110.283953 1818990.12991 1621822958.266802
988118.664727 1818978.359079 1621822960.268157
988123.462987 1818971.090477 1621822961.317954
988128.256056 1818963.772837 1621822962.317134
988130.669414 1818960.037552 1621822962.818442
988140.408632 1818944.695984 1621822964.817774
988143.899447 1818939.25326 1621822965.518453
988148.79997 1818931.634774 1621822966.518772
988150.241682 1818929.402645 1621822966.817772
988156.753335 1818919.318832 1621822968.21794
988162.724677 1818910.080223 1621822969.567312
988166.985328 1818903.579261 1621822970.567454
988170.450495 1818898.335771 1621822971.417237
988172.972747 1818894.527272 1621822972.06828
988179.009512 1818885.243423 1621822973.767781
988177.293377 1818887.876479 1621822973.267058
988180.167135 1818883.444041 1621822974.11761
988186.872347 1818873.234043 1621822976.266863
988186.440713 1818873.905671 1621822976.116876
988188.305148 1818862.988376 1621822978.61751
988187.383882 1818860.914449 1621822979.117826
988184.933327 1818857.361938 1621822979.967431
988177.112205 1818849.319344 1621822981.818442
988175.661801 1818847.993461 1621822982.117947
988171.270454 1818844.176052 1621822982.967113
988168.567373 1818841.969386 1621822983.467317
988154.475901 1818831.347134 1621822985.869268
988152.611701 1818830.000169 1621822986.167906
988150.404795 1818828.438608 1621822986.517696
988129.998594 1818814.816222 1621822989.868385
988127.869953 1818813.474409 1621822990.217844
988126.955186 1818812.902384 1621822990.366968
988112.175339 1818803.515817 1621822992.918043
988106.724261 1818799.952283 1621822993.967847
988105.974716 1818799.462619 1621822994.117809
988100.334376 1818795.626076 1621822995.268131
988096.176567 1818792.638702 1621822996.118478
988091.843062 1818789.625147 1621822996.967982
988084.643841 1818784.990594 1621822998.267227
988079.727264 1818782.037031 1621822999.117942
988070.237982 1818777.190601 1621823000.767258
988067.306124 1818776.112946 1621823001.268164
988060.252069 1818774.686346 1621823002.466857
988061.441573 1818774.795925 1621823002.268246
988056.327241 1818774.702585 1621823003.119387
988035.033306 1818779.580396 1621823006.316869
988036.120984 1818779.314656 1621823006.167907
988015.686055 1818784.38531 1621823008.868374
988013.135291 1818785.065148 1621823009.217131
988004.684606 1818787.973878 1621823010.518822
987997.41711 1818792.517457 1621823011.918002
987996.086087 1818793.719474 1621823012.21791
987994.619194 1818795.259872 1621823012.567469
987987.350406 1818805.499227 1621823014.417122
987984.458065 1818810.034662 1621823015.117751
987978.606204 1818819.388701 1621823016.468335
987980.154163 1818816.910096 1621823016.117774
987969.082912 1818833.732145 1621823018.518002
987962.702521 1818843.272639 1621823019.867072
987959.636674 1818847.99481 1621823020.518475
987953.337818 1818857.858792 1621823021.867146
987950.329275 1818862.484675 1621823022.518855
987943.723714 1818872.441271 1621823023.917823
987940.66476 1818877.09151 1621823024.567719
987942.312011 1818874.58178 1621823024.218
987924.140298 1818904.253057 1621823028.617618
987922.526256 1818909.980924 1621823029.766189
987922.043899 1818911.583063 1621823030.117196
987921.59086 1818912.939121 1621823030.417462
987920.426193 1818916.117131 1621823031.118075
987918.781341 1818921.748047 1621823032.166949
987917.610833 1818936.580758 1621823034.566284
987918.275786 1818941.879852 1621823035.567096
987918.683891 1818943.54055 1621823035.917881
987919.300796 1818945.149603 1621823036.267295
987934.102907 1818952.084279 1621823039.618417
987939.967837 1818951.871892 1621823040.467985
987937.458587 1818951.954702 1621823040.117146
987945.330489 1818951.767161 1621823041.167184
988002.768172 1818959.805176 1621823047.467157
988006.068695 1818960.825783 1621823047.8183
988009.329183 1818961.916518 1621823048.166822
988021.349485 1818966.67432 1621823049.518877
988035.838459 1818974.182485 1621823051.216978
988049.611679 1818982.82428 1621823052.867726
988055.536713 1818986.532935 1621823053.567654
988067.018981 1818992.957428 1621823054.915987
988074.776084 1818996.132194 1621823055.817226
988081.775176 1818997.932299 1621823056.61762
988084.82429 1818998.40505 1621823056.967844
988094.714923 1818998.192448 1621823058.117871
988102.498589 1818995.611854 1621823059.117834
988107.065434 1818992.636489 1621823059.817558
988117.163235 1818980.143992 1621823061.817821
988115.472254 1818982.654903 1621823061.468111
988127.184049 1818964.966116 1621823063.817868
988130.76955 1818959.468674 1621823064.518175
988128.96916 1818962.221942 1621823064.167736
988134.100011 1818954.294442 1621823065.166877
988141.084734 1818943.529334 1621823066.519139
988144.66781 1818938.054065 1621823067.217178
988149.749249 1818930.238844 1621823068.217446
988158.113068 1818917.329911 1621823069.867292
988168.069151 1818901.962684 1621823071.916126
988172.295582 1818895.51292 1621823072.917719
988176.104457 1818889.847827 1621823073.917582
988179.279676 1818884.969188 1621823074.917772
988184.712287 1818875.729121 1621823076.967091
988185.759727 1818871.187489 1621823077.967376
988185.63864 1818868.002767 1621823078.666823
988184.34775 1818863.517742 1621823079.666968
988183.669873 1818862.105558 1621823079.967048
988180.606439 1818857.362862 1621823080.968894
988173.597167 1818849.721797 1621823082.66789
988175.141959 1818851.26334 1621823082.317628
988165.948571 1818842.582156 1621823084.316818
988164.325836 1818841.13653 1621823084.668079
988158.579367 1818836.198767 1621823085.967527
988157.127027 1818834.968985 1621823086.316858
988146.296223 1818826.399574 1621823088.970382
988144.839362 1818825.407441 1621823089.315993
988141.330963 1818823.132783 1621823090.16709
988138.523589 1818821.354216 1621823090.867148
988137.342559 1818820.61101 1621823091.166793
988133.380297 1818818.12706 1621823092.21687
988130.372796 1818816.234629 1621823093.217513
988127.868653 1818814.66528 1621823095.917559
988127.859057 1818814.659489 1621823095.567433
988127.876368 1818814.686128 1621823097.268788
988127.877054 1818814.690937 1621823097.46812
