353366.319266 4026161.406232 1621822591.817764
353366.324169 4026161.403418 1621822592.166662
353366.326154 4026161.401621 1621822592.366867
353366.342098 4026161.397961 1621822594.216743
353366.364206 4026161.409257 1621822594.417998
353372.155832 4026164.986362 1621822597.81671
353375.604872 4026167.291299 1621822598.866963
353373.246698 4026165.708484 1621822598.166758
353376.715784 4026168.039852 1621822599.167664
353391.113565 4026177.400399 1621822602.266814
353396.356356 4026180.869225 1621822603.266648
353395.296077 4026180.15689 1621822603.067066
353410.275408 4026190.982376 1621822605.966712
353412.718616 4026192.961459 1621822606.466777
353418.233563 4026197.539867 1621822607.666826
353421.845203 4026200.628612 1621822608.518693
353423.857428 4026202.383511 1621822609.028123
353424.64178 4026203.076238 1621822609.217915
353429.080844 4026207.075516 1621822610.417074
353431.923522 4026209.655513 1621822611.266902
353442.698814 4026211.012067 1621822614.866796
353443.968658 4026209.194899 1621822615.56699
353446.289839 4026205.087916 1621822616.917635
353448.238163 4026201.79403 1621822617.916627
353446.96563 4026203.940682 1621822617.267213
353451.042739 4026197.222679 1621822619.266273
353453.998728 4026192.505788 1621822620.666997
353456.222489 4026188.882855 1621822621.667337
353459.38148 4026183.760902 1621822622.967647
353460.259152 4026182.331988 1621822623.316832
353462.336619 4026178.996829 1621822624.166904
353464.82839 4026175.031459 1621822625.217175
353466.787739 4026171.896874 1621822626.030223
353467.27991 4026171.110305 1621822626.217153
353470.055322 4026166.703088 1621822627.367587
353474.927737 4026158.950227 1621822629.416628
353474.580505 4026159.518035 1621822629.267144
353476.88806 4026155.856023 1621822630.267126
353486.451928 4026140.949412 1621822633.866955
353487.483366 4026139.309809 1621822634.216746
353488.380227 4026137.889368 1621822634.518182
353497.774921 4026123.124203 1621822637.716574
353501.560009 4026117.070144 1621822638.966829
353500.48804 4026118.795217 1621822638.617744
353512.913254 4026098.906793 1621822642.6668
353514.499484 4026096.380769 1621822643.167818
353514.020392 4026097.144274 1621822643.030169
353531.693635 4026064.298044 1621822648.366765
353533.383541 4026058.85389 1621822649.067146
353533.970318 4026056.444134 1621822649.366986
353535.816118 4026044.760581 1621822650.767674
353536.100593 4026034.38967 1621822651.967705
353533.817583 4026017.232112 1621822653.916929
353533.194901 4026014.598683 1621822654.2169
353532.363008 4026011.546109 1621822654.567003
353523.404634 4025991.145728 1621822656.967966
353521.666071 4025988.31026 1621822657.316876
353520.088405 4025985.915114 1621822657.619415
353505.4526 4025969.508819 1621822659.866899
353509.14225 4025972.825236 1621822659.368531
353482.552591 4025954.2462 1621822662.567725
353479.902063 4025952.636378 1621822662.866857
353478.137433 4025951.555348 1621822663.06711
353466.242157 4025943.972732 1621822664.416905
353451.243225 4025934.251663 1621822666.116526
353436.6672 4025925.189491 1621822667.818184
353442.553291 4025928.839924 1621822667.116838
353419.180838 4025914.29102 1621822669.967081
353426.07429 4025918.557353 1621822669.116753
353417.980686 4025913.545472 1621822670.116674
353409.417947 4025908.206367 1621822671.217763
353392.135274 4025897.208449 1621822673.917438
353387.300661 4025894.136108 1621822674.967521
353382.777127 4025891.494374 1621822675.970513
353386.625113 4025893.718059 1621822675.115685
353374.288125 4025888.674955 1621822677.818107
353372.702494 4025888.741318 1621822678.167807
353370.374194 4025889.304857 1621822678.717873
353368.489862 4025890.326733 1621822679.217113
353362.28053 4025898.686927 1621822681.316556
353362.882413 4025897.721874 1621822681.117644
353356.313062 4025908.633678 1621822683.218011
353355.803573 4025909.476131 1621822683.368116
353326.684895 4025956.54726 1621822690.668013
353324.338677 4025960.210998 1621822691.317809
353319.605894 4025967.661288 1621822692.667001
353320.843709 4025965.718169 1621822692.316808
353314.729086 4025975.436904 1621822694.029195
353305.191506 4025990.779449 1621822696.36799
353300.675053 4025997.998301 1621822697.367635
353302.288749 4025995.444532 1621822697.027739
353295.243386 4026006.577043 1621822698.518867
353291.145875 4026013.103848 1621822699.368177
353269.719263 4026047.057264 1621822703.918024
353270.388525 4026046.009908 1621822703.766959
353268.156023 4026049.515482 1621822704.266775
353260.862914 4026061.206483 1621822705.967137
353255.809741 4026074.404192 1621822707.966869
353256.899966 4026069.186269 1621822707.167686
353259.875967 4026085.342618 1621822709.966555
353258.510757 4026083.774344 1621822709.617848
353268.670846 4026091.703451 1621822711.667028
353269.556592 4026092.2557 1621822711.817928
353286.251531 4026102.845579 1621822714.365991
353306.47673 4026122.761792 1621822717.86697
353311.631257 4026126.869273 1621822718.717561
353309.417768 4026125.231519 1621822718.36777
353313.928909 4026128.432472 1621822719.068033
353325.921419 4026135.710175 1621822720.767737
353330.734304 4026138.58637 1621822721.416788
353338.827094 4026143.75345 1621822722.519087
353351.637759 4026152.331995 1621822724.367209
353357.226526 4026155.908373 1621822725.167124
353363.263337 4026159.717428 1621822726.029799
353371.522856 4026164.988659 1621822727.216957
353377.901629 4026169.058858 1621822728.167708
353387.68604 4026175.208272 1621822729.618097
353394.52634 4026179.76626 1621822730.618867
353399.348823 4026183.228494 1621822731.316827
353408.419417 4026190.382067 1621822732.667222
353412.51901 4026193.9186 1621822733.317878
353420.855542 4026201.406313 1621822734.717737
353422.580069 4026202.936728 1621822735.027966
353424.584677 4026204.678847 1621822735.368027
353435.134483 4026212.005824 1621822737.567147
353440.345258 4026212.448451 1621822738.917555
353442.588239 4026211.461893 1621822739.566258
353442.10265 4026211.752753 1621822739.417117
353445.946425 4026208.017724 1621822740.76709
353446.877619 4026206.592564 1621822741.117874
353451.354997 4026198.781686 1621822742.667164
353454.724126 4026192.902838 1621822743.617235
353461.86969 4026180.798418 1621822745.316983
353466.712818 4026172.895672 1621822746.31708
353472.178193 4026164.203474 1621822747.36722
353477.883605 4026155.134342 1621822748.418412
353482.399747 4026148.012361 1621822749.218214
353485.571539 4026143.029004 1621822749.767005
353491.351327 4026133.795889 1621822750.768713
353493.379411 4026130.551275 1621822751.11596
353502.711656 4026115.45953 1621822752.867044
353509.721672 4026104.072795 1621822754.618266
353512.278463 4026099.993593 1621822755.316144
353517.880507 4026091.129872 1621822756.71778
353522.051537 4026084.380064 1621822757.718362
353526.153089 4026077.203046 1621822758.770528
353529.737501 4026070.052493 1621822759.767906
353530.689396 4026067.799346 1621822760.067011
353533.531867 4026059.411451 1621822761.117702
353535.861978 4026046.475556 1621822762.56766
353536.391397 4026036.503368 1621822763.616775
353536.391995 4026034.562549 1621822763.818488
353536.320378 4026031.631733 1621822764.117712
353534.969182 4026019.300237 1621822765.367138
353528.492173 4026000.528862 1621822767.317717
353521.132063 4025987.781586 1621822768.718726
353516.669026 4025981.838152 1621822769.417907
353506.003736 4025970.766045 1621822770.917631
353498.462999 4025964.728206 1621822771.917853
353499.607606 4025965.574732 1621822771.76795
353487.435065 4025957.386975 1621822773.318165
353485.153007 4025955.893398 1621822773.61804
353481.040492 4025953.229437 1621822774.168092
353463.246241 4025941.993112 1621822776.667226
353455.062339 4025936.708415 1621822777.867076
353451.742731 4025934.559774 1621822778.366853
353452.73006 4025935.196801 1621822778.217237
353369.537168 4025882.748842 1621822791.318757
353368.660259 4025882.173398 1621822791.467029
353356.116705 4025874.010847 1621822793.71769
353354.213912 4025872.809888 1621822794.067113
353352.284329 4025871.611035 1621822794.418198
353348.623524 4025869.363108 1621822795.067303
353284.459192 4025834.044295 1621822805.767306
353274.40018 4025832.176853 1621822806.967915
353268.659825 4025831.593987 1621822807.617417
353273.09287 4025832.019767 1621822807.117978
353263.685932 4025831.242188 1621822808.167866
353244.970651 4025830.288875 1621822810.217877
353243.174564 4025830.161576 1621822810.418029
353224.067657 4025827.523432 1621822812.667305
353228.544729 4025828.420753 1621822812.117752
353210.935006 4025823.283792 1621822814.418113
353209.922891 4025822.863361 1621822814.568036
353169.474349 4025841.744197 1621822822.767031
353167.066074 4025845.55804 1621822823.316998
353165.722644 4025847.649944 1621822823.618199
353163.435676 4025851.173818 1621822824.117909
353158.795095 4025858.323907 1621822825.117798
353147.732014 4025875.836761 1621822827.518888
353146.821823 4025877.305977 1621822827.717796
353144.33399 4025881.349894 1621822828.267359
353137.646782 4025892.133435 1621822829.76779
353129.293594 4025905.68521 1621822831.668425
353126.253225 4025910.598733 1621822832.367031
353127.773139 4025908.140148 1621822832.031124
353118.635934 4025922.910958 1621822834.06726
353117.943657 4025924.036051 1621822834.21819
353105.500717 4025946.616538 1621822837.067316
353099.08952 4025960.109351 1621822838.7677
353095.486473 4025967.678069 1621822839.767776
353091.71369 4025975.455278 1621822840.818388
353089.941163 4025979.197046 1621822841.317839
353087.65135 4025984.076701 1621822841.967755
353082.530363 4025995.082415 1621822843.4681
353083.029383 4025994.010954 1621822843.31792
353078.572409 4026003.299056 1621822844.667449
353076.924252 4026006.580486 1621822845.170316
353073.996838 4026011.924338 1621822846.030477
353068.554974 4026021.023457 1621822847.418363
353059.616279 4026036.642964 1621822849.666682
353058.28462 4026039.229626 1621822850.030174
353053.424406 4026049.315626 1621822851.367841
353054.66941 4026046.657256 1621822851.031419
353046.858148 4026064.832543 1621822853.366943
353042.916277 4026074.997433 1621822854.717783
353040.886464 4026079.812572 1621822855.366394
353038.504123 4026085.229658 1621822856.117844
353032.607233 4026097.692739 1621822857.818071
353029.991904 4026102.86276 1621822858.518973
353031.315454 4026100.27614 1621822858.168019
353025.57491 4026111.278205 1621822859.669129
353019.759881 4026121.73611 1621822861.218304
353020.477726 4026120.482318 1621822861.030928
353016.707966 4026126.975133 1621822862.067619
353012.114175 4026134.521274 1621822863.317791
353001.534753 4026151.812007 1621822865.867865
352996.618307 4026159.600438 1621822866.917977
352992.620221 4026165.828085 1621822867.767888
352989.466354 4026170.708154 1621822868.471799
352983.439271 4026180.080694 1621822869.86721
352984.085089 4026179.066493 1621822869.717865
352982.790537 4026181.093599 1621822870.028084
352978.006786 4026188.356271 1621822871.068571
352968.178648 4026202.658662 1621822873.067466
352959.262777 4026214.689372 1621822874.768022
352954.63419 4026220.703435 1621822875.617977
352953.802689 4026221.764555 1621822875.766609
352939.594362 4026239.321815 1621822878.317839
352931.645474 4026248.54326 1621822879.717788
352928.036189 4026252.624189 1621822880.367084
352920.56455 4026260.771884 1621822881.767907
352917.928659 4026263.531568 1621822882.267634
352864.097551 4026317.147709 1621822892.167783
352864.053373 4026317.398426 1621822892.218412
352897.85142 4026344.454745 1621822898.716957
352902.165493 4026347.11146 1621822899.217768
352909.540354 4026351.843308 1621822900.067609
352922.806139 4026360.455599 1621822901.71746
352921.74123 4026359.776906 1621822901.567162
352925.21011 4026361.975761 1621822902.067425
352938.066366 4026370.243571 1621822904.267363
352943.16252 4026373.555405 1621822905.117883
352949.427325 4026377.538417 1621822906.067757
352960.197203 4026384.187237 1621822907.817897
352962.255824 4026385.445898 1621822908.167769
352986.649944 4026399.595971 1621822912.218382
352991.927993 4026400.835314 1621822913.027797
353003.276431 4026399.590168 1621822914.668674
353005.619586 4026398.671135 1621822915.029691
353014.591014 4026392.851546 1621822916.418003
353017.692182 4026390.238161 1621822916.917735
353020.711822 4026387.562149 1621822917.418624
353033.038638 4026376.138995 1621822919.467135
353031.109536 4026377.894078 1621822919.167119
353045.314001 4026365.3273 1621822921.167935
353058.834612 4026353.886696 1621822922.817383
353066.221224 4026348.134712 1621822923.667354
353077.782953 4026340.114573 1621822924.96795
353080.925378 4026338.130115 1621822925.317975
353085.428222 4026335.414108 1621822925.817241
353088.59105 4026333.594596 1621822926.167833
353105.870024 4026324.865773 1621822928.067299
353131.56316 4026315.837449 1621822930.767124
353141.070215 4026313.391963 1621822931.817823
353148.98525 4026311.660731 1621822932.818216
353150.076754 4026311.455377 1621822932.967817
353162.731816 4026309.578 1621822934.716246
353161.227845 4026309.766205 1621822934.519677
353165.049681 4026309.301956 1621822935.030582
353175.445998 4026308.464451 1621822936.267162
353186.362342 4026307.993236 1621822937.467405
353194.473992 4026307.905431 1621822938.316189
353215.453327 4026309.26494 1621822940.418288
353222.982288 4026310.212118 1621822941.167251
353239.040712 4026313.062235 1621822942.818105
353245.636546 4026314.587744 1621822943.517652
353254.763175 4026317.095732 1621822944.519763
353260.478962 4026318.93229 1621822945.167822
353275.126236 4026324.856911 1621822946.867718
353272.584359 4026323.680252 1621822946.568027
353291.510119 4026333.99235 1621822948.868262
353294.286282 4026335.709402 1621822949.216735
353302.020854 4026340.546743 1621822950.217843
353314.547809 4026347.413843 1621822951.867661
353322.193741 4026350.423754 1621822952.868079
353326.024712 4026351.594323 1621822953.368099
353333.668338 4026352.947383 1621822954.36811
353341.344482 4026352.671869 1621822955.41785
353349.075263 4026350.369857 1621822956.617318
353351.911765 4026348.820217 1621822957.118918
353354.514328 4026346.955098 1621822957.618629
353357.526623 4026344.048036 1621822958.266802
353365.725543 4026332.145322 1621822960.268157
353370.639263 4026324.435443 1621822961.36655
353375.325564 4026317.03201 1621822962.366184
353376.9773 4026314.39195 1621822962.717771
353386.706429 4026298.531286 1621822964.767472
353389.870363 4026293.422654 1621822965.417904
353394.906362 4026285.323376 1621822966.466757
353396.312504 4026283.064634 1621822966.767954
353402.678493 4026272.861276 1621822968.168032
353408.730002 4026263.172266 1621822969.567312
353412.890168 4026256.604189 1621822970.567454
353416.079893 4026251.606817 1621822971.367898
353418.737677 4026247.457896 1621822972.06828
353424.630935 4026238.078945 1621822973.767781
353422.9555 4026240.739036 1621822973.267058
353425.760742 4026236.261323 1621822974.11761
353432.308139 4026225.945707 1621822976.266863
353431.886888 4026226.624136 1621822976.116876
353433.503941 4026215.470754 1621822978.668545
353432.510019 4026213.408769 1621822979.167834
353429.943364 4026209.896302 1621822980.028898
353421.934163 4026201.962777 1621822981.867079
353420.45331 4026200.655894 1621822982.167286
353415.981059 4026196.907736 1621822983.029187
353413.234485 4026194.743937 1621822983.518888
353399.569837 4026184.775547 1621822985.818578
353397.684971 4026183.457985 1621822986.117959
353395.459726 4026181.92953 1621822986.46701
353374.518544 4026168.404115 1621822989.868385
353372.368755 4026167.095211 1621822990.217844
353371.752817 4026166.723217 1621822990.316741
353356.517202 4026157.37925 1621822992.918043
353351.009988 4026153.899973 1621822993.967847
353350.25273 4026153.421895 1621822994.117809
353344.551984 4026149.672513 1621822995.268131
353340.347171 4026146.749369 1621822996.118478
353335.966231 4026143.802772 1621822996.967982
353328.402259 4026139.106122 1621822998.316068
353323.730829 4026136.401972 1621822999.117942
353313.870891 4026131.589352 1621823000.817575
353310.920705 4026130.579078 1621823001.31664
353304.138721 4026129.353039 1621823002.466857
353305.032953 4026129.415346 1621823002.317779
353299.911149 4026129.459379 1621823003.16897
353278.622765 4026134.736931 1621823006.367235
353279.718491 4026134.449615 1621823006.217548
353260.081535 4026139.645432 1621823008.817791
353257.53589 4026140.357981 1621823009.167808
353248.770269 4026143.506195 1621823010.518822
353241.801522 4026147.966878 1621823011.868676
353240.259899 4026149.38624 1621823012.21791
353238.816753 4026150.949651 1621823012.567469
353231.706152 4026161.303394 1621823014.417122
353228.677934 4026166.22159 1621823015.168029
353223.17668 4026175.33069 1621823016.468335
353224.470893 4026173.184419 1621823016.167912
353213.87507 4026189.824129 1621823018.518002
353207.872079 4026199.099642 1621823019.816937
353204.649268 4026204.235582 1621823020.518475
353198.727645 4026213.830602 1621823021.817826
353195.565857 4026218.872107 1621823022.518855
353189.343539 4026228.572746 1621823023.867436
353186.1271 4026233.631172 1621823024.567719
353187.73556 4026231.095493 1621823024.218
353170.022636 4026261.053302 1621823028.617618
353168.497418 4026266.80704 1621823029.766189
353168.039902 4026268.416896 1621823030.117196
353167.607883 4026269.780181 1621823030.417462
353166.413147 4026273.209678 1621823031.167763
353164.934924 4026278.633983 1621823032.166949
353163.973961 4026293.202995 1621823034.51876
353164.742267 4026298.776388 1621823035.567096
353165.176245 4026300.430968 1621823035.917881
353165.721273 4026301.807573 1621823036.21703
353180.730181 4026308.736156 1621823039.618417
353186.592608 4026308.432564 1621823040.467985
353184.084304 4026308.554394 1621823040.117146
353191.954362 4026308.244451 1621823041.167184
353250.000744 4026315.524026 1621823047.519019
353252.841655 4026316.360069 1621823047.8183
353256.119543 4026317.400264 1621823048.166822
353268.652771 4026322.158935 1621823049.567904
353283.250626 4026329.496555 1621823051.268576
353296.732544 4026337.684632 1621823052.867726
353302.286722 4026341.04576 1621823053.517295
353314.299739 4026347.548539 1621823054.915987
353321.67049 4026350.464194 1621823055.768074
353329.135277 4026352.294683 1621823056.61762
353332.192154 4026352.720096 1621823056.967844
353342.080823 4026352.353704 1621823058.117871
353349.825426 4026349.651755 1621823059.117834
353354.346635 4026346.60499 1621823059.817558
353364.251596 4026333.953819 1621823061.817821
353362.59942 4026336.491358 1621823061.468111
353374.285796 4026318.222902 1621823063.866994
353377.538335 4026313.064176 1621823064.518175
353375.780504 4026315.845806 1621823064.167736
353381.039074 4026307.433334 1621823065.218195
353387.859249 4026296.563538 1621823066.567698
353391.105568 4026291.430605 1621823067.217178
353396.31367 4026283.138909 1621823068.269035
353403.985859 4026270.886021 1621823069.818554
353413.723984 4026255.325156 1621823071.86805
353417.881296 4026248.76005 1621823072.86818
353421.797065 4026242.729133 1621823073.917582
353424.896872 4026237.800473 1621823074.917772
353430.186575 4026228.474702 1621823076.967091
353431.163554 4026223.916173 1621823077.967376
353430.992941 4026220.732902 1621823078.666823
353429.632154 4026216.267338 1621823079.666968
353428.932232 4026214.865501 1621823079.967048
353425.794655 4026210.169787 1621823080.968894
353418.665649 4026202.636651 1621823082.66789
353420.234614 4026204.154388 1621823082.317628
353410.905027 4026195.614946 1621823084.316818
353409.2596 4026194.194351 1621823084.668079
353403.435592 4026189.345252 1621823085.967527
353401.963938 4026188.137881 1621823086.316858
353390.99845 4026179.735681 1621823088.970382
353389.525969 4026178.766061 1621823089.315993
353385.981733 4026176.545635 1621823090.16709
353383.14633 4026174.810469 1621823090.867148
353381.756567 4026173.965542 1621823091.21764
353377.775325 4026171.556039 1621823092.268252
353374.795258 4026169.745135 1621823093.267841
353372.385476 4026168.285821 1621823095.868175
353372.37856 4026168.282127 1621823095.51776
353372.394008 4026168.306995 1621823097.268788
353372.394645 4026168.310643 1621823097.417516
