353612.08084 4025987.342673 1621843338.861431
353613.664484 4025988.669013 1621843339.560743
353617.641403 4025992.005073 1621843340.862362
353620.33995 4025994.374808 1621843341.560667
353618.932523 4025993.125459 1621843341.219264
353623.278969 4025997.097914 1621843342.222907
353627.571808 4026001.257861 1621843343.061535
353641.341385 4026013.461582 1621843345.261569
353647.619827 4026018.615457 1621843346.111815
353658.231036 4026027.231128 1621843347.462189
353670.169907 4026036.778003 1621843348.861731
353679.172926 4026043.899936 1621843349.867168
353681.938906 4026046.074379 1621843350.161589
353691.824185 4026053.894972 1621843351.224277
353698.085148 4026058.870698 1621843351.862029
353701.486072 4026061.587664 1621843352.224466
353717.048161 4026074.026737 1621843353.761707
353722.228486 4026078.178895 1621843354.262349
353742.176255 4026094.057272 1621843356.112112
353758.059532 4026106.770978 1621843357.512398
353773.943786 4026119.665942 1621843358.862399
353786.175383 4026129.405352 1621843359.862037
353789.883968 4026132.337244 1621843360.160845
353802.950801 4026142.693832 1621843361.223033
353815.462693 4026152.557822 1621843362.224658
353824.254916 4026159.469604 1621843362.912315
353841.318215 4026173.242114 1621843364.26191
353843.215033 4026174.802134 1621843364.411373
353873.864708 4026199.841267 1621843366.811804
353877.780397 4026202.935819 1621843367.111908
353891.585599 4026213.896015 1621843368.161834
353913.290957 4026231.186217 1621843369.811692
353926.611471 4026241.767572 1621843370.811458
353931.320334 4026245.473828 1621843371.161768
353949.523886 4026259.894419 1621843372.511951
353967.143389 4026273.962527 1621843373.812231
353976.716517 4026281.596476 1621843374.512137
353971.909758 4026277.766126 1621843374.161114
354023.37624 4026319.226542 1621843377.861808
354028.369016 4026323.260818 1621843378.224034
354042.730789 4026334.825716 1621843379.223406
354049.975609 4026340.653645 1621843379.713472
354086.801381 4026370.069036 1621843382.224422
354092.011877 4026374.167235 1621843382.561601
354101.72436 4026381.810091 1621843383.223364
354133.162088 4026406.010544 1621843385.263523
354147.433977 4026416.039806 1621843386.161055
354190.689197 4026444.58456 1621843388.862752
354195.486774 4026447.696827 1621843389.16152
354222.632992 4026465.215698 1621843390.862127
354233.736322 4026472.351812 1621843391.560619
354239.269377 4026475.861723 1621843391.911816
354244.794062 4026479.366739 1621843392.261987
354266.096118 4026493.075308 1621843393.611843
354276.293207 4026499.590114 1621843394.262041
354305.599428 4026518.485749 1621843396.160829
354320.544609 4026528.038925 1621843397.161808
354340.202451 4026539.956722 1621843398.512286
354342.400109 4026541.378389 1621843398.662228
354369.825649 4026559.395122 1621843400.561045
354383.818335 4026568.383016 1621843401.561719
354392.753992 4026574.02716 1621843402.223071
354406.264304 4026582.62341 1621843403.226461
354415.503819 4026588.481562 1621843403.911835
354420.056116 4026591.382816 1621843404.262069
354451.92437 4026611.90752 1621843406.811503
354460.332131 4026617.393577 1621843407.511996
354472.046113 4026624.964598 1621843408.511806
354483.512769 4026632.384797 1621843409.511904
354499.066757 4026642.406271 1621843410.911916
354506.095696 4026646.896593 1621843411.561644
354520.287799 4026655.969356 1621843412.91188
354525.401518 4026659.223764 1621843413.411639
354540.072459 4026668.476122 1621843414.912033
354543.274766 4026670.464045 1621843415.261689
354546.429772 4026672.550405 1621843415.611733
354551.891676 4026676.162463 1621843416.26178
354561.003887 4026681.933393 1621843417.611681
354567.550361 4026686.083329 1621843418.961746
354569.721776 4026687.415916 1621843419.611554
354572.057804 4026688.834171 1621843421.311867
354572.073523 4026688.835858 1621843422.861562
354572.088061 4026688.821436 1621843423.561463
354572.102741 4026688.815509 1621843424.224306
354572.10401 4026688.815155 1621843424.611522
354572.108299 4026688.801125 1621843425.961483
354572.118415 4026688.755506 1621843426.961453
354572.187672 4026688.747774 1621843428.662497
354572.179823 4026688.747114 1621843428.312072
354572.202697 4026688.748092 1621843429.311861
354572.217313 4026688.741961 1621843431.861433
354572.211891 4026688.741809 1621843432.861437
354572.210092 4026688.732075 1621843433.861754
354572.209379 4026688.726802 1621843434.224388
354572.235868 4026688.750855 1621843435.861446
354572.22902 4026688.744857 1621843435.224539
354572.239605 4026688.75428 1621843436.225003
354572.245729 4026688.756839 1621843438.861397
354572.247432 4026688.766824 1621843438.224569
354572.245646 4026688.753972 1621843439.061747
354572.253847 4026688.75581 1621843441.224465
354572.249712 4026688.751168 1621843441.911757
354572.245168 4026688.761301 1621843443.261844
354572.244338 4026688.77589 1621843444.911864
354572.247751 4026688.777646 1621843445.262305
354572.234366 4026688.786182 1621843445.911699
354572.224124 4026688.781523 1621843447.561457
354572.459242 4026688.933939 1621843448.961094
354572.593911 4026689.018568 1621843449.312032
354572.65607 4026689.057693 1621843449.461586
354574.676441 4026690.327445 1621843453.461983
354580.274817 4026693.880556 1621843456.461501
354583.980137 4026696.202696 1621843457.312068
354583.278095 4026695.76594 1621843457.160564
354671.868211 4026715.69272 1621843467.361359
354689.115431 4026712.481004 1621843468.712923
354705.385595 4026708.990748 1621843469.911706
354714.575825 4026706.99994 1621843470.560788
354709.593923 4026708.075081 1621843470.221258
354749.649596 4026699.269148 1621843472.911904
354782.287602 4026692.290305 1621843474.9614
354787.086409 4026691.295728 1621843475.261606
354803.008202 4026687.936662 1621843476.261682
354818.79378 4026684.733221 1621843477.261451
354835.005783 4026681.405056 1621843478.311739
354850.147231 4026678.472409 1621843479.311346
354870.524567 4026675.326416 1621843480.661513
354875.784885 4026674.625055 1621843481.011763
354881.004152 4026673.964205 1621843481.363334
354905.38395 4026671.535927 1621843483.062244
354928.669337 4026670.030383 1621843484.911648
354935.751213 4026669.699443 1621843485.560268
354942.755002 4026669.429495 1621843486.261217
354945.575124 4026669.333581 1621843486.56029
354974.640876 4026668.558557 1621843490.611173
354980.75722 4026668.411519 1621843491.960394
354982.97115 4026668.354719 1621843492.611471
354983.974598 4026668.335219 1621843492.960428
354985.501787 4026668.298537 1621843493.611395
354987.338401 4026668.235439 1621843497.011775
354987.334559 4026668.233268 1621843497.312031
354987.327122 4026668.228408 1621843498.011735
354987.316563 4026668.211481 1621843499.713249
354987.316603 4026668.199603 1621843500.911849
354987.317213 4026668.196688 1621843501.220818
354987.310241 4026668.181725 1621843501.561606
354987.30368 4026668.157612 1621843503.611258
354987.306275 4026668.156034 1621843504.960404
354987.307717 4026668.154241 1621843505.611454
354987.310872 4026668.151713 1621843506.311714
354987.307533 4026668.14934 1621843507.960532
354987.305882 4026668.149095 1621843508.311656
354987.306086 4026668.149375 1621843508.611405
354987.311172 4026668.148548 1621843509.960356
354987.308458 4026668.147733 1621843511.661091
354987.309576 4026668.14789 1621843512.311671
354987.311268 4026668.146089 1621843513.011356
354987.310833 4026668.145307 1621843514.360407
354987.311512 4026668.144247 1621843514.713098
354987.312283 4026668.143127 1621843515.011279
354987.337004 4026668.198174 1621843516.01148
354987.95453 4026668.715142 1621843517.361128
354987.959184 4026668.721656 1621843518.011632
354987.910043 4026668.71697 1621843520.561562
354987.920622 4026668.722227 1621843521.611363
354987.923367 4026668.722761 1621843521.961043
354987.925766 4026668.723136 1621843522.261285
354987.940793 4026668.725048 1621843524.96114
354987.94274 4026668.725249 1621843525.661433
354987.945069 4026668.724297 1621843526.3119
354987.951467 4026668.725265 1621843527.661479
354987.954076 4026668.726399 1621843528.661246
354988.005919 4026668.724774 1621843529.661233
354988.151767 4026668.7204 1621843530.011436
354988.507896 4026668.710658 1621843530.36151
354989.719536 4026668.675941 1621843531.011346
354994.104534 4026668.548146 1621843532.361398
355005.236016 4026668.205733 1621843534.360471
355015.803415 4026668.01563 1621843535.71313
355026.702718 4026667.802178 1621843536.912011
355023.406994 4026667.862401 1621843536.560415
355039.943031 4026667.600262 1621843538.26144
355069.538223 4026667.157569 1621843540.911488
355082.317935 4026666.864929 1621843541.911519
355073.902709 4026667.058456 1621843541.26166
355100.764848 4026666.448551 1621843543.261293
355125.089421 4026665.962722 1621843544.961231
355130.054417 4026665.887169 1621843545.311755
355153.561577 4026665.394685 1621843547.011189
355148.779855 4026665.502105 1621843546.66125
355171.492348 4026664.95676 1621843548.311822
355186.111287 4026664.636533 1621843549.360418
355190.939596 4026664.554952 1621843549.713637
355221.591709 4026663.907213 1621843552.010789
355232.35326 4026663.660896 1621843552.861383
355274.866263 4026662.794185 1621843556.712242
355317.638746 4026661.849307 1621843561.712667
355315.402667 4026661.895591 1621843561.411632
355320.179762 4026661.796194 1621843562.061253
355349.162159 4026661.11548 1621843570.960275
355349.163928 4026661.108844 1621843571.461063
355349.162927 4026661.113355 1621843571.112052
355349.123533 4026661.025936 1621843573.611449
355349.461132 4026660.989276 1621843574.960211
355349.535232 4026660.981467 1621843575.312028
355349.885129 4026660.963323 1621843576.661189
355349.831942 4026660.964312 1621843576.51154
355352.112919 4026660.919942 1621843578.713461
355351.336734 4026660.932539 1621843578.361443
355354.042373 4026660.878344 1621843579.410451
355363.429106 4026660.676805 1621843581.961282
355366.748678 4026660.601012 1621843582.661068
355368.564395 4026660.559685 1621843583.011672
355370.509757 4026660.520566 1621843583.361376
355376.784114 4026660.3942 1621843584.360065
355381.596351 4026660.308623 1621843585.061003
355391.634235 4026660.168007 1621843586.411077
355396.948661 4026660.07844 1621843587.061072
355455.383732 4026659.033638 1621843592.611262
355451.844248 4026659.084104 1621843592.311754
355530.656521 4026658.379769 1621843599.011646
355538.094504 4026658.427112 1621843599.661193
355534.104686 4026658.396825 1621843599.312031
355557.698083 4026658.705684 1621843601.361506
355565.917296 4026658.843876 1621843602.061032
355618.193847 4026659.583788 1621843606.560366
355646.391298 4026659.540976 1621843608.911142
355648.216206 4026659.547165 1621843609.061198
355656.125726 4026659.586275 1621843609.712754
355664.709059 4026659.703561 1621843610.410404
355677.806035 4026660.015154 1621843611.461195
355703.634489 4026660.561044 1621843613.461476
355701.663236 4026660.535829 1621843613.311675
355729.458397 4026660.761817 1621843615.460688
355741.587968 4026660.729599 1621843616.661611
355738.408538 4026660.745774 1621843616.31207
355752.527415 4026660.668785 1621843618.361262
355756.019103 4026660.641191 1621843619.712694
355756.353171 4026660.645968 1621843620.061008
355756.505869 4026660.64729 1621843620.36124
355756.536156 4026660.64374 1621843621.561299
355756.538872 4026660.582954 1621843623.461295
355756.538092 4026660.562042 1621843624.811045
355756.535111 4026660.56002 1621843624.111596
355756.537705 4026660.573849 1621843626.660971
355756.529758 4026660.588556 1621843627.660895
355756.530291 4026660.588992 1621843628.661078
355756.530628 4026660.589255 1621843629.361025
355756.528081 4026660.585674 1621843630.360127
355756.524892 4026660.585161 1621843631.060987
355756.523021 4026660.585266 1621843632.411335
355756.523624 4026660.585401 1621843633.06128
355756.525359 4026660.582992 1621843634.461118
355756.525804 4026660.582106 1621843634.811362
355756.531699 4026660.581558 1621843636.160148
355756.527844 4026660.582626 1621843638.011037
355756.525426 4026660.58311 1621843638.713358
355756.524227 4026660.583548 1621843639.010926
355756.524222 4026660.583374 1621843639.511404
355757.174258 4026660.580773 1621843641.713202
355757.16974 4026660.58525 1621843642.760199
355757.167898 4026660.586603 1621843643.111289
355757.163686 4026660.58542 1621843644.311573
355757.164306 4026660.583824 1621843645.111521
355757.164119 4026660.578451 1621843646.311493
355757.182775 4026660.581277 1621843647.160235
355757.183388 4026660.585131 1621843648.71259
355757.184221 4026660.585048 1621843649.71288
355757.522045 4026660.578619 1621843650.712788
355759.538795 4026660.570321 1621843651.760928
355758.643869 4026660.569232 1621843651.410299
355760.602323 4026660.585084 1621843652.111738
355768.76243 4026660.891025 1621843654.311464
355770.869363 4026660.961974 1621843654.811213
355780.444473 4026661.248174 1621843656.71238
355784.137507 4026661.345623 1621843657.360167
355792.577562 4026661.480531 1621843658.712404
355794.003464 4026661.49674 1621843658.912254
355816.70663 4026661.77626 1621843661.760527
355819.633639 4026661.899425 1621843662.111515
355822.591471 4026662.041562 1621843662.461141
355842.583723 4026663.357799 1621843664.811169
355845.438622 4026663.601831 1621843665.16006
355855.408713 4026664.462236 1621843666.460927
355857.891633 4026664.693416 1621843666.810132
355868.306462 4026665.64855 1621843668.461001
355871.697015 4026665.847875 1621843669.160271
355873.012314 4026665.801256 1621843669.461058
355875.880892 4026665.218417 1621843670.160006
355881.210456 4026660.014181 1621843671.861392
355882.055392 4026655.488581 1621843672.660863
355880.790363 4026640.395615 1621843674.660973
355880.640258 4026638.579888 1621843674.86108
355880.029597 4026627.248678 1621843676.011131
355879.585747 4026612.545508 1621843677.360251
355879.547865 4026610.843318 1621843677.511816
355879.417027 4026583.832338 1621843679.713529
355879.236452 4026569.902779 1621843680.760545
355878.944049 4026560.959629 1621843681.410849
355879.11586 4026565.808986 1621843681.060914
355878.420739 4026545.879627 1621843682.461034
355877.770558 4026520.098921 1621843684.161054
355877.63969 4026514.632861 1621843684.511472
355877.168527 4026493.876245 1621843685.811138
355877.043333 4026488.180559 1621843686.161203
355876.693646 4026471.627423 1621843687.160319
355876.05183 4026445.173704 1621843688.712585
355875.231279 4026415.256824 1621843690.410682
355874.77608 4026391.894774 1621843691.712975
355874.598215 4026379.168477 1621843692.409877
355874.273343 4026355.260834 1621843693.712107
355874.347898 4026360.808657 1621843693.410796
355873.865455 4026323.443525 1621843695.410778
355873.70615 4026310.164597 1621843696.111439
355873.443402 4026291.010756 1621843697.111525
355872.921262 4026258.223539 1621843698.811836
355872.585982 4026244.718284 1621843699.511817
355872.164432 4026232.134778 1621843700.161073
355871.776871 4026219.430183 1621843700.811174
355871.569112 4026212.540528 1621843701.160267
355870.127778 4026167.119603 1621843703.41155
355869.422102 4026146.713528 1621843704.410805
355869.166524 4026139.552087 1621843704.76084
355868.562212 4026125.263527 1621843705.461188
355867.868981 4026110.957676 1621843706.160931
355865.952973 4026076.308284 1621843707.860888
355865.137643 4026063.079491 1621843708.511369
355863.742997 4026038.717436 1621843709.71311
355862.176645 4026011.331916 1621843711.061183
355861.080315 4025991.11713 1621843712.061207
355859.98216 4025973.007048 1621843712.960915
355855.008786 4025847.692785 1621843719.461146
355855.624068 4025828.829768 1621843720.461768
355855.953881 4025823.208512 1621843720.760851
355858.123736 4025797.171874 1621843722.160211
355860.021878 4025778.714113 1621843723.160045
355860.618437 4025773.198365 1621843723.460934
355864.677387 4025736.449563 1621843725.511443
355865.953757 4025725.10821 1621843726.161288
355866.683602 4025712.703612 1621843726.861364
355868.991916 4025686.854009 1621843728.511375
355868.414681 4025691.988252 1621843728.16093
355870.465019 4025674.545881 1621843729.411229
355872.288513 4025659.466838 1621843730.712894
355869.727643 4025641.251053 1621843732.762131
355870.760166 4025643.815132 1621843732.411122
355860.416666 4025630.691157 1621843734.811108
355853.982503 4025627.356326 1621843735.810947
355856.355622 4025628.372965 1621843735.461881
355843.706589 4025625.095315 1621843737.160443
355834.784195 4025625.05444 1621843738.160847
355828.521892 4025625.05548 1621843738.811087
355825.037998 4025625.057209 1621843739.160893
355802.619442 4025624.995599 1621843741.223413
355798.9779 4025624.87081 1621843741.511176
355790.075272 4025624.558852 1621843742.224262
355776.697986 4025624.344773 1621843743.223909
355746.380954 4025623.842944 1621843745.410458
355728.095086 4025624.060091 1621843746.811005
355714.739998 4025624.276095 1621843747.810147
355700.788659 4025624.281829 1621843748.811105
355691.377334 4025624.160995 1621843749.463024
355676.97376 4025624.042307 1621843750.460865
355667.844568 4025624.04808 1621843751.111205
355654.287467 4025624.177617 1621843752.111516
355645.059381 4025624.287759 1621843752.810624
355627.190578 4025624.245499 1621843754.160974
355609.862142 4025624.340302 1621843755.460798
355596.559765 4025624.594394 1621843756.462012
355582.499804 4025624.783199 1621843757.511468
355587.196061 4025624.702216 1621843757.160887
355559.958593 4025625.18568 1621843759.160608
355550.131184 4025625.394525 1621843759.861079
355545.177862 4025625.497393 1621843760.224005
355521.489718 4025625.962021 1621843761.861396
355497.402986 4025626.226821 1621843763.56096
355492.559705 4025626.29866 1621843763.911086
355475.915407 4025626.678157 1621843765.111239
355437.581747 4025627.39151 1621843767.810127
355432.484474 4025627.480713 1621843768.161053
355412.536121 4025627.838455 1621843769.511207
355402.769503 4025628.031904 1621843770.160951
355397.486302 4025628.159721 1621843770.511602
355361.637508 4025628.917273 1621843772.860875
355356.324499 4025629.009989 1621843773.224755
355330.589607 4025629.515881 1621843774.911229
355325.253412 4025629.632103 1621843775.261064
355306.720893 4025630.030904 1621843776.461113
355309.836877 4025629.96361 1621843776.261122
355272.113552 4025630.931912 1621843778.660917
355264.149997 4025631.161555 1621843779.160096
355236.689653 4025631.740211 1621843780.86126
355225.114184 4025631.982969 1621843781.559982
355214.170204 4025632.172601 1621843782.220906
355208.213171 4025632.281303 1621843782.560735
355187.365306 4025632.695469 1621843783.759891
355150.755579 4025633.544664 1621843785.810967
355139.098597 4025633.812675 1621843786.460964
355127.446965 4025634.07566 1621843787.111203
355103.099513 4025634.668949 1621843788.460799
355109.42713 4025634.523718 1621843788.112675
355087.789136 4025635.026186 1621843789.311519
355042.606629 4025635.97597 1621843791.810039
355048.056873 4025635.869663 1621843791.51155
354909.668746 4025638.411013 1621843799.218378
354903.552124 4025638.541184 1621843799.560825
354875.06557 4025639.136814 1621843801.218894
354869.069838 4025639.243104 1621843801.559955
354839.928573 4025639.797092 1621843803.261102
354811.124328 4025640.503227 1621843804.910758
354793.480129 4025640.909865 1621843805.910899
354799.670866 4025640.772604 1621843805.560757
354787.291254 4025641.04033 1621843806.260222
354751.709604 4025641.660243 1621843808.260558
354721.989326 4025642.221186 1621843809.910476
354728.319176 4025642.115295 1621843809.560199
354697.069881 4025642.623574 1621843811.26026
354673.867211 4025643.074905 1621843812.460221
354646.556175 4025643.657295 1621843813.80932
354633.068431 4025643.942346 1621843814.46021
354639.310513 4025643.81302 1621843814.160136
354583.527305 4025644.892183 1621843816.860156
354577.524259 4025644.991501 1621843817.160282
354551.240484 4025645.410518 1621843818.51066
354532.453444 4025645.811218 1621843819.510828
354508.317453 4025646.37818 1621843820.860482
354502.235331 4025646.507858 1621843821.216319
354496.159675 4025646.641995 1621843821.560598
354477.948468 4025647.12158 1621843822.610287
354443.029108 4025648.022851 1621843824.611053
354427.929625 4025648.328478 1621843825.464507
354403.745229 4025648.755521 1621843826.811072
354397.563117 4025648.849473 1621843827.161211
354369.340793 4025649.531695 1621843828.861453
354371.815376 4025649.465318 1621843828.71329
354314.898351 4025650.790826 1621843832.222687
354286.841365 4025651.64722 1621843833.911209
354281.960082 4025651.892259 1621843834.223435
354260.023568 4025653.369398 1621843835.560293
354254.429786 4025653.798642 1621843835.911329
354249.674373 4025654.162609 1621843836.222931
354223.335481 4025655.748088 1621843837.910868
354212.775409 4025656.174382 1621843838.610738
354200.057805 4025656.685754 1621843839.460604
354174.138197 4025658.067077 1621843841.159883
354158.309453 4025658.985758 1621843842.160032
354131.429942 4025660.219467 1621843843.810468
354136.437346 4025660.070511 1621843843.511321
354102.916956 4025660.927439 1621843845.511283
354097.033158 4025661.036635 1621843845.860641
354086.11021 4025661.243304 1621843846.511053
354058.084109 4025661.83509 1621843848.216143
354047.696123 4025662.090338 1621843848.861132
354020.929613 4025662.656924 1621843850.561405
354016.208632 4025662.751296 1621843850.860634
353994.260928 4025663.071071 1621843852.260917
353989.677917 4025663.155143 1621843852.560862
353979.241386 4025663.379676 1621843853.261121
353946.325521 4025664.155461 1621843855.660885
353942.547956 4025664.255187 1621843855.960694
353938.275053 4025664.353602 1621843856.311202
353918.885935 4025664.88844 1621843858.160873
353912.778424 4025664.987652 1621843858.861338
353911.559287 4025665.00541 1621843859.011114
353898.867353 4025665.758584 1621843861.159791
353895.557991 4025665.771967 1621843862.010786
353892.555233 4025665.831951 1621843863.223266
353891.407861 4025665.894988 1621843864.56089
353891.411473 4025665.906823 1621843865.760961
353891.4211 4025665.934481 1621843866.260881
353891.452257 4025666.010358 1621843867.91065
353891.444036 4025665.976006 1621843867.060571
353891.469301 4025666.021931 1621843869.260979
353891.455238 4025666.007075 1621843870.111124
353891.389352 4025665.958053 1621843871.760122
353891.348896 4025665.943684 1621843872.810684
353891.330141 4025665.941927 1621843873.310961
353891.272368 4025665.935298 1621843874.660639
353891.25842 4025665.940434 1621843875.510842
353891.244717 4025665.949215 1621843876.010847
353891.178261 4025665.951287 1621843877.860837
353891.166307 4025665.953429 1621843878.910971
353891.136695 4025665.943966 1621843879.910798
353891.124033 4025665.939489 1621843880.223498
353891.132236 4025665.944099 1621843881.060717
353891.116709 4025665.9682 1621843883.261195
353891.114313 4025665.969622 1621843883.610805
353891.099003 4025665.970441 1621843885.31068
353891.099873 4025665.973728 1621843885.46072
353881.402217 4025665.794191 1621843892.360734
353877.094563 4025665.85273 1621843893.160821
353873.969899 4025665.913018 1621843893.660974
353860.369109 4025666.36626 1621843895.560869
353849.855965 4025667.088944 1621843896.910734
353852.595709 4025666.849239 1621843896.56061
353834.22298 4025669.018313 1621843898.959758
353831.937024 4025669.378597 1621843899.2607
353829.29485 4025669.836814 1621843899.610658
353824.367259 4025670.816356 1621843900.260871
353775.38691 4025688.460057 1621843905.860688
353774.055238 4025689.133963 1621843906.010854
353731.968778 4025715.809925 1621843910.860852
353723.185514 4025723.535302 1621843911.911037
353717.879984 4025728.844171 1621843912.560869
353712.154336 4025734.936914 1621843913.261232
353703.878839 4025744.034457 1621843914.260758
353701.385151 4025746.841911 1621843914.560917
353687.371539 4025763.309517 1621843916.260742
353681.649865 4025770.308693 1621843916.959816
353666.506908 4025789.098745 1621843918.810891
353664.868357 4025791.174197 1621843919.01094
353662.399362 4025794.307274 1621843919.311072
353643.803364 4025817.806839 1621843921.5112
353631.440113 4025833.087821 1621843922.9115
353625.693654 4025840.211558 1621843923.55997
353628.775813 4025836.379354 1621843923.217316
353608.106585 4025862.2522 1621843925.610883
353602.698141 4025869.06573 1621843926.260996
353591.694422 4025883.010522 1621843927.609754
353588.889374 4025886.579573 1621843927.960986
353580.548003 4025897.174531 1621843929.011031
353567.212877 4025914.338229 1621843930.861146
353561.756135 4025922.88056 1621843931.91075
353559.093477 4025938.19029 1621843933.910888
353562.116554 4025945.563578 1621843934.910752
353567.66902 4025952.79001 1621843935.91073
353565.792745 4025950.619925 1621843935.610796
353577.787751 4025962.476388 1621843937.260597
353583.843653 4025967.694364 1621843937.959729
353596.460316 4025978.204145 1621843939.31111
353609.715119 4025988.849677 1621843940.660654
353622.443027 4025998.967764 1621843941.96072
353629.149905 4026004.357062 1621843942.661898
353635.248761 4026009.260725 1621843943.310883
353647.998939 4026019.48194 1621843944.660644
353644.668883 4026016.812726 1621843944.310311
353660.685862 4026029.625646 1621843946.010827
353669.823408 4026036.867506 1621843947.010832
353672.960607 4026039.341453 1621843947.36067
353695.320498 4026056.716869 1621843949.91111
353698.336018 4026059.055515 1621843950.260912
353711.995903 4026069.773473 1621843951.910704
353706.736223 4026065.650391 1621843951.260689
353724.677884 4026079.799901 1621843953.561178
353734.275226 4026087.393817 1621843954.910657
353741.212204 4026092.930187 1621843955.960919
353743.109762 4026094.446283 1621843956.260978
353745.284528 4026096.173732 1621843956.609972
353755.209583 4026103.978502 1621843958.310741
353758.703104 4026106.720973 1621843958.960701
353767.095452 4026113.396582 1621843960.660861
353769.809066 4026115.519307 1621843961.311007
353771.043222 4026116.496252 1621843961.660802
353773.043099 4026118.071389 1621843962.359731
353774.977573 4026119.5627 1621843963.661089
353775.183166 4026119.74137 1621843964.01184
353775.320208 4026119.803828 1621843965.011022
353775.325338 4026119.781182 1621843966.060692
353775.275538 4026119.746654 1621843969.410493
353775.197663 4026119.677906 1621843970.410697
353775.283966 4026119.781717 1621843971.910658
353775.283095 4026119.777805 1621843971.610444
353775.285242 4026119.809025 1621843973.960803
353775.277701 4026119.808685 1621843974.310533
353775.299053 4026119.816902 1621843975.960755
353775.291356 4026119.815864 1621843975.310914
353775.301838 4026119.821067 1621843977.310618
353775.299438 4026119.819519 1621843978.960655
353775.299929 4026119.821989 1621843978.610552
353775.300151 4026119.814387 1621843980.31106
353775.304377 4026119.813399 1621843981.960573
353775.305999 4026119.815861 1621843982.660776
353775.306855 4026119.817814 1621843983.011541
353775.307486 4026119.819388 1621843983.310915
353775.306928 4026119.823036 1621843984.712643
353775.306902 4026119.826281 1621843985.911133
353775.298469 4026119.860733 1621843987.960718
353775.402529 4026119.958738 1621843988.610749
353775.821908 4026120.296947 1621843989.660428
353776.316284 4026120.692089 1621843990.361033
353777.568782 4026121.702199 1621843991.660729
353776.893308 4026121.156557 1621843991.010706
353779.251204 4026123.071404 1621843993.011632
353783.513706 4026126.572057 1621843994.660645
353782.501439 4026125.741516 1621843994.360789
353787.33507 4026129.708305 1621843995.660587
353792.061192 4026133.55332 1621843996.660872
353801.611923 4026141.249735 1621843998.36083
353799.829549 4026139.810137 1621843998.060703
353812.61083 4026150.137774 1621844000.060756
353814.705058 4026151.810941 1621844000.360676
353819.777466 4026155.857271 1621844001.063908
353842.573308 4026174.110503 1621844003.96057
353845.057858 4026176.084719 1621844004.260568
353859.426531 4026187.605471 1621844005.96033
353856.419662 4026185.195397 1621844005.610739
353870.643271 4026196.557424 1621844007.261338
353873.784919 4026199.016254 1621844007.61064
353892.469211 4026213.738744 1621844009.611343
353905.467996 4026224.010465 1621844010.960725
353915.094668 4026231.737934 1621844011.961402
353921.441522 4026236.884508 1621844012.611285
353931.333706 4026244.961826 1621844013.610906
353938.307892 4026250.648758 1621844014.310644
353951.568122 4026261.237199 1621844015.61062
353962.034517 4026269.52105 1621844016.610717
353976.826795 4026281.217309 1621844018.010786
353980.009635 4026283.741873 1621844018.310755
353991.250082 4026292.818443 1621844019.360949
354005.795381 4026304.400847 1621844020.712998
354007.948358 4026306.125337 1621844020.910675
354039.390844 4026331.116201 1621844023.91117
354036.300292 4026328.660929 1621844023.609893
354045.069496 4026335.653853 1621844024.460996
354091.563591 4026372.832812 1621844028.960714
354101.84561 4026381.054424 1621844029.960588
354108.564933 4026386.407184 1621844030.611127
354118.939345 4026394.582177 1621844031.610849
354126.232905 4026400.135224 1621844032.311441
354140.404115 4026410.376739 1621844033.660588
354150.604349 4026417.322664 1621844034.61042
354158.214608 4026422.389504 1621844035.311016
354169.168471 4026429.595088 1621844036.310949
354172.985033 4026432.083339 1621844036.660484
354195.033336 4026446.081806 1621844038.66071
354198.938599 4026448.57545 1621844039.010831
354206.095179 4026453.087249 1621844039.660671
354213.765643 4026457.898572 1621844040.360694
354234.268652 4026470.854033 1621844042.222092
354243.809579 4026476.905964 1621844043.060812
354255.162114 4026484.138431 1621844044.060919
354275.143467 4026497.038165 1621844045.76062
354278.77314 4026499.44283 1621844046.060729
354289.957789 4026507.052158 1621844046.960685
354324.708572 4026529.677602 1621844049.961157
354332.819028 4026534.90513 1621844050.660817
354347.330961 4026544.331537 1621844051.960778
354355.043871 4026549.38141 1621844052.660829
354362.807358 4026554.481859 1621844053.361051
354366.051404 4026556.617162 1621844053.660901
354373.525365 4026561.51106 1621844054.362508
354397.342896 4026576.82576 1621844056.713342
354390.785135 4026572.618295 1621844056.060806
354410.748869 4026585.35521 1621844058.060591
354427.238469 4026595.961243 1621844059.712981
354420.684293 4026591.741338 1621844059.060687
354430.802779 4026598.253049 1621844060.0606
354451.311946 4026611.414949 1621844062.060947
354465.499337 4026620.641692 1621844063.411611
354462.329769 4026618.592543 1621844063.110855
354486.452149 4026634.174674 1621844065.410647
354501.147985 4026643.481577 1621844066.76107
354508.511667 4026647.872701 1621844067.410571
354505.086292 4026645.860091 1621844067.111174
354524.353997 4026656.6207 1621844068.760555
354548.372293 4026670.82797 1621844070.810611
354559.546859 4026677.821638 1621844071.810607
354566.625381 4026682.131678 1621844072.461911
354570.370005 4026684.387138 1621844072.810612
354593.194658 4026697.360161 1621844075.01083
354596.005542 4026698.848059 1621844075.311235
354606.561781 4026703.740267 1621844076.712687
354610.378557 4026704.945902 1621844077.360634
354612.379234 4026705.381281 1621844077.712705
354620.465294 4026704.967729 1621844079.410769
354625.270574 4026701.560603 1621844080.714517
354622.949891 4026703.687845 1621844080.060399
354626.35304 4026700.008658 1621844081.060377
354628.505003 4026689.046454 1621844082.760432
354628.147829 4026670.958859 1621844084.76056
354627.811659 4026660.233634 1621844085.760613
354627.437899 4026647.840139 1621844086.810707
354627.061627 4026636.951918 1621844087.660379
354626.777841 4026627.545417 1621844088.360493
354626.416254 4026613.488164 1621844089.361235
354626.364368 4026611.326251 1621844089.510836
354625.79376 4026588.203168 1621844091.060812
354625.284303 4026567.142182 1621844092.409902
354625.162371 4026561.600563 1621844092.760541
354624.620918 4026529.430295 1621844094.760703
354624.492116 4026523.823335 1621844095.110668
354624.338656 4026518.193006 1621844095.460311
354623.78781 4026502.014924 1621844096.460578
354622.95082 4026471.422196 1621844098.360764
354622.541935 4026455.673861 1621844099.360757
354621.93197 4026435.001088 1621844100.712463
354621.639034 4026425.281889 1621844101.360902
354621.70607 4026427.511725 1621844101.219973
354620.648604 4026391.687354 1621844103.760468
354620.537502 4026388.140053 1621844104.060631
354620.286374 4026380.405259 1621844104.76066
354620.052961 4026373.525378 1621844105.460613
354619.544542 4026359.219673 1621844107.810625
354619.579618 4026360.267836 1621844107.510982
354619.422814 4026355.315214 1621844109.711679
354619.432357 4026355.638875 1621844109.510415
354619.184618 4026346.948479 1621844112.910862
354619.158275 4026346.472839 1621844113.060571
354616.052792 4026339.014647 1621844115.409826
354614.976637 4026338.118538 1621844115.760949
354613.746941 4026337.347354 1621844116.110548
354607.340789 4026334.96752 1621844117.460646
354603.32626 4026333.739636 1621844118.110404
354587.837321 4026329.801799 1621844120.160507
354576.904924 4026327.061012 1621844121.360558
354575.443306 4026326.677141 1621844121.510889
354552.027713 4026320.17135 1621844123.711668
354547.979543 4026318.944469 1621844124.060172
354535.955612 4026315.222676 1621844125.063217
354527.809114 4026312.660898 1621844125.712722
354509.510389 4026306.834433 1621844127.111013
354500.558808 4026303.954441 1621844127.762058
354495.627137 4026302.337688 1621844128.110755
354481.302891 4026297.753157 1621844129.116605
354450.493652 4026288.16234 1621844131.160442
354442.691921 4026285.736145 1621844131.660244
354428.455254 4026281.189536 1621844132.562107
354362.372144 4026254.752787 1621844136.712751
354346.445178 4026247.214829 1621844137.713123
354336.111424 4026242.234516 1621844138.360508
354320.046191 4026234.329622 1621844139.372751
354308.701054 4026228.608458 1621844140.06064
354286.913322 4026217.097009 1621844141.410264
354281.33318 4026213.96901 1621844141.760372
354271.056412 4026208.00649 1621844142.410352
354239.032266 4026188.571736 1621844144.459793
354244.448842 4026191.941372 1621844144.110359
354177.613712 4026149.37874 1621844148.460631
354156.752378 4026134.526623 1621844149.860309
354147.314732 4026127.26869 1621844150.510645
354135.214744 4026117.45217 1621844151.360737
354116.361664 4026101.142875 1621844152.71305
354106.797814 4026092.336381 1621844153.410696
354093.498524 4026079.547202 1621844154.410469
354075.955722 4026061.525059 1621844155.810597
354067.332608 4026052.484914 1621844156.510756
354063.560813 4026048.600999 1621844156.809584
354054.770905 4026039.546385 1621844157.511603
354026.632991 4026010.634546 1621844159.760668
354013.717643 4025997.260473 1621844160.810345
354022.295365 4026006.164764 1621844160.111138
353998.131173 4025981.045797 1621844162.111116
353986.325489 4025968.870781 1621844163.111218
353968.653818 4025950.815446 1621844164.810736
353959.744195 4025941.737664 1621844165.860273
353956.060118 4025937.9889 1621844166.360583
353948.053043 4025929.804657 1621844167.712714
353946.467203 4025928.17768 1621844168.06053
353941.811839 4025923.542166 1621844169.76072
353941.103548 4025922.855356 1621844170.410584
353940.213485 4025922.012828 1621844171.760596
353940.018949 4025921.843996 1621844172.410428
353940.087603 4025921.915537 1621844172.110273
353939.864004 4025921.678781 1621844173.810762
353939.822058 4025921.667086 1621844174.160461
353939.915145 4025921.761093 1621844176.160479
353940.058367 4025921.857477 1621844177.860487
353940.001337 4025921.852398 1621844177.160544
353939.24815 4025921.007181 1621844179.860238
353939.54756 4025921.298807 1621844179.510358
353938.91327 4025920.677947 1621844180.160481
353933.839811 4025915.468136 1621844182.160402
353926.803819 4025907.961802 1621844183.860472
353928.528313 4025909.797773 1621844183.510975
353914.663109 4025895.076491 1621844185.860266
353912.174605 4025892.492756 1621844186.223048
353902.205176 4025882.112577 1621844187.560906
353897.19741 4025876.954742 1621844188.222935
353885.327858 4025864.795933 1621844189.712603
353890.527765 4025870.079979 1621844189.060655
353874.031493 4025853.399476 1621844191.060302
353860.728879 4025840.218615 1621844192.560349
353856.261603 4025835.922417 1621844193.060082
353840.773248 4025821.386995 1621844194.760621
353837.95629 4025818.784835 1621844195.060915
353828.160598 4025810.321393 1621844196.060289
353810.857898 4025795.18335 1621844197.760559
353818.035246 4025801.623546 1621844197.060505
353789.867294 4025775.025837 1621844199.810604
353786.856267 4025772.083375 1621844200.110584
353770.32855 4025756.065618 1621844201.810465
353764.484503 4025750.485636 1621844202.460557
353767.568748 4025753.412884 1621844202.110905
353747.775158 4025736.261141 1621844204.610504
353739.26577 4025731.788643 1621844205.810303
353734.425577 4025730.568422 1621844206.510154
353729.052425 4025730.253709 1621844207.510495
353726.828778 4025730.423464 1621844208.160761
353725.95667 4025730.542035 1621844208.51032
353722.908555 4025731.151298 1621844210.860396
353723.35041 4025731.032224 1621844210.222376
353722.097172 4025731.379703 1621844212.560956
353720.957476 4025731.734129 1621844213.760897
353718.287245 4025732.836334 1621844214.760662
353719.446231 4025732.301724 1621844214.410398
353711.099942 4025737.66781 1621844216.11044
353703.915016 4025744.581204 1621844217.160617
353694.186822 4025755.776849 1621844218.51049
353686.760621 4025764.808434 1621844219.51081
353684.095514 4025768.009897 1621844219.860524
353681.437978 4025771.206163 1621844220.217902
353666.432308 4025788.939521 1621844222.22136
353662.902544 4025793.424981 1621844222.711957
353648.575485 4025811.692262 1621844224.76141
353643.564164 4025818.014071 1621844225.460399
353636.220682 4025827.142745 1621844226.460153
353631.327679 4025833.239389 1621844227.110373
353630.178299 4025834.676423 1621844227.260231
353622.396016 4025844.443773 1621844228.260268
353591.687414 4025882.7039 1621844231.960553
353590.013373 4025884.810612 1621844232.160686
353584.253703 4025892.062391 1621844232.860482
353574.500585 4025904.50565 1621844234.161053
353573.135249 4025906.286134 1621844234.360544
353559.046573 4025930.306748 1621844237.560753
353558.811297 4025932.247799 1621844237.860565
353560.642096 4025942.390481 1621844239.410361
353566.880532 4025950.740459 1621844240.761046
353563.385573 4025946.79002 1621844240.11032
353585.915506 4025968.044168 1621844243.460629
353591.312686 4025973.034406 1621844244.160527
353605.43323 4025985.18607 1621844245.860275
353611.121275 4025989.879531 1621844246.510203
353623.785145 4026000.055197 1621844247.910326
353626.571396 4026002.252756 1621844248.221051
353635.055808 4026008.930166 1621844249.110202
353651.563908 4026021.794826 1621844250.809319
353654.512973 4026024.105463 1621844251.110212
