353611.998072 4025987.275831 1621843338.810759
353613.664484 4025988.669013 1621843339.560743
353617.818627 4025992.155981 1621843340.911724
353620.33995 4025994.374808 1621843341.560667
353618.932523 4025993.125459 1621843341.219264
353623.278969 4025997.097914 1621843342.222907
353628.923848 4026002.564092 1621843343.311775
353642.061605 4026014.058041 1621843345.361033
353647.241552 4026018.307327 1621843346.062005
353657.823192 4026026.900291 1621843347.41144
353669.729803 4026036.427657 1621843348.811356
353679.172926 4026043.899936 1621843349.867168
353681.938906 4026046.074379 1621843350.161589
353691.824185 4026053.894972 1621843351.224277
353698.570037 4026059.25661 1621843351.911947
353701.486072 4026061.587664 1621843352.224466
353716.023827 4026073.207536 1621843353.662831
353723.274235 4026079.012106 1621843354.361583
353741.621514 4026093.615568 1621843356.061954
353756.903567 4026105.841904 1621843357.411198
353773.943786 4026119.665942 1621843358.862399
353786.175383 4026129.405352 1621843359.862037
353789.883968 4026132.337244 1621843360.160845
353802.950801 4026142.693832 1621843361.223033
353815.462693 4026152.557822 1621843362.224658
353824.881549 4026159.963833 1621843362.962018
353841.951011 4026173.762732 1621843364.312232
353846.36618 4026177.413389 1621843364.661677
353872.558041 4026198.810085 1621843366.714077
353877.127275 4026202.419127 1621843367.061542
353890.925435 4026213.370882 1621843368.111824
353913.290957 4026231.186217 1621843369.811692
353926.611471 4026241.767572 1621843370.811458
353930.646667 4026244.94533 1621843371.112033
353948.845182 4026259.356329 1621843372.461777
353967.143389 4026273.962527 1621843373.812231
353976.028116 4026281.047443 1621843374.462003
353971.226935 4026277.222904 1621843374.112268
354023.37624 4026319.226542 1621843377.861808
354028.369016 4026323.260818 1621843378.224034
354043.45364 4026335.407612 1621843379.262031
354052.883935 4026342.98976 1621843379.912484
354087.546633 4026370.657662 1621843382.262304
354092.011877 4026374.167235 1621843382.561601
354102.475183 4026382.406439 1621843383.262212
354133.949142 4026406.576939 1621843385.31189
354145.839059 4026414.945658 1621843386.061817
354189.888256 4026444.066157 1621843388.811678
354195.486774 4026447.696827 1621843389.16152
354222.632992 4026465.215698 1621843390.862127
354234.526063 4026472.853146 1621843391.611842
354240.058338 4026476.359867 1621843391.961748
354244.794062 4026479.366739 1621843392.261987
354266.881864 4026493.578554 1621843393.661932
354277.860223 4026500.603968 1621843394.36346
354304.082478 4026517.516214 1621843396.061847
354319.061438 4026527.086091 1621843397.061985
354339.468825 4026539.482299 1621843398.461626
354344.59235 4026542.798915 1621843398.811815
354369.119249 4026558.937464 1621843400.512297
354383.818335 4026568.383016 1621843401.561719
354392.753992 4026574.02716 1621843402.223071
354406.264304 4026582.62341 1621843403.226461
354415.503819 4026588.481562 1621843403.911835
354420.702291 4026591.794567 1621843404.311819
354450.706217 4026611.115578 1621843406.714061
354459.14782 4026616.621839 1621843407.411547
354471.465762 4026624.587062 1621843408.461581
354483.512769 4026632.384797 1621843409.511904
354498.519893 4026642.055347 1621843410.862044
354506.095696 4026646.896593 1621843411.561644
354520.287799 4026655.969356 1621843412.91188
354523.369302 4026657.926954 1621843413.224584
354540.072459 4026668.476122 1621843414.912033
354543.274766 4026670.464045 1621843415.261689
354546.429772 4026672.550405 1621843415.611733
354551.891676 4026676.162463 1621843416.26178
354561.003887 4026681.933393 1621843417.611681
354567.743114 4026686.203466 1621843419.01189
354569.991041 4026687.577486 1621843419.714888
354572.075846 4026688.848002 1621843421.411532
354572.072623 4026688.837324 1621843422.811512
354572.088061 4026688.821436 1621843423.561463
354572.102741 4026688.815509 1621843424.224306
354572.10401 4026688.815155 1621843424.611522
354572.108299 4026688.801125 1621843425.961483
354572.118966 4026688.752839 1621843427.012257
354572.187672 4026688.747774 1621843428.662497
354572.181129 4026688.747186 1621843428.361523
354572.204157 4026688.747458 1621843429.361415
354572.218235 4026688.741687 1621843431.761382
354572.212046 4026688.741854 1621843432.811636
354572.210102 4026688.73282 1621843433.811499
354572.209492 4026688.727526 1621843434.161494
354572.23532 4026688.750343 1621843435.811605
354572.227808 4026688.743752 1621843435.161814
354572.239043 4026688.753723 1621843436.161459
354572.245729 4026688.756839 1621843438.861397
354572.247672 4026688.767139 1621843438.161411
354572.245449 4026688.752371 1621843439.161561
354572.253323 4026688.75542 1621843441.161828
354572.249712 4026688.751168 1621843441.911757
354572.245425 4026688.760733 1621843443.223858
354572.244338 4026688.77589 1621843444.911864
354572.247751 4026688.777646 1621843445.262305
354572.234366 4026688.786182 1621843445.911699
354572.224124 4026688.781523 1621843447.561457
354572.459242 4026688.933939 1621843448.961094
354572.593911 4026689.018568 1621843449.312032
354572.744085 4026689.113439 1621843449.661416
354574.609783 4026690.284909 1621843453.361461
354579.886766 4026693.634453 1621843456.361452
354584.218506 4026696.352008 1621843457.36044
354582.598069 4026695.339662 1621843457.011866
354673.105644 4026715.494011 1621843467.461263
354690.438529 4026712.210972 1621843468.8112
354704.689794 4026709.142778 1621843469.861267
354713.859729 4026707.15193 1621843470.511702
354708.888803 4026708.228274 1621843470.160517
354748.873286 4026699.442722 1621843472.861664
354781.486431 4026692.455585 1621843474.911821
354787.086409 4026691.295728 1621843475.261606
354803.008202 4026687.936662 1621843476.261682
354818.79378 4026684.733221 1621843477.261451
354835.005783 4026681.405056 1621843478.311739
354850.147231 4026678.472409 1621843479.311346
354871.276972 4026675.222909 1621843480.713137
354876.53369 4026674.528123 1621843481.061666
354881.743149 4026673.873277 1621843481.411251
354906.065915 4026671.483366 1621843483.111803
354928.100553 4026670.059085 1621843484.861367
354935.751213 4026669.699443 1621843485.560268
354942.278483 4026669.445082 1621843486.221375
354945.575124 4026669.333581 1621843486.56029
354974.640876 4026668.558557 1621843490.611173
354980.75722 4026668.411519 1621843491.960394
354982.97115 4026668.354719 1621843492.611471
354983.974598 4026668.335219 1621843492.960428
354985.501787 4026668.298537 1621843493.611395
354987.338401 4026668.235439 1621843497.011775
354987.334559 4026668.233268 1621843497.312031
354987.327122 4026668.228408 1621843498.011735
354987.316633 4026668.210816 1621843499.760597
354987.316381 4026668.200566 1621843500.811497
354987.31706 4026668.197109 1621843501.160407
354987.311612 4026668.184127 1621843501.511708
354987.303587 4026668.157623 1621843503.56041
354987.306275 4026668.156034 1621843504.960404
354987.307717 4026668.154241 1621843505.611454
354987.310872 4026668.151713 1621843506.311714
354987.307533 4026668.14934 1621843507.960532
354987.305882 4026668.149095 1621843508.311656
354987.306086 4026668.149375 1621843508.611405
354987.311172 4026668.148548 1621843509.960356
354987.308458 4026668.147733 1621843511.661091
354987.309607 4026668.147751 1621843512.361418
354987.311452 4026668.14596 1621843513.061312
354987.310901 4026668.14515 1621843514.411282
354987.311745 4026668.144044 1621843514.761114
354987.312429 4026668.142931 1621843515.061469
354987.338463 4026668.201671 1621843516.061343
354987.953749 4026668.716401 1621843517.411457
354987.95994 4026668.725279 1621843518.111628
354987.909576 4026668.716609 1621843520.511737
354987.920058 4026668.722135 1621843521.560572
354987.922983 4026668.72265 1621843521.911774
354987.925088 4026668.723157 1621843522.221216
354987.940793 4026668.725048 1621843524.96114
354987.942557 4026668.72531 1621843525.611596
354987.945069 4026668.724297 1621843526.3119
354987.951467 4026668.725265 1621843527.661479
354987.954076 4026668.726399 1621843528.661246
354988.005919 4026668.724774 1621843529.661233
354988.151767 4026668.7204 1621843530.011436
354988.507896 4026668.710658 1621843530.36151
354989.839325 4026668.672533 1621843531.061256
354994.311889 4026668.542046 1621843532.411715
355005.953354 4026668.186489 1621843534.461398
355016.231482 4026668.008085 1621843535.760194
355026.228562 4026667.808545 1621843536.861389
355022.481209 4026667.882678 1621843536.461103
355038.927258 4026667.618102 1621843538.160201
355068.924692 4026667.169535 1621843540.861446
355081.658531 4026666.877791 1621843541.861356
355072.644255 4026667.088808 1621843541.160197
355099.360517 4026666.486368 1621843543.161459
355124.378317 4026665.97443 1621843544.911838
355129.347769 4026665.899853 1621843545.261155
355153.561577 4026665.394685 1621843547.011189
355148.096682 4026665.516594 1621843546.611384
355171.492348 4026664.95676 1621843548.311822
355186.111287 4026664.636533 1621843549.360418
355190.939596 4026664.554952 1621843549.713637
355222.234537 4026663.891621 1621843552.061244
355231.108541 4026663.688137 1621843552.76135
355275.358557 4026662.785423 1621843556.760238
355318.006607 4026661.84192 1621843561.761322
355315.778591 4026661.887635 1621843561.461441
355320.536694 4026661.789379 1621843562.111516
355349.161733 4026661.116805 1621843570.861173
355349.163992 4026661.108207 1621843571.512012
355349.163244 4026661.11268 1621843571.160963
355349.118193 4026661.027249 1621843573.561101
355349.448896 4026660.990528 1621843574.91168
355349.525585 4026660.982308 1621843575.261239
355349.885129 4026660.963323 1621843576.661189
355349.763472 4026660.965495 1621843576.311905
355352.112919 4026660.919942 1621843578.713461
355351.434999 4026660.93109 1621843578.411196
355354.191177 4026660.873968 1621843579.461049
355363.205016 4026660.681322 1621843581.911776
355366.748678 4026660.601012 1621843582.661068
355368.564395 4026660.559685 1621843583.011672
355370.509757 4026660.520566 1621843583.361376
355377.118634 4026660.388005 1621843584.411298
355381.950882 4026660.302451 1621843585.111511
355392.029011 4026660.16152 1621843586.461037
355397.803525 4026660.061294 1621843587.160391
355454.793414 4026659.041264 1621843592.560453
355450.078573 4026659.111108 1621843592.160533
355529.501228 4026658.376346 1621843598.911491
355537.525706 4026658.422362 1621843599.611103
355533.531561 4026658.393733 1621843599.261294
355557.698083 4026658.705684 1621843601.361506
355565.917296 4026658.843876 1621843602.061032
355616.427328 4026659.580552 1621843606.411326
355644.568379 4026659.536463 1621843608.760334
355648.216206 4026659.547165 1621843609.061198
355656.736437 4026659.589965 1621843609.760277
355665.327473 4026659.716304 1621843610.461354
355678.435014 4026660.03262 1621843611.51175
355704.289657 4026660.571221 1621843613.511373
355700.347238 4026660.522382 1621843613.2203
355730.597171 4026660.762567 1621843615.561454
355740.712644 4026660.734902 1621843616.560242
355737.44315 4026660.748681 1621843616.220705
355752.308158 4026660.670859 1621843618.311591
355756.019103 4026660.641191 1621843619.712694
355756.353171 4026660.645968 1621843620.061008
355756.505869 4026660.64729 1621843620.36124
355756.535021 4026660.644733 1621843621.460994
355756.538599 4026660.581301 1621843623.511726
355756.538442 4026660.562499 1621843624.861147
355756.534876 4026660.558078 1621843624.163674
355756.538417 4026660.572595 1621843626.611348
355756.529765 4026660.588558 1621843627.610272
355756.530291 4026660.588992 1621843628.661078
355756.530628 4026660.589255 1621843629.361025
355756.528081 4026660.585674 1621843630.360127
355756.524892 4026660.585161 1621843631.060987
355756.523084 4026660.585253 1621843632.461112
355756.523545 4026660.585489 1621843633.111549
355756.525493 4026660.582865 1621843634.511748
355756.52582 4026660.581996 1621843634.861398
355756.531978 4026660.581608 1621843636.220012
355756.528107 4026660.582515 1621843637.911386
355756.52576 4026660.583033 1621843638.611132
355756.524488 4026660.583451 1621843638.960049
355756.528686 4026660.583258 1621843639.661119
355757.174258 4026660.580773 1621843641.713202
355757.16974 4026660.58525 1621843642.760199
355757.167898 4026660.586603 1621843643.111289
355757.163862 4026660.585703 1621843644.160151
355757.164333 4026660.583586 1621843645.218455
355757.163181 4026660.578296 1621843646.260908
355757.184126 4026660.581605 1621843647.261103
355757.18352 4026660.584961 1621843648.610521
355757.184198 4026660.58517 1621843649.661372
355757.522045 4026660.578619 1621843650.712788
355759.538795 4026660.570321 1621843651.760928
355758.759705 4026660.568658 1621843651.461035
355760.602323 4026660.585084 1621843652.111738
355768.36086 4026660.875011 1621843654.220833
355771.313107 4026660.97691 1621843654.911667
355780.167998 4026661.240146 1621843656.660943
355783.847726 4026661.339882 1621843657.311813
355792.577562 4026661.480531 1621843658.712404
355795.092969 4026661.512988 1621843659.061197
355816.70663 4026661.77626 1621843661.760527
355819.633639 4026661.899425 1621843662.111515
355822.591471 4026662.041562 1621843662.461141
355842.994916 4026663.391832 1621843664.861052
355845.438622 4026663.601831 1621843665.16006
355855.769891 4026664.4952 1621843666.511715
355858.239889 4026664.727491 1621843666.861106
355868.573662 4026665.66896 1621843668.511382
355871.697015 4026665.847875 1621843669.160271
355873.22602 4026665.785466 1621843669.512102
355876.071334 4026665.146891 1621843670.220945
355881.305488 4026659.764761 1621843671.911594
355882.048486 4026655.804481 1621843672.611111
355880.829627 4026640.839963 1621843674.611382
355880.604876 4026638.117284 1621843674.911454
355880.049322 4026627.766235 1621843675.960068
355879.61105 4026613.68681 1621843677.260896
355879.527882 4026609.691599 1621843677.610226
355879.421617 4026584.482293 1621843679.661153
355879.25495 4026570.580531 1621843680.712674
355878.944049 4026560.959629 1621843681.410849
355879.11586 4026565.808986 1621843681.060914
355878.420739 4026545.879627 1621843682.461034
355877.770558 4026520.098921 1621843684.161054
355877.63969 4026514.632861 1621843684.511472
355877.15057 4026493.065438 1621843685.861731
355877.027152 4026487.360389 1621843686.221412
355876.672537 4026470.788978 1621843687.218914
355876.100679 4026446.908704 1621843688.610384
355875.253629 4026416.147375 1621843690.361407
355874.789697 4026392.799557 1621843691.66118
355874.613437 4026380.08205 1621843692.361544
355874.273343 4026355.260834 1621843693.712107
355874.357947 4026361.730582 1621843693.360363
355873.865455 4026323.443525 1621843695.410778
355873.70615 4026310.164597 1621843696.111439
355873.42845 4026290.050383 1621843697.1614
355872.898417 4026257.256363 1621843698.861214
355872.557074 4026243.750605 1621843699.56121
355872.134586 4026231.166485 1621843700.221327
355871.72144 4026217.462308 1621843700.911275
355871.540369 4026211.548315 1621843701.223055
355870.164323 4026168.141173 1621843703.361032
355869.422102 4026146.713528 1621843704.410805
355869.166524 4026139.552087 1621843704.76084
355868.513325 4026124.241507 1621843705.511553
355867.868981 4026110.957676 1621843706.160931
355865.952973 4026076.308284 1621843707.860888
355865.073698 4026062.06534 1621843708.561201
355863.795162 4026039.734413 1621843709.661382
355862.233068 4026012.342101 1621843711.011403
355861.139728 4025992.12554 1621843712.011817
355859.862963 4025970.998749 1621843713.061192
355855.008786 4025847.692785 1621843719.461146
355855.624068 4025828.829768 1621843720.461768
355855.953881 4025823.208512 1621843720.760851
355858.123736 4025797.171874 1621843722.160211
355860.021878 4025778.714113 1621843723.160045
355860.717202 4025772.280423 1621843723.511171
355864.772356 4025735.56919 1621843725.560252
355866.049555 4025724.245281 1621843726.222543
355866.727292 4025711.838066 1621843726.911472
355869.073361 4025686.132664 1621843728.561126
355868.569454 4025690.500474 1621843728.261086
355870.295209 4025675.822368 1621843729.311546
355872.246172 4025659.996692 1621843730.660879
355869.886508 4025641.600404 1621843732.714362
355870.760166 4025643.815132 1621843732.411122
355860.70746 4025630.889344 1621843734.761165
355853.982503 4025627.356326 1621843735.810947
355856.355622 4025628.372965 1621843735.461881
355843.706589 4025625.095315 1621843737.160443
355834.784195 4025625.05444 1621843738.160847
355828.521892 4025625.05548 1621843738.811087
355825.037998 4025625.057209 1621843739.160893
355802.619442 4025624.995599 1621843741.223413
355797.7424 4025624.825432 1621843741.610488
355788.77065 4025624.533773 1621843742.311495
355775.324261 4025624.314934 1621843743.311634
355747.042489 4025623.841661 1621843745.360985
355728.749525 4025624.046934 1621843746.76094
355715.421531 4025624.270059 1621843747.760717
355701.501755 4025624.289322 1621843748.760973
355691.377334 4025624.160995 1621843749.463024
355676.97376 4025624.042307 1621843750.460865
355667.844568 4025624.04808 1621843751.111205
355654.287467 4025624.177617 1621843752.111516
355645.713315 4025624.278556 1621843752.760699
355627.849218 4025624.248053 1621843754.111369
355609.862142 4025624.340302 1621843755.460798
355596.559765 4025624.594394 1621843756.462012
355582.499804 4025624.783199 1621843757.511468
355587.196061 4025624.702216 1621843757.160887
355559.958593 4025625.18568 1621843759.160608
355550.131184 4025625.394525 1621843759.861079
355544.467572 4025625.512202 1621843760.261505
355520.770138 4025625.972047 1621843761.91093
355496.018427 4025626.246416 1621843763.660872
355491.174112 4025626.319812 1621843764.010659
355476.610188 4025626.66065 1621843765.060888
355437.581747 4025627.39151 1621843767.810127
355432.484474 4025627.480713 1621843768.161053
355412.536121 4025627.838455 1621843769.511207
355402.014504 4025628.049907 1621843770.223568
355397.486302 4025628.159721 1621843770.511602
355360.876621 4025628.92966 1621843772.911483
355354.813855 4025629.035874 1621843773.311438
355329.06837 4025629.549797 1621843775.010856
355324.489971 4025629.64814 1621843775.311636
355307.50065 4025630.014207 1621843776.410895
355312.941932 4025629.897237 1621843776.060996
355269.729697 4025630.999482 1621843778.810982
355264.149997 4025631.161555 1621843779.160096
355236.689653 4025631.740211 1621843780.86126
355224.278434 4025631.997469 1621843781.61086
355213.320315 4025632.187515 1621843782.261094
355207.357591 4025632.296955 1621843782.611104
355189.125651 4025632.657064 1621843783.661292
355151.652151 4025633.523349 1621843785.759794
355139.99457 4025633.792284 1621843786.409689
355128.344634 4025634.055084 1621843787.060797
355104.003843 4025634.648155 1621843788.410846
355110.330011 4025634.502579 1621843788.060863
355085.093954 4025635.091136 1621843789.461014
355042.606629 4025635.97597 1621843791.810039
355048.964893 4025635.852027 1621843791.46078
354909.668746 4025638.411013 1621843799.218378
354903.552124 4025638.541184 1621843799.560825
354875.06557 4025639.136814 1621843801.218894
354869.069838 4025639.243104 1621843801.559955
354839.066907 4025639.815445 1621843803.311452
354810.245172 4025640.525182 1621843804.95997
354792.595447 4025640.929551 1621843805.960784
354798.788339 4025640.793057 1621843805.610857
354786.40606 4025641.055111 1621843806.311089
354750.814922 4025641.678883 1621843808.311077
354721.084286 4025642.235604 1621843809.959425
354726.51244 4025642.146452 1621843809.660365
354695.178725 4025642.654967 1621843811.359251
354675.842424 4025643.030207 1621843812.360191
354647.586899 4025643.634707 1621843813.760233
354633.068431 4025643.942346 1621843814.46021
354640.347867 4025643.790646 1621843814.110263
354583.527305 4025644.892183 1621843816.860156
354577.524259 4025644.991501 1621843817.160282
354551.240484 4025645.410518 1621843818.51066
354532.453444 4025645.811218 1621843819.510828
354507.445838 4025646.397391 1621843820.910682
354501.367046 4025646.525444 1621843821.260515
354496.159675 4025646.641995 1621843821.560598
354477.080176 4025647.142377 1621843822.660621
354441.261933 4025648.061245 1621843824.712749
354429.714981 4025648.296161 1621843825.360257
354404.634912 4025648.739633 1621843826.761868
354398.442876 4025648.838906 1621843827.111333
354369.340793 4025649.531695 1621843828.861453
354375.126592 4025649.379304 1621843828.51123
354314.898351 4025650.790826 1621843832.222687
354286.841365 4025651.64722 1621843833.911209
354281.960082 4025651.892259 1621843834.223435
354259.222947 4025653.430183 1621843835.61074
354254.429786 4025653.798642 1621843835.911329
354248.885197 4025654.220764 1621843836.261028
354222.576824 4025655.778424 1621843837.960819
354212.026369 4025656.203997 1621843838.660735
354201.563238 4025656.631953 1621843839.361037
354174.915525 4025658.020434 1621843841.11115
354159.094385 4025658.929118 1621843842.11114
354131.429942 4025660.219467 1621843843.810468
354137.260867 4025660.031665 1621843843.460857
354103.757031 4025660.912628 1621843845.460369
354097.872746 4025661.020144 1621843845.810706
354086.945572 4025661.227605 1621843846.460733
354058.893998 4025661.817012 1621843848.160919
354047.696123 4025662.090338 1621843848.861132
354020.929613 4025662.656924 1621843850.561405
354016.208632 4025662.751296 1621843850.860634
353994.260928 4025663.071071 1621843852.260917
353988.919791 4025663.170515 1621843852.61072
353978.509421 4025663.395187 1621843853.311823
353945.690675 4025664.172192 1621843855.712969
353941.310905 4025664.286374 1621843856.060928
353937.088361 4025664.373845 1621843856.410786
353918.885935 4025664.88844 1621843858.160873
353913.193127 4025664.979926 1621843858.811071
353910.381003 4025665.024166 1621843859.160832
353898.867353 4025665.758584 1621843861.159791
353895.06924 4025665.767691 1621843862.160916
353892.555233 4025665.831951 1621843863.223266
353891.407861 4025665.894988 1621843864.56089
353891.414189 4025665.915117 1621843865.911243
353891.4211 4025665.934481 1621843866.260881
353891.452443 4025666.012209 1621843867.96116
353891.449403 4025665.987933 1621843867.310813
353891.469301 4025666.021931 1621843869.260979
353891.457823 4025666.009637 1621843869.960973
353891.395781 4025665.961995 1621843871.610784
353891.354226 4025665.94421 1621843872.660986
353891.324258 4025665.9411 1621843873.410698
353891.271885 4025665.9353 1621843874.713417
353891.260899 4025665.93885 1621843875.410805
353891.243397 4025665.950058 1621843876.060887
353891.179091 4025665.951126 1621843877.810643
353891.16677 4025665.953348 1621843878.861041
353891.136695 4025665.943966 1621843879.910798
353891.124033 4025665.939489 1621843880.223498
353891.130843 4025665.943085 1621843880.911025
353891.116709 4025665.9682 1621843883.261195
353891.114313 4025665.969622 1621843883.610805
353891.099221 4025665.971486 1621843885.361006
353891.101076 4025665.97925 1621843885.712356
353881.15547 4025665.796648 1621843892.410415
353877.387937 4025665.847987 1621843893.111362
353873.310089 4025665.929665 1621843893.759724
353860.748337 4025666.348532 1621843895.510868
353849.855965 4025667.088944 1621843896.910734
353852.595709 4025666.849239 1621843896.56061
353834.22298 4025669.018313 1621843898.959758
353831.937024 4025669.378597 1621843899.2607
353829.29485 4025669.836814 1621843899.610658
353823.984315 4025670.897658 1621843900.311024
353776.278085 4025688.014028 1621843905.759761
353773.168806 4025689.588521 1621843906.111215
353732.398504 4025715.467089 1621843910.810796
353723.185514 4025723.535302 1621843911.911037
353717.879984 4025728.844171 1621843912.560869
353712.154336 4025734.936914 1621843913.261232
353703.878839 4025744.034457 1621843914.260758
353701.385151 4025746.841911 1621843914.560917
353687.371539 4025763.309517 1621843916.260742
353681.649865 4025770.308693 1621843916.959816
353667.732705 4025787.546971 1621843918.660567
353664.868357 4025791.174197 1621843919.01094
353661.986298 4025794.832612 1621843919.359757
353644.238595 4025817.263261 1621843921.460859
353631.884792 4025832.538812 1621843922.860836
353626.131932 4025839.664675 1621843923.511005
353629.218614 4025835.831802 1621843923.160721
353608.106585 4025862.2522 1621843925.610883
353602.698141 4025869.06573 1621843926.260996
353591.292102 4025883.521835 1621843927.661336
353588.489475 4025887.090095 1621843928.010724
353580.154294 4025897.671116 1621843929.061099
353567.519766 4025913.910321 1621843930.809746
353561.96663 4025922.493266 1621843931.860629
353559.093477 4025938.19029 1621843933.910888
353562.116554 4025945.563578 1621843934.910752
353567.66902 4025952.79001 1621843935.91073
353565.792745 4025950.619925 1621843935.610796
353577.787751 4025962.476388 1621843937.260597
353583.394615 4025967.314668 1621843937.91072
353596.460316 4025978.204145 1621843939.31111
353609.715119 4025988.849677 1621843940.660654
353622.443027 4025998.967764 1621843941.96072
353629.149905 4026004.357062 1621843942.661898
353635.248761 4026009.260725 1621843943.310883
353647.998939 4026019.48194 1621843944.660644
353645.144048 4026017.193754 1621843944.361034
353661.148944 4026029.993522 1621843946.060935
353670.272928 4026037.223008 1621843947.060798
353673.405861 4026039.69126 1621843947.410603
353694.886885 4026056.381566 1621843949.860808
353697.907135 4026058.721535 1621843950.217205
353711.995903 4026069.773473 1621843951.910704
353706.324663 4026065.327775 1621843951.216377
353724.677884 4026079.799901 1621843953.561178
353734.275226 4026087.393817 1621843954.910657
353741.212204 4026092.930187 1621843955.960919
353743.109762 4026094.446283 1621843956.260978
353745.284528 4026096.173732 1621843956.609972
353755.209583 4026103.978502 1621843958.310741
353758.965257 4026106.927105 1621843959.011149
353767.095452 4026113.396582 1621843960.660861
353769.809066 4026115.519307 1621843961.311007
353771.043222 4026116.496252 1621843961.660802
353773.158638 4026118.16002 1621843962.412486
353775.012452 4026119.592831 1621843963.712167
353775.205304 4026119.761037 1621843964.060937
353775.320047 4026119.800281 1621843965.060565
353775.326159 4026119.780476 1621843966.160833
353775.264337 4026119.736135 1621843969.510947
353775.213329 4026119.695478 1621843970.560671
353775.283966 4026119.781717 1621843971.910658
353775.282937 4026119.777216 1621843971.560302
353775.285242 4026119.809025 1621843973.960803
353775.277062 4026119.808342 1621843974.26085
353775.299053 4026119.816902 1621843975.960755
353775.290666 4026119.815779 1621843975.260944
353775.301954 4026119.820939 1621843977.260905
353775.299438 4026119.819519 1621843978.960655
353775.299929 4026119.821989 1621843978.610552
353775.30006 4026119.814492 1621843980.260766
353775.304377 4026119.813399 1621843981.960573
353775.305999 4026119.815861 1621843982.660776
353775.306855 4026119.817814 1621843983.011541
353775.307376 4026119.819485 1621843983.36064
353775.306954 4026119.823169 1621843984.760835
353775.306922 4026119.825938 1621843985.810682
353775.297269 4026119.8569 1621843987.911714
353775.388651 4026119.947599 1621843988.560869
353775.794143 4026120.274753 1621843989.611008
353776.316284 4026120.692089 1621843990.361033
353777.568782 4026121.702199 1621843991.660729
353776.893308 4026121.156557 1621843991.010706
353779.251204 4026123.071404 1621843993.011632
353783.513706 4026126.572057 1621843994.660645
353782.501439 4026125.741516 1621843994.360789
353787.545384 4026129.882114 1621843995.712585
353792.321122 4026133.762985 1621843996.713729
353801.913353 4026141.492648 1621843998.41068
353800.124866 4026140.047531 1621843998.111192
353812.955493 4026150.415461 1621844000.11084
353815.058264 4026152.093415 1621844000.410668
353820.150149 4026156.154289 1621844001.111524
353842.15943 4026173.783401 1621844003.910625
353844.643177 4026175.754007 1621844004.222071
353858.99577 4026187.259976 1621844005.910477
353855.993413 4026184.855147 1621844005.561229
353870.643271 4026196.557424 1621844007.261338
353873.333473 4026198.66467 1621844007.55992
353891.987613 4026213.364799 1621844009.560096
353904.985174 4026223.624516 1621844010.911274
353914.6102 4026231.347978 1621844011.911596
353920.948251 4026236.482709 1621844012.559878
353930.836852 4026244.557571 1621844013.560925
353937.806046 4026250.242678 1621844014.260698
353951.050055 4026260.827275 1621844015.561273
353962.034517 4026269.52105 1621844016.610717
353976.299043 4026280.801299 1621844017.960961
353980.009635 4026283.741873 1621844018.310755
353991.250082 4026292.818443 1621844019.360949
354006.334585 4026304.831854 1621844020.760597
354010.640417 4026308.2756 1621844021.161002
354038.877043 4026330.706659 1621844023.86065
354035.270216 4026327.843276 1621844023.510458
354046.105358 4026336.484709 1621844024.560958
354091.055664 4026372.427695 1621844028.911383
354101.328703 4026380.641349 1621844029.911031
354108.564933 4026386.407184 1621844030.611127
354118.939345 4026394.582177 1621844031.610849
354125.710985 4026399.743581 1621844032.26099
354139.873127 4026410.005152 1621844033.610766
354150.604349 4026417.322664 1621844034.61042
354157.669712 4026422.026482 1621844035.260653
354168.624102 4026429.237664 1621844036.260719
354172.439691 4026431.728847 1621844036.610695
354195.033336 4026446.081806 1621844038.66071
354198.938599 4026448.57545 1621844039.010831
354206.095179 4026453.087249 1621844039.660671
354214.315601 4026458.249633 1621844040.410949
354235.948841 4026471.916165 1621844042.361094
354243.809579 4026476.905964 1621844043.060812
354255.162114 4026484.138431 1621844044.060919
354275.750446 4026497.442211 1621844045.810814
354279.375216 4026499.84252 1621844046.111326
354288.707091 4026506.199898 1621844046.860589
354324.708572 4026529.677602 1621844049.961157
354332.240663 4026534.531645 1621844050.610594
354347.330961 4026544.331537 1621844051.960778
354355.043871 4026549.38141 1621844052.660829
354362.807358 4026554.481859 1621844053.361051
354366.051404 4026556.617162 1621844053.660901
354374.047243 4026561.846318 1621844054.410579
354397.342896 4026576.82576 1621844056.713342
354390.785135 4026572.618295 1621844056.060806
354410.748869 4026585.35521 1621844058.060591
354427.238469 4026595.961243 1621844059.712981
354420.684293 4026591.741338 1621844059.060687
354430.802779 4026598.253049 1621844060.0606
354451.311946 4026611.414949 1621844062.060947
354466.025078 4026620.981685 1621844063.461054
354462.329769 4026618.592543 1621844063.110855
354487.515549 4026634.857094 1621844065.510893
354501.7064 4026643.824827 1621844066.810577
354509.085968 4026648.20241 1621844067.460503
354505.652329 4026646.198063 1621844067.160841
354524.946784 4026656.948742 1621844068.810838
354548.940874 4026671.188988 1621844070.86032
354560.095172 4026678.160201 1621844071.860497
354567.162016 4026682.451099 1621844072.511337
354570.901826 4026684.708876 1621844072.860388
354592.70998 4026697.099783 1621844074.960801
354595.548817 4026698.609017 1621844075.260603
354606.255572 4026703.62546 1621844076.66038
354610.378557 4026704.945902 1621844077.360634
354612.096056 4026705.328597 1621844077.660992
354620.465294 4026704.967729 1621844079.410769
354625.434701 4026701.356863 1621844080.760614
354622.949891 4026703.687845 1621844080.060399
354626.35304 4026700.008658 1621844081.060377
354628.505003 4026689.046454 1621844082.760432
354628.130263 4026670.446505 1621844084.810894
354627.796769 4026659.670505 1621844085.809853
354627.417631 4026647.221807 1621844086.860829
354627.083359 4026637.609892 1621844087.610626
354626.815454 4026628.910149 1621844088.260493
354626.434387 4026614.204784 1621844089.311031
354626.311731 4026609.149162 1621844089.660477
354625.813019 4026588.965477 1621844091.010911
354625.284303 4026567.142182 1621844092.409902
354625.162371 4026561.600563 1621844092.760541
354624.637713 4026528.658984 1621844094.810777
354624.474893 4026523.027462 1621844095.160619
354624.311065 4026517.382188 1621844095.511159
354623.738063 4026500.396347 1621844096.559593
354622.974958 4026472.22334 1621844098.310574
354622.541935 4026455.673861 1621844099.360757
354621.93197 4026435.001088 1621844100.712463
354621.639034 4026425.281889 1621844101.360902
354621.772769 4026429.749333 1621844101.060673
354620.648604 4026391.687354 1621844103.760468
354620.519734 4026387.562333 1621844104.110639
354620.26909 4026379.884657 1621844104.810547
354620.036874 4026373.072713 1621844105.51047
354619.533809 4026358.908943 1621844107.910385
354619.573059 4026360.077578 1621844107.562048
354619.424841 4026355.396133 1621844109.660632
354619.44725 4026356.045579 1621844109.260755
354619.229575 4026347.748723 1621844112.660439
354619.158275 4026346.472839 1621844113.060571
354615.908274 4026338.881075 1621844115.462142
354614.976637 4026338.118538 1621844115.760949
354613.746941 4026337.347354 1621844116.110548
354607.048961 4026334.87616 1621844117.510273
354602.993948 4026333.642115 1621844118.160552
354586.979572 4026329.597832 1621844120.261385
354577.388086 4026327.187295 1621844121.310431
354573.961265 4026326.290597 1621844121.660415
354552.027713 4026320.17135 1621844123.711668
354547.979543 4026318.944469 1621844124.060172
354535.955612 4026315.222676 1621844125.063217
354527.809114 4026312.660898 1621844125.712722
354509.510389 4026306.834433 1621844127.111013
354500.558808 4026303.954441 1621844127.762058
354495.627137 4026302.337688 1621844128.110755
354479.840845 4026297.290891 1621844129.221927
354448.941314 4026287.68123 1621844131.260726
354443.476457 4026285.981477 1621844131.609762
354426.858586 4026280.667078 1621844132.660681
354363.173014 4026255.127715 1621844136.660438
354347.241984 4026247.589533 1621844137.660287
354336.111424 4026242.234516 1621844138.360508
354320.855206 4026234.731875 1621844139.31044
354309.510621 4026229.022166 1621844140.010894
354286.913322 4026217.097009 1621844141.410264
354281.33318 4026213.96901 1621844141.760372
354271.056412 4026208.00649 1621844142.410352
354239.032266 4026188.571736 1621844144.459793
354243.670274 4026191.462242 1621844144.160789
354176.102844 4026148.344014 1621844148.561777
354156.018248 4026133.978306 1621844149.91063
354145.882248 4026126.133192 1621844150.610466
354136.636074 4026118.627747 1621844151.262704
354117.052043 4026101.764712 1621844152.660909
354107.470472 4026092.971305 1621844153.361149
354093.498524 4026079.547202 1621844154.410469
354075.955722 4026061.525059 1621844155.810597
354066.704138 4026051.838895 1621844156.560842
354062.298116 4026047.306369 1621844156.910956
354053.515093 4026038.254211 1621844157.612656
354027.260283 4026011.271175 1621844159.712809
354013.717643 4025997.260473 1621844160.810345
354022.910391 4026006.805427 1621844160.0605
353997.541946 4025980.433256 1621844162.16055
353985.747533 4025968.275845 1621844163.161447
353967.737573 4025949.882933 1621844164.910566
353958.977767 4025940.957652 1621844165.960525
353956.409284 4025938.345896 1621844166.310655
353948.053043 4025929.804657 1621844167.712714
353946.679451 4025928.395981 1621844168.010495
353941.811839 4025923.542166 1621844169.76072
353941.103548 4025922.855356 1621844170.410584
353940.213485 4025922.012828 1621844171.760596
353940.018949 4025921.843996 1621844172.410428
353940.087603 4025921.915537 1621844172.110273
353939.864004 4025921.678781 1621844173.810762
353939.822058 4025921.667086 1621844174.160461
353939.920177 4025921.768471 1621844176.224163
353940.058367 4025921.857477 1621844177.860487
353940.006128 4025921.857227 1621844177.222935
353939.24815 4025921.007181 1621844179.860238
353939.509616 4025921.261605 1621844179.561107
353938.847053 4025920.612434 1621844180.221673
353933.503524 4025915.114745 1621844182.260437
353926.545299 4025907.68505 1621844183.910867
353928.29239 4025909.54543 1621844183.560972
353913.959092 4025894.345185 1621844185.960505
353911.455708 4025891.742512 1621844186.310316
353901.822829 4025881.717897 1621844187.610571
353896.4186 4025876.150158 1621844188.310876
353885.731636 4025865.204974 1621844189.660892
353888.541923 4025868.052186 1621844189.310949
353874.465885 4025853.837794 1621844191.010919
353859.389952 4025838.922395 1621844192.713081
353856.709076 4025836.349439 1621844193.010684
353841.237688 4025821.82023 1621844194.712853
353838.428634 4025819.216969 1621844195.010878
353828.160598 4025810.321393 1621844196.060289
353811.372298 4025795.654888 1621844197.712884
353818.54425 4025802.071265 1621844197.011005
353790.37015 4025775.52043 1621844199.760271
353786.856267 4025772.083375 1621844200.110584
353770.797059 4025756.516545 1621844201.761142
353764.484503 4025750.485636 1621844202.460557
353767.568748 4025753.412884 1621844202.110905
353748.851941 4025737.0099 1621844204.460402
353739.26577 4025731.788643 1621844205.810303
353734.425577 4025730.568422 1621844206.510154
353729.052425 4025730.253709 1621844207.510495
353726.828778 4025730.423464 1621844208.160761
353725.95667 4025730.542035 1621844208.51032
353722.87948 4025731.158939 1621844210.910968
353723.309882 4025731.042476 1621844210.260472
353722.04014 4025731.395205 1621844212.660539
353721.036697 4025731.707766 1621844213.711895
353718.468396 4025732.748222 1621844214.712767
353719.591074 4025732.240415 1621844214.361479
353711.099942 4025737.66781 1621844216.11044
353703.915016 4025744.581204 1621844217.160617
353693.819415 4025756.219985 1621844218.560342
353686.380979 4025765.267238 1621844219.560531
353683.713074 4025768.468401 1621844219.91036
353681.059932 4025771.663447 1621844220.260547
353665.725582 4025789.836441 1621844222.3102
353663.245164 4025792.970703 1621844222.660308
353648.926169 4025811.236833 1621844224.712125
353643.922276 4025817.555169 1621844225.410246
353636.592848 4025826.673338 1621844226.41009
353631.705974 4025832.762034 1621844227.060514
353629.036203 4025836.121107 1621844227.40958
353621.198823 4025845.931039 1621844228.40958
353593.369459 4025880.58791 1621844231.760527
353590.430583 4025884.285845 1621844232.110357
353584.253703 4025892.062391 1621844232.860482
353574.156714 4025904.952388 1621844234.217978
353571.79861 4025908.038801 1621844234.560749
353558.99821 4025930.631188 1621844237.610062
353558.77294 4025932.885804 1621844237.960559
353560.492664 4025942.064424 1621844239.360855
353566.880532 4025950.740459 1621844240.761046
353563.150963 4025946.483919 1621844240.060205
353585.915506 4025968.044168 1621844243.460629
353591.312686 4025973.034406 1621844244.160527
353605.43323 4025985.18607 1621844245.860275
353611.563659 4025990.241634 1621844246.560744
353624.247778 4026000.420298 1621844247.960974
353627.5048 4026002.989705 1621844248.310371
353634.103253 4026008.182889 1621844249.010472
353650.578924 4026021.031898 1621844250.711917
353654.512973 4026024.105463 1621844251.110212
