990511.907358 1819701.456914 1620802223.570808
990514.118531 1819701.141629 1620802224.371734
990515.949701 1819700.942283 1620802225.171787
990519.127042 1819700.731791 1620802226.82118
990518.751093 1819700.751242 1620802226.623715
990523.73589 1819700.669149 1620802228.871406
990522.160112 1819700.70555 1620802228.271246
990524.956996 1819700.648806 1620802229.271172
990535.153887 1819700.647477 1620802231.720515
990536.179262 1819700.654255 1620802231.921644
990550.785642 1819700.902471 1620802234.372077
990557.49507 1819701.224188 1620802235.37118
990558.884815 1819701.319324 1620802235.571118
990573.898158 1819702.486972 1620802237.821693
990576.347545 1819702.668615 1620802238.221505
990582.176326 1819703.042705 1620802239.221344
990583.293355 1819703.102479 1620802239.421519
990596.403658 1819703.347001 1620802241.871766
990593.287997 1819703.369911 1620802241.27179
990603.194597 1819703.257803 1620802243.721571
990604.098129 1819703.247989 1620802244.321988
990604.886434 1819703.248546 1620802245.771667
990604.751118 1819703.247984 1620802245.371834
990604.917421 1819703.252515 1620802246.371031
990604.927111 1819703.259986 1620802248.821428
990604.930053 1819703.256771 1620802249.220756
990604.929749 1819703.25431 1620802249.820765
990604.954409 1819703.270452 1620802251.871304
990604.960625 1819703.267028 1620802252.871435
990604.958243 1819703.271473 1620802252.271435
990604.961173 1819703.260352 1620802253.272061
990604.96696 1819703.248063 1620802255.271599
990604.967734 1819703.247804 1620802255.071823
990604.962119 1819703.254811 1620802263.321897
990604.952157 1819703.254459 1620802264.321044
990604.945656 1819703.256419 1620802265.371841
990604.955747 1819703.256361 1620802266.371572
990604.952996 1819703.257102 1620802267.370953
990604.956312 1819703.259375 1620802268.771832
990604.956635 1819703.258757 1620802269.771961
990604.957355 1819703.257687 1620802270.372014
990604.958827 1819703.257803 1620802271.372005
990604.958322 1819703.257566 1620802271.171765
990604.958312 1819703.256678 1620802274.821336
990604.959595 1819703.257142 1620802274.421513
990604.967231 1819703.255705 1620802276.271455
990604.970024 1819703.256895 1620802277.32158
990604.965935 1819703.257082 1620802277.721508
990604.970653 1819703.255149 1620802279.170626
990604.973225 1819703.258497 1620802280.221393
990604.965554 1819703.25866 1620802281.221462
990604.974288 1819703.259168 1620802282.871272
990604.972777 1819703.259073 1620802283.2716
990604.967978 1819703.259262 1620802284.271394
990604.970527 1819703.259287 1620802284.671135
990604.973476 1819703.259746 1620802285.471234
990604.971728 1819703.259943 1620802287.921626
990604.972421 1819703.260794 1620802288.321646
990604.972765 1819703.260205 1620802288.121636
990604.968821 1819703.260297 1620802290.770749
990604.970421 1819703.260271 1620802290.971797
990604.967634 1819703.262265 1620802293.421449
990604.967312 1819703.261525 1620802298.821439
990604.966687 1819703.261199 1620802299.22157
990604.968015 1819703.261337 1620802299.421392
990604.97141 1819703.263591 1620802301.271281
990604.962183 1819703.25928 1620802302.921663
990604.963209 1819703.260321 1620802303.321809
990604.962605 1819703.261655 1620802304.771734
990604.964765 1819703.262186 1620802304.370964
990604.968831 1819703.260901 1620802306.821738
990604.959515 1819703.261421 1620802306.420603
990604.960121 1819703.265394 1620802308.871429
990604.961903 1819703.265168 1620802308.671526
990604.958656 1819703.265654 1620802309.071764
990604.967189 1819703.264815 1620802311.071599
990604.958988 1819703.262107 1620802312.920954
990604.962483 1819703.261995 1620802313.321625
990604.964969 1819703.264517 1620802314.722186
990604.961674 1819703.264521 1620802315.321983
990604.963727 1819703.263065 1620802316.371802
990604.967479 1819703.265321 1620802317.821451
990604.961869 1819703.264381 1620802318.821433
990604.962532 1819703.264332 1620802319.221919
990604.968307 1819703.265236 1620802319.821411
990604.970568 1819703.265987 1620802320.821465
990604.968165 1819703.266134 1620802322.82046
990604.96297 1819703.265661 1620802322.221629
990604.970054 1819703.266255 1620802323.028096
990604.967106 1819703.265257 1620802325.271681
990604.966193 1819703.265917 1620802326.721792
990604.965625 1819703.264647 1620802327.321814
990604.96302 1819703.265229 1620802327.121695
990604.972012 1819703.264729 1620802329.371827
990604.970321 1819703.264232 1620802329.771901
990604.96898 1819703.263756 1620802330.171268
990606.281909 1819703.015576 1620802333.771713
990606.867338 1819702.847498 1620802334.371937
990608.455117 1819702.218738 1620802335.82171
990608.92677 1819702.004609 1620802336.221445
990610.201213 1819701.463146 1620802337.271353
990610.912004 1819701.204969 1620802337.871464
990612.61062 1819700.733316 1620802339.271142
990614.648829 1819700.356664 1620802340.870831
990615.150256 1819700.304861 1620802341.271361
990616.385628 1819700.220445 1620802342.271365
990617.671942 1819700.118395 1620802343.271394
990622.398804 1819699.635083 1620802346.921275
990623.701315 1819699.510822 1620802347.921314
990622.65009 1819699.608284 1620802347.12247
990625.489993 1819699.355503 1620802348.970911
990625.921125 1819699.305951 1620802349.171657
990635.567415 1819696.406431 1620802353.823016
990636.555343 1819695.106735 1620802354.421898
990637.493609 1819692.794104 1620802355.221512
990637.732668 1819689.196142 1620802356.272767
990637.415747 1819683.077924 1620802357.921439
990637.500955 1819685.270256 1620802357.321837
990637.377064 1819681.615515 1620802358.321866
990637.416792 1819671.043076 1620802360.771825
990637.378546 1819673.025527 1620802360.371027
990637.579858 1819661.177843 1620802362.421431
990637.596782 1819659.854974 1620802362.621345
990637.622179 1819644.618773 1620802364.871409
990637.634793 1819648.867867 1620802364.271714
990637.531804 1819627.210528 1620802367.12134
990637.499076 1819617.216061 1620802368.321212
990637.505129 1819618.928552 1620802368.121976
990637.47396 1819598.573366 1620802370.372017
990637.467712 1819600.465708 1620802370.172105
990636.950294 1819555.358229 1620802375.421498
990635.734163 1819546.163898 1620802376.872295
990635.339261 1819543.810542 1620802377.270347
990634.194927 1819535.179534 1620802378.922309
990634.26726 1819536.094093 1620802378.721454
990633.972001 1819529.166781 1620802380.772202
990633.94345 1819528.315106 1620802381.37219
990633.952303 1819528.533852 1620802381.172572
990633.846217 1819528.161456 1620802383.82099
990633.854339 1819528.151925 1620802383.622047
990633.782112 1819528.295748 1620802386.87171
990633.801588 1819528.325601 1620802387.271448
990633.842102 1819528.40588 1620802388.271354
990633.8184 1819528.543404 1620802389.871472
990633.806028 1819528.642978 1620802390.87156
990633.813262 1819528.581597 1620802390.271399
990633.949177 1819527.863143 1620802392.921774
990633.842855 1819528.487403 1620802392.321739
990633.994337 1819527.733571 1620802393.321143
990634.037091 1819527.731446 1620802395.371879
990634.038058 1819527.732081 1620802395.572267
990634.026895 1819527.725534 1620802401.822214
990634.026732 1819527.726056 1620802401.420534
990634.023258 1819527.720634 1620802403.871963
990634.021267 1819527.716461 1620802404.874199
990634.02284 1819527.719097 1620802404.272059
990634.023117 1819527.716148 1620802406.321117
990634.021667 1819527.715626 1620802406.921893
990634.023625 1819527.714708 1620802408.371613
990634.023557 1819527.714325 1620802408.57087
990634.022794 1819527.713661 1620802410.820286
990634.022346 1819527.713043 1620802411.421165
990634.022707 1819527.713283 1620802411.22121
990634.012776 1819524.881136 1620802415.871382
990634.04457 1819518.062201 1620802417.871645
990633.995666 1819516.379142 1620802418.271529
990633.919824 1819514.555958 1620802418.671175
990633.12461 1819505.207136 1620802420.322356
990632.239285 1819497.978 1620802421.371789
990631.840796 1819495.070589 1620802421.771772
990630.539161 1819480.202593 1620802423.772743
990630.706784 1819483.073907 1620802423.37216
990630.240254 1819473.185306 1620802424.771584
990630.027758 1819461.553184 1620802426.371901
990629.93142 1819453.992759 1620802427.372046
990629.949353 1819455.52681 1620802427.17175
990629.735095 1819437.794506 1620802429.421541
990629.725693 1819436.160976 1620802429.621606
990629.688461 1819422.073292 1620802431.272386
990629.687201 1819420.331333 1620802431.471574
990629.85388 1819397.077885 1620802434.322
990615.788912 1819370.958806 1620802439.922163
990613.216908 1819370.665308 1620802440.321913
990611.874906 1819370.543191 1620802440.524766
990597.530128 1819369.13207 1620802442.372491
990599.246737 1819369.318831 1620802442.173233
990556.716081 1819363.376082 1620802446.421585
990558.875796 1819363.569472 1620802446.221589
990468.83777 1819360.226112 1620802454.871652
990460.371911 1819359.970469 1620802455.871845
990457.216755 1819359.880634 1620802456.271955
990452.727526 1819359.734859 1620802456.871458
990439.519058 1819359.270505 1620802458.921926
990437.204834 1819359.189569 1620802459.321488
990436.060895 1819359.145817 1620802459.524079
990424.051728 1819358.733727 1620802461.820125
990419.646491 1819358.577478 1620802462.772002
990421.463283 1819358.642457 1620802462.372061
990416.974095 1819358.496754 1620802463.371933
990404.298762 1819358.140403 1620802465.872012
990402.034234 1819358.07137 1620802466.271508
990403.44844 1819358.114091 1620802466.031074
990388.984608 1819358.261668 1620802468.922233
990385.484385 1819359.07948 1620802469.921866
990386.147848 1819358.872433 1620802469.72133
990378.024092 1819378.960654 1620802475.972059
990378.071948 1819381.073753 1620802476.372339
990378.117833 1819383.2246 1620802476.770962
990377.630478 1819395.447048 1620802478.821728
990376.868091 1819402.334058 1620802479.871611
990377.359731 1819398.022951 1620802479.221831
990375.74508 1819415.767978 1620802481.921659
990375.658039 1819418.468371 1620802482.32164
990375.56037 1819430.01266 1620802483.971577
990375.555801 1819432.719296 1620802484.371246
990375.566692 1819436.627183 1620802484.970988
990375.589863 1819439.100221 1620802485.375176
990375.578159 1819454.662288 1620802487.821312
990375.59482 1819453.281905 1620802487.621763
990375.407679 1819465.209062 1620802489.271706
990375.208442 1819472.747401 1620802490.321959
990375.165484 1819474.12867 1620802490.524353
990374.855039 1819485.242803 1620802492.372435
990375.035396 1819488.201111 1620802492.972114
990376.746141 1819494.136029 1620802494.372324
990377.638425 1819495.578033 1620802494.771274
990384.777063 1819500.204439 1620802496.821536
990387.577492 1819500.825993 1620802497.423596
990395.31027 1819501.288122 1620802498.821764
990401.791714 1819501.40374 1620802499.821706
990406.053623 1819501.370355 1620802500.420754
990417.193698 1819501.289464 1620802501.821005
990422.205389 1819501.295601 1620802502.421999
990418.868158 1819501.287747 1620802502.031556
990440.613571 1819501.354778 1620802504.871901
990435.049681 1819501.392858 1620802504.071846
990441.943768 1819501.341374 1620802505.071486
990470.104299 1819503.102189 1620802509.922352
990472.547921 1819503.270779 1620802510.322883
990482.747446 1819503.637973 1620802511.972214
990485.316462 1819503.651686 1620802512.372149
990492.009897 1819503.617294 1620802513.371439
990496.192345 1819503.57198 1620802513.975151
990497.616912 1819503.559719 1620802514.172776
990522.730698 1819503.605225 1620802517.42208
990521.061634 1819503.592229 1620802517.221799
990540.847819 1819503.533368 1620802519.471612
990544.448412 1819503.487223 1620802519.87166
990563.106607 1819503.297419 1620802521.92162
990557.660326 1819503.316206 1620802521.321964
990575.617915 1819503.344415 1620802523.371207
990577.254401 1819503.341181 1620802523.572274
990599.876836 1819503.189347 1620802527.421849
990601.947891 1819503.149291 1620802528.821505
990602.162389 1819503.131725 1620802529.421628
990602.16592 1819503.119365 1620802530.421769
990602.1539 1819503.148879 1620802531.821697
990602.141632 1819503.175702 1620802532.421666
990602.125021 1819503.217723 1620802533.221456
990602.113901 1819503.222959 1620802535.821588
990602.113043 1819503.229681 1620802537.871509
990602.111214 1819503.229512 1620802537.471849
990602.112855 1819503.230078 1620802538.072007
990602.103906 1819503.243869 1620802541.921664
990602.104683 1819503.242505 1620802542.921671
990602.102442 1819503.242335 1620802543.321429
990602.101066 1819503.242411 1620802543.522852
990602.099117 1819503.242005 1620802544.57089
990602.096458 1819503.24251 1620802546.57189
990602.097464 1819503.241868 1620802547.371115
990602.102163 1819503.243665 1620802548.821702
990602.103382 1819503.244786 1620802549.820589
990602.103139 1819503.245855 1620802550.421646
990602.104053 1819503.245982 1620802551.420628
990602.102295 1819503.247298 1620802551.032693
990602.106632 1819503.249917 1620802553.871571
990602.107191 1819503.250071 1620802553.471534
990602.106831 1819503.250602 1620802555.921931
990602.108321 1819503.2514 1620802556.321665
990602.109368 1819503.253849 1620802557.922561
990602.115883 1819503.251324 1620802558.922131
990602.115493 1819503.25226 1620802559.321623
990602.113891 1819503.254714 1620802559.921945
990602.114763 1819503.253838 1620802561.32147
990602.114802 1819503.255045 1620802562.770959
990602.114002 1819503.254137 1620802563.372051
990602.117897 1819503.253291 1620802564.820984
990602.117146 1819503.253257 1620802565.821402
990602.112316 1819503.253552 1620802566.421678
990602.107377 1819503.253874 1620802566.822241
990602.118912 1819503.251763 1620802568.821541
990602.120158 1819503.252361 1620802569.421669
990602.119247 1819503.254339 1620802570.42084
990602.117897 1819503.255001 1620802570.821566
990602.113674 1819503.254863 1620802572.471444
990602.108083 1819503.256215 1620802573.47139
990602.104065 1819503.25655 1620802574.921584
990602.102263 1819503.256129 1620802575.921589
990602.101822 1819503.256157 1620802576.322182
990602.101471 1819503.25626 1620802576.721893
990602.099859 1819503.256207 1620802577.97058
990602.100452 1819503.255877 1620802578.171369
990602.101747 1819503.25251 1620802580.821533
990602.106725 1819503.253124 1620802581.821735
990602.106671 1819503.254183 1620802582.871572
990602.108046 1819503.253531 1620802582.221637
990602.105654 1819503.25442 1620802583.071854
990602.103267 1819503.255033 1620802586.52286
990602.103422 1819503.254794 1620802586.721447
990602.113189 1819503.255335 1620802588.372259
990602.110948 1819503.255271 1620802589.821743
990602.10816 1819503.25566 1620802590.871556
990602.109576 1819503.255427 1620802590.42161
990602.099588 1819503.258239 1620802592.522583
990602.099391 1819503.257729 1620802593.522949
990602.098768 1819503.257396 1620802593.721799
990602.101749 1819503.255627 1620802596.77195
990602.102035 1819503.254939 1620802597.971074
990602.103801 1819503.253531 1620802598.971041
990602.114276 1819503.254224 1620802599.97206
990602.114879 1819503.255053 1620802600.370888
990602.116079 1819503.25603 1620802601.421864
990602.117062 1819503.255795 1620802602.421845
990602.11072 1819503.255748 1620802603.472151
990602.105455 1819503.255005 1620802603.871693
990602.103499 1819503.254507 1620802604.072232
990602.361517 1819503.24055 1620802608.321713
990602.430731 1819503.238468 1620802609.972353
990602.497305 1819503.238123 1620802610.172005
990605.795488 1819503.212617 1620802612.420787
990607.696593 1819503.202321 1620802613.030344
990608.416675 1819503.201562 1620802613.221877
990616.391427 1819503.118816 1620802615.031369
990640.494051 1819502.861972 1620802618.872277
990647.020115 1819502.747099 1620802619.871013
990644.376542 1819502.792194 1620802619.472113
990651.524623 1819502.699228 1620802620.522501
990657.348972 1819502.636515 1620802621.321852
990678.813687 1819502.49882 1620802623.971124
990682.335624 1819502.527528 1620802624.372338
990691.884037 1819502.592033 1620802625.420854
990693.718801 1819502.59544 1620802625.622714
990765.040359 1819502.164099 1620802633.871234
990770.631826 1819502.13417 1620802634.472092
990780.212135 1819502.029222 1620802635.472283
990794.14128 1819501.825254 1620802636.871824
990804.441108 1819501.672615 1620802637.873972
990800.295293 1819501.738285 1620802637.473477
990808.637906 1819501.602578 1620802638.271743
990830.199522 1819501.50058 1620802640.322965
990828.107906 1819501.500918 1620802640.122712
990870.108545 1819501.000949 1620802644.572273
990875.811355 1819500.844986 1620802645.371307
990878.500176 1819500.799883 1620802645.772052
990893.521191 1819504.421289 1620802648.422697
990896.162345 1819506.562019 1620802649.03532
990901.195137 1819515.877898 1620802650.871794
990901.370931 1819517.086261 1620802651.071563
990901.552425 1819529.051633 1620802652.922393
990901.554577 1819531.787233 1620802653.322184
990901.571676 1819544.079584 1620802654.972171
990901.563949 1819547.346024 1620802655.3726
990901.564874 1819560.206925 1620802656.822021
990901.581555 1819565.81345 1620802657.421698
990901.595773 1819567.675327 1620802657.62192
990901.702385 1819582.676833 1620802659.272801
990901.810223 1819616.786813 1620802662.922514
990901.826254 1819620.526091 1620802663.322103
990901.926183 1819633.470811 1620802664.772069
990901.980722 1819638.161824 1620802665.372068
990902.048937 1819645.702975 1620802666.422941
990902.14393 1819653.365136 1620802667.622709
990902.164366 1819655.792415 1620802668.036366
990898.611607 1819672.942173 1620802670.871635
990893.87907 1819678.144778 1620802671.921779
990894.931633 1819677.267657 1620802671.721786
990892.769182 1819678.958695 1620802672.121948
990844.870473 1819701.528864 1620802678.37142
990834.555801 1819706.371603 1620802679.422517
990824.373308 1819711.24958 1620802680.421455
990820.257096 1819713.290323 1620802680.821309
990803.094732 1819722.086339 1620802682.471979
990792.414618 1819727.733661 1620802683.471474
990776.607676 1819736.197323 1620802684.92164
990765.74143 1819741.974154 1620802685.921032
990755.097384 1819747.459137 1620802686.92252
990761.442655 1819744.20688 1620802686.32241
990744.541168 1819752.924232 1620802687.973017
990738.913691 1819755.837715 1620802688.573133
990722.647784 1819764.240533 1620802690.42143
990724.388781 1819763.341034 1620802690.221508
990701.430056 1819775.649901 1620802692.87161
990698.194021 1819777.67305 1620802693.2719
990685.876756 1819786.610402 1620802694.921463
990679.231368 1819792.038638 1620802695.921934
990673.415309 1819796.93704 1620802696.921499
990668.232783 1819801.404373 1620802697.921943
990671.263196 1819798.776296 1620802697.321658
990659.204324 1819807.431309 1620802699.772074
990656.120526 1819808.393387 1620802700.371109
990650.015223 1819808.423276 1620802701.422157
990644.286195 1819806.397526 1620802702.421843
990642.239019 1819805.060082 1620802702.821767
990636.463498 1819794.961017 1620802704.871253
990636.938586 1819797.104596 1620802704.471866
990635.766447 1819784.600352 1620802706.871875
990635.612221 1819778.816317 1620802707.921604
990635.52144 1819772.916416 1620802708.871861
990635.420028 1819765.980219 1620802709.872943
990635.460801 1819768.826052 1620802709.472955
990635.367843 1819761.706281 1620802710.471633
990635.177326 1819745.768034 1620802712.92287
990635.211813 1819749.103754 1620802712.322905
990636.203178 1819719.922591 1620802717.421558
990636.432613 1819715.90715 1620802717.972374
990636.888551 1819700.340366 1620802719.871551
990636.910465 1819691.33308 1620802720.922999
990636.796456 1819682.263813 1620802721.921936
990636.89448 1819673.244738 1620802722.92169
990636.841721 1819676.831272 1620802722.523916
990636.9003 1819671.431989 1620802723.121962
990636.861233 1819639.023407 1620802726.972091
990636.88787 1819636.34173 1620802727.372113
990636.90469 1819635.087641 1620802727.572295
990636.986191 1819625.059298 1620802729.422048
990636.976544 1819626.069655 1620802729.221641
990639.07105 1819612.851888 1620802731.872162
990640.750034 1819610.195966 1620802732.472361
990639.570751 1819611.935098 1620802732.071807
990650.197801 1819603.809237 1620802734.523933
990649.0627 1819604.17076 1620802734.321853
990683.786371 1819602.134753 1620802739.371434
990692.650716 1819602.051346 1620802740.421649
990701.085539 1819601.913066 1620802741.421397
990697.768767 1819601.966182 1620802741.033901
990713.02258 1819601.76868 1620802743.034896
990723.550755 1819601.75269 1620802744.472028
990731.465254 1819601.699869 1620802745.47191
990740.041194 1819601.596409 1620802746.471912
990753.618176 1819601.46035 1620802747.921714
990749.754531 1819601.492158 1620802747.524475
990774.699884 1819601.220548 1620802749.971428
990785.268267 1819601.101091 1620802750.972018
990778.943265 1819601.166613 1620802750.372497
990799.953803 1819600.991705 1620802752.42157
990809.574609 1819600.896164 1620802753.421655
990819.242267 1819600.749446 1620802754.4217
990829.317106 1819600.535738 1620802755.422702
990839.738805 1819600.329758 1620802756.42213
990850.079129 1819600.308774 1620802757.422959
990859.942211 1819600.425559 1620802758.422105
990856.042694 1819600.417544 1620802758.036296
990893.869573 1819604.556767 1620802762.87124
990898.127365 1819608.825654 1620802763.872131
990900.56192 1819614.288968 1620802764.872597
990901.246345 1819617.8494 1620802765.472908
990900.821895 1819615.469098 1620802765.072127
990902.624381 1819632.366816 1620802767.921932
990902.666308 1819638.363672 1620802768.922021
990902.616717 1819644.095193 1620802769.922037
990902.596859 1819650.007243 1620802770.921879
990902.897862 1819655.389536 1620802771.923038
990903.738964 1819659.438082 1620802772.973193
990903.20723 1819657.195962 1620802772.323179
990903.969317 1819660.542023 1620802774.772249
990903.956383 1819660.602856 1620802775.573261
990903.926535 1819660.927683 1620802778.823099
990904.054056 1819661.258914 1620802779.421813
990903.962329 1819661.031016 1620802779.036022
990905.688786 1819663.413463 1620802781.921785
990907.081586 1819664.143456 1620802782.972219
990907.522293 1819664.274324 1620802783.171851
990913.404038 1819662.779837 1620802785.422178
990916.643341 1819660.519757 1620802786.421225
990920.730312 1819657.371383 1620802787.471617
990927.324748 1819652.291638 1620802788.872101
990938.290969 1819644.291412 1620802790.921983
990940.593083 1819642.652029 1620802791.322006
990941.746229 1819641.851286 1620802791.523832
990947.516811 1819637.961491 1620802792.52456
990958.087362 1819631.141439 1620802794.322079
990964.632588 1819627.039093 1620802795.323171
990966.005829 1819626.185661 1620802795.524996
990978.874603 1819618.111476 1620802797.372256
990980.252371 1819617.243967 1620802797.572582
991013.028435 1819596.943069 1620802801.822019
991014.731426 1819595.909116 1620802802.03617
991058.631655 1819567.570101 1620802807.471811
991069.173782 1819560.311253 1620802808.871916
991073.481329 1819557.395841 1620802809.471531
991070.648259 1819559.316401 1620802809.071556
991086.701473 1819548.202656 1620802812.922112
991088.64793 1819546.326673 1620802813.972711
991089.558025 1819545.261982 1620802814.372119
991091.989467 1819541.43404 1620802815.422175
991094.620985 1819534.907041 1620802816.872207
991095.555587 1819532.098277 1620802817.472215
991096.127244 1819530.342289 1620802817.872126
991097.885767 1819524.50395 1620802819.72253
991098.131469 1819523.678678 1620802820.322137
991098.174543 1819523.563223 1620802820.523597
991098.210882 1819523.52188 1620802822.372393
991098.211551 1819523.553124 1620802823.423276
991098.188047 1819523.557102 1620802824.4228
991098.133538 1819523.530175 1620802825.422012
991098.162159 1819523.550004 1620802825.036182
991098.082554 1819523.585112 1620802827.871968
991098.079316 1819523.598708 1620802828.471908
991098.078389 1819523.600785 1620802828.872064
991098.077697 1819523.601484 1620802829.071799
991097.976603 1819523.587862 1620802832.922887
991097.981595 1819523.585698 1620802832.722382
991097.918881 1819523.629003 1620802836.372597
991097.923117 1819523.636467 1620802836.972521
991097.91166 1819523.644806 1620802837.972272
991097.920409 1819523.637216 1620802839.422078
991097.907976 1819523.651114 1620802840.037935
991097.845139 1819523.661523 1620802843.472093
991097.83901 1819523.665843 1620802843.872198
991097.82819 1819523.660852 1620802845.972582
991097.834663 1819523.661582 1620802846.525529
991097.830586 1819523.674903 1620802847.622267
991097.850694 1819523.561763 1620802848.871854
991097.953509 1819523.156304 1620802849.524241
991098.264514 1819521.878409 1620802850.524751
991098.521303 1819520.152567 1620802851.525709
991098.558724 1819519.260439 1620802851.922416
991096.237346 1819514.314808 1620802853.972916
991097.089385 1819515.181446 1620802853.573008
991090.870513 1819512.270063 1620802855.5727
991092.465097 1819512.604421 1620802855.17256
991079.302671 1819509.325842 1620802858.03287
991073.89291 1819507.293523 1620802859.033119
991066.952174 1819506.026482 1620802860.07213
991060.338675 1819503.801787 1620802861.072007
991032.19625 1819495.162696 1620802864.523831
991028.468236 1819494.005923 1620802864.923029
991008.305857 1819487.536799 1620802866.971572
990997.822473 1819484.182658 1620802867.971656
990986.855561 1819480.752583 1620802868.972495
990975.398165 1819477.222247 1620802869.971796
990980.01805 1819478.689394 1620802869.57149
990943.505563 1819467.145713 1620802872.622279
990938.677683 1819465.591367 1620802873.032812
990933.843784 1819464.030774 1620802873.422394
990914.347898 1819457.681833 1620802875.032815
990901.992399 1819453.662445 1620802876.033411
990889.523984 1819449.631533 1620802877.031107
990871.77634 1819443.885931 1620802878.472043
990859.995045 1819440.087245 1620802879.472125
990848.381106 1819436.381141 1620802880.471901
990836.748864 1819432.699825 1620802881.472059
990825.140963 1819428.902816 1620802882.471606
990813.637155 1819425.183286 1620802883.471945
990818.188698 1819426.704538 1620802883.072051
990791.316296 1819417.936458 1620802885.522828
990776.887291 1819413.874104 1620802886.971628
990767.458709 1819411.544933 1620802887.971732
990771.189756 1819412.451518 1620802887.571836
990753.260251 1819407.963201 1620802889.571645
990745.979716 1819405.900422 1620802890.421149
990740.779137 1819404.468091 1620802891.031699
990732.599282 1819401.895952 1620802892.032437
990724.566913 1819399.22092 1620802893.029532
990713.450959 1819395.732839 1620802894.472047
990706.433566 1819393.567299 1620802895.472644
990707.781595 1819393.980206 1620802895.272257
990673.405128 1819383.066861 1620802901.523907
990663.775433 1819379.863369 1620802902.972988
990656.474435 1819377.501507 1620802903.97292
990659.460657 1819378.468315 1620802903.572971
990653.409045 1819376.53711 1620802904.372674
990639.659768 1819372.721916 1620802906.032188
990609.91688 1819367.468371 1620802909.073174
990590.369226 1819365.088829 1620802910.872105
990583.801466 1819364.420429 1620802911.472053
990588.199003 1819364.862261 1620802911.072645
990547.721685 1819362.230608 1620802914.523163
990552.728722 1819362.418377 1620802914.122189
990515.904386 1819361.391147 1620802916.972158
990502.395998 1819361.003962 1620802917.972521
990488.655629 1819360.600747 1620802918.972983
990494.182995 1819360.754234 1620802918.572767
990463.696592 1819359.942244 1620802920.822266
990455.872714 1819359.647336 1620802921.422575
990443.181662 1819359.257206 1620802922.422345
990438.325132 1819359.138704 1620802922.822031
990401.856612 1819358.113469 1620802926.472205
990394.368584 1819358.00773 1620802927.472152
990397.269339 1819358.000595 1620802927.071779
990390.343129 1819358.290107 1620802928.072219
990380.688264 1819361.782229 1620802930.523464
990380.353388 1819362.05281 1620802930.922783
990380.306934 1819362.092331 1620802931.122154
990380.336626 1819362.061829 1620802932.122126
990378.29457 1819364.294235 1620802934.572643
990378.561627 1819363.905203 1620802934.371794
990376.271812 1819370.31297 1620802936.823071
990376.667068 1819368.410458 1620802936.221699
990375.557077 1819381.289096 1620802939.472049
990375.467207 1819386.8638 1620802940.472199
990375.508723 1819384.52532 1620802940.072239
990375.583686 1819400.804409 1620802942.52522
990375.632325 1819403.649287 1620802942.922411
990375.65855 1819405.071943 1620802943.122545
990375.81518 1819425.63591 1620802945.97556
990375.488848 1819433.114315 1620802946.973702
990375.657039 1819430.085089 1620802946.572605
990375.282398 1819436.191661 1620802947.372853
990374.129127 1819448.445451 1620802949.033567
990373.423725 1819455.550831 1620802950.032603
990372.793019 1819462.238588 1620802951.032067
990372.209593 1819468.741997 1620802952.033199
990371.573185 1819475.35736 1620802953.032722
990370.74126 1819481.571914 1620802954.033347
990369.624723 1819487.540371 1620802955.031931
990368.071745 1819493.603086 1620802956.032782
990365.730656 1819499.723117 1620802957.033871
990364.484961 1819502.127576 1620802957.421513
990342.416374 1819526.84056 1620802961.872333
990339.023415 1819530.385284 1620802962.472049
990341.278178 1819528.011319 1620802962.072606
990334.716949 1819535.157848 1620802963.272396
990320.830013 1819555.268553 1620802966.523632
990317.225622 1819563.879649 1620802967.972841
990319.05563 1819559.14529 1620802967.172844
990311.60931 1819588.991884 1620802971.872369
990310.95046 1819593.187973 1620802972.472417
990310.43776 1819597.146607 1620802973.031972
990309.914776 1819608.151059 1620802974.472443
990310.082859 1819612.507773 1620802975.032978
990310.379597 1819616.134973 1620802975.472292
990310.932777 1819620.644691 1620802976.03279
990312.415663 1819628.65015 1620802977.033186
990317.578596 1819644.440781 1620802979.122512
990322.723417 1819654.917353 1620802980.572567
990326.844815 1819661.901525 1620802981.572978
990332.961413 1819670.66055 1620802982.972795
990331.178565 1819668.300649 1620802982.572565
990334.796646 1819672.938211 1620802983.372756
990346.606642 1819684.571404 1620802985.572734
990344.285295 1819682.551154 1620802985.171887
990367.889775 1819697.380304 1620802988.82238
990369.266507 1819697.890615 1620802989.032583
990373.463303 1819699.109836 1620802989.621641
990389.711997 1819701.176801 1620802991.871943
990405.334413 1819701.580032 1620802993.922448
990414.768324 1819702.286177 1620802995.122469
990446.535412 1819703.91081 1620802998.571942
990456.462875 1819703.892666 1620802999.572757
990466.080835 1819703.73625 1620803000.571866
990469.537574 1819703.612133 1620803000.97262
990481.246806 1819702.631865 1620803002.622126
990486.039987 1819702.17987 1620803003.622426
990488.769508 1819702.007137 1620803004.472162
990490.132146 1819701.964659 1620803005.072339
990490.762807 1819701.933822 1620803005.471855
990491.178857 1819701.879534 1620803007.522916
990491.176583 1819701.878528 1620803008.572055
