988116.511603 1818805.42476 1621851969.950989
988116.511426 1818805.424529 1621851969.749801
988116.513629 1818805.426335 1621851971.300332
988116.781365 1818805.60161 1621851972.451388
988117.400182 1818806.008207 1621851973.300465
988118.29539 1818806.602095 1621851973.9509
988119.499056 1818807.403959 1621851974.451249
988124.438999 1818810.775888 1621851976.000852
988125.764891 1818811.690407 1621851976.350908
988131.214116 1818815.497746 1621851977.650913
988137.591265 1818819.963984 1621851979.000161
988140.068503 1818821.651495 1621851979.500283
988149.402042 1818827.797441 1621851981.350901
988154.635552 1818831.360245 1621851982.350899
988161.326726 1818836.145291 1621851983.702215
988162.938574 1818837.378535 1621851984.051455
988170.074587 1818843.435774 1621851985.702209
988174.082761 1818847.256987 1621851986.702661
988178.554095 1818851.528505 1621851987.851186
988181.081358 1818853.866411 1621851988.550025
988181.606549 1818854.343744 1621851988.702266
988187.860477 1818859.616602 1621851990.551371
988190.078676 1818860.827712 1621851991.253886
988193.092683 1818861.202443 1621851992.251599
988198.603856 1818856.447376 1621851994.600007
988200.443534 1818853.837072 1621851995.300115
988202.274168 1818851.184781 1621851995.949153
988206.659487 1818844.646484 1621851997.301509
988207.917336 1818842.729374 1621851997.65089
988215.958085 1818830.399022 1621851999.651146
988217.509383 1818828.046469 1621852000.000163
988223.533022 1818819.099859 1621852001.301143
988227.563329 1818813.17016 1621852002.148967
988233.010606 1818804.992152 1621852003.350876
988235.923946 1818800.622363 1621852004.000938
988237.484359 1818798.246221 1621852004.35081
988247.784472 1818782.37248 1621852006.702682
988252.937587 1818774.51546 1621852007.90105
988255.025441 1818771.304252 1621852008.401025
988260.472686 1818762.896238 1621852009.703546
988263.884502 1818757.59988 1621852010.549811
988268.969539 1818749.730186 1621852011.900051
988273.002819 1818743.511219 1621852012.950755
988275.801515 1818739.163941 1621852013.650386
988273.600969 1818742.58338 1621852013.101171
988280.203772 1818732.132861 1621852014.801523
988284.510548 1818724.489079 1621852016.000873
988285.697587 1818722.117228 1621852016.349718
988288.684269 1818714.890263 1621852017.350671
988291.038493 1818707.385364 1621852018.350692
988292.686798 1818669.262531 1621852023.210356
988279.612699 1818633.517047 1621852028.40011
988275.808663 1818627.74793 1621852029.549842
988270.06555 1818622.105241 1621852030.94984
988268.63428 1818620.886565 1621852031.251591
988259.192662 1818613.876627 1621852032.951116
988264.141912 1818617.389671 1621852032.10057
988257.965572 1818613.044461 1621852033.150979
988212.283239 1818583.884226 1621852039.350113
988209.515815 1818582.128363 1621852039.703107
988199.420254 1818575.763442 1621852041.000982
988194.006426 1818572.370528 1621852041.701401
988191.690653 1818570.902287 1621852041.999993
988180.877547 1818563.987548 1621852043.400778
988173.174275 1818558.968694 1621852044.401321
988165.660363 1818554.038106 1621852045.400538
988144.560804 1818540.536683 1621852048.950763
988140.716633 1818538.125762 1621852049.600581
988131.658428 1818532.430922 1621852051.00166
988129.698296 1818531.187075 1621852051.301054
988127.447789 1818529.740714 1621852051.651459
988121.424703 1818525.725372 1621852052.704341
988110.639089 1818518.400303 1621852054.703685
988108.586487 1818517.021404 1621852055.049963
988106.444872 1818515.587194 1621852055.401486
988096.646301 1818509.03821 1621852056.900712
988086.837345 1818502.489912 1621852058.600119
988081.412588 1818498.948179 1621852059.651601
988076.095723 1818495.494568 1621852060.650511
988077.75271 1818496.558105 1621852060.350674
988065.384309 1818488.915708 1621852062.351211
988058.253491 1818485.094563 1621852063.350896
988059.363353 1818485.654712 1621852063.21334
988036.609255 1818478.256073 1621852066.051568
988022.322276 1818476.832069 1621852067.750928
988019.785808 1818476.670473 1621852068.051101
988005.530939 1818475.784326 1621852069.750687
988002.965879 1818475.591194 1621852070.05131
987986.928498 1818473.325409 1621852071.950946
987979.19255 1818471.14161 1621852072.950803
987974.156996 1818469.222743 1621852073.651188
987967.421353 1818466.232122 1621852074.650133
987962.995762 1818464.178922 1621852075.350826
987955.125097 1818461.799451 1621852076.651263
987953.073572 1818461.807624 1621852077.000706
987949.059028 1818462.660355 1621852077.703179
987939.385906 1818471.443948 1621852079.749815
987938.152782 1818473.269543 1621852080.050697
987936.675076 1818475.491468 1621852080.399783
987932.084869 1818482.578189 1621852081.451259
987921.862366 1818498.52423 1621852083.65081
987915.214827 1818508.646462 1621852084.999491
987913.72494 1818510.908379 1621852085.301316
987910.218479 1818516.245147 1621852086.00084
987905.134138 1818524.024522 1621852086.999922
987899.739841 1818532.309422 1621852088.051367
987894.761542 1818539.982457 1621852089.050998
987888.33097 1818549.806423 1621852090.400609
987886.736392 1818552.271459 1621852090.7508
987885.170817 1818554.691097 1621852091.100748
987873.851945 1818572.764904 1621852093.651424
987869.24625 1818580.679719 1621852094.651322
987870.853266 1818577.852088 1621852094.300169
987859.924602 1818598.168278 1621852096.703621
987855.535298 1818607.185376 1621852097.703946
987850.401985 1818617.851261 1621852098.900848
987847.060751 1818624.70396 1621852099.704076
987848.309026 1818622.158713 1621852099.400498
987842.778846 1818633.405964 1621852100.750696
987841.387994 1818636.232614 1621852101.101187
987831.611073 1818656.061172 1621852103.949913
987833.278798 1818652.674068 1621852103.45096
987823.824808 1818671.498851 1621852106.000421
987822.618696 1818673.923963 1621852106.301225
987815.82438 1818687.909683 1621852108.000908
987813.199491 1818693.323697 1621852108.650803
987807.56595 1818704.686159 1621852110.001403
987806.091168 1818707.588323 1621852110.350619
987804.018996 1818711.649818 1621852110.850636
987796.649828 1818726.035386 1621852112.702297
987794.084095 1818731.083865 1621852113.351411
987791.256269 1818736.568241 1621852114.050256
987785.50762 1818747.44487 1621852115.401007
987778.200139 1818760.14415 1621852116.949811
987773.210966 1818768.274147 1621852117.950737
987768.143216 1818776.234293 1621852118.95075
987764.579513 1818781.833902 1621852119.651117
987761.996356 1818785.830328 1621852120.150482
987745.296283 1818811.230287 1621852123.450544
987741.301886 1818817.177403 1621852124.302168
987718.775971 1818849.412167 1621852128.651199
987711.716213 1818858.68309 1621852129.851423
987700.20955 1818872.791606 1621852131.702729
987695.868584 1818877.816936 1621852132.40071
987691.536824 1818882.72464 1621852133.100579
987689.671101 1818884.814255 1621852133.400941
987664.86001 1818910.81071 1621852137.40067
987660.329275 1818915.18494 1621852138.10093
987658.032028 1818917.35876 1621852138.450737
987649.014087 1818925.592538 1621852139.800522
987645.648482 1818928.568562 1621852140.300567
987629.392006 1818942.48211 1621852142.850533
987620.003372 1818964.960737 1621852147.702079
987621.495113 1818966.19074 1621852148.050673
987630.5556 1818972.367357 1621852149.703044
987637.234917 1818976.63292 1621852150.702213
987639.722621 1818978.193772 1621852151.051154
987649.848554 1818984.460212 1621852152.400091
987660.358947 1818991.129649 1621852153.750628
987663.093605 1818992.937666 1621852154.100554
987673.392901 1818999.789851 1621852155.450865
987670.784101 1818998.045643 1621852155.100769
987684.713199 1819007.268645 1621852157.101529
987694.197622 1819013.391672 1621852158.449911
987691.629386 1819011.722753 1621852158.10153
987708.573747 1819022.733916 1621852160.450161
987710.86949 1819024.242362 1621852160.801228
987725.45873 1819033.620441 1621852163.001036
987729.517122 1819036.239741 1621852163.650826
987736.004902 1819039.895814 1621852164.703735
987738.202469 1819040.802145 1621852165.050594
987747.140378 1819042.215713 1621852166.401289
987756.411847 1819040.31928 1621852167.751037
987755.394333 1819040.672717 1621852167.601165
987767.328237 1819034.215184 1621852169.452401
987765.524703 1819035.524091 1621852169.152156
987771.326755 1819031.006795 1621852170.150506
987776.80697 1819026.256789 1621852171.150508
987789.812596 1819014.809964 1621852173.350721
987796.734376 1819008.884402 1621852174.400194
987804.160328 1819002.638215 1621852175.450775
987814.460029 1818994.351459 1621852176.79991
987813.275818 1818995.261302 1621852176.650993
987828.509795 1818984.584307 1621852178.500902
987832.785513 1818981.953812 1621852179.001277
987845.197095 1818975.034398 1621852180.400668
987846.544101 1818974.344946 1621852180.550565
987866.821999 1818965.454414 1621852182.749836
987863.534358 1818966.691994 1621852182.400687
987873.374732 1818963.194705 1621852183.450538
987895.02419 1818957.540139 1621852185.800439
987892.30399 1818958.095263 1621852185.507279
987903.731093 1818955.995961 1621852186.800411
987917.528492 1818954.3301 1621852188.3508
987918.938553 1818954.210623 1621852188.500682
987934.520042 1818953.219607 1621852190.050488
987949.616154 1818952.848424 1621852191.400457
987961.111341 1818953.370529 1621852192.400471
987976.397944 1818955.159704 1621852193.74958
987984.332842 1818956.527432 1621852194.45103
987996.122865 1818959.084254 1621852195.500262
988003.281591 1818961.006103 1621852196.149586
988014.162032 1818964.40756 1621852197.149721
988017.870661 1818965.696205 1621852197.501451
988030.943106 1818971.437523 1621852198.800459
988046.379428 1818980.971983 1621852200.50103
988058.224801 1818988.659351 1621852201.850434
988055.15997 1818986.709769 1621852201.501126
988072.77576 1818996.265131 1621852203.500803
988083.767321 1818999.074327 1621852204.703044
988092.848322 1818999.389438 1621852205.703021
988101.60367 1818997.198885 1621852206.750426
988103.913321 1818996.07263 1621852207.049947
988113.812429 1818986.514831 1621852208.750811
988117.016158 1818981.833548 1621852209.400919
988120.279321 1818976.944733 1621852210.050404
988122.073482 1818974.266043 1621852210.400891
988130.586672 1818961.23865 1621852212.050658
988137.59881 1818950.259385 1621852213.400845
988142.861765 1818942.082203 1621852214.400514
988149.975318 1818931.245188 1621852215.749659
988146.287821 1818936.853974 1621852215.05062
988158.65632 1818918.093908 1621852217.399863
988161.27973 1818914.076683 1621852217.901027
988177.277231 1818889.492904 1621852221.250612
988180.939027 1818883.926525 1621852222.050679
988194.520503 1818864.353854 1621852224.750599
988196.199768 1818861.834766 1621852225.099988
988202.124288 1818852.574185 1621852226.450088
988208.382907 1818842.874622 1621852227.800808
988209.841268 1818840.598542 1621852228.100955
988216.753392 1818830.065586 1621852229.450828
988222.041729 1818821.93712 1621852230.450563
988225.545998 1818816.562716 1621852231.100818
988231.250926 1818807.76631 1621852232.150586
988234.825977 1818802.319088 1621852232.80043
988236.759035 1818799.394348 1621852233.150595
988242.217806 1818791.163314 1621852234.150326
988256.719611 1818769.48106 1621852236.901098
988259.965152 1818764.533278 1621852237.550497
988265.102274 1818756.494451 1621852238.702207
988265.93369 1818755.20486 1621852238.901088
988278.381794 1818735.551411 1621852241.750576
988279.873801 1818733.175579 1621852242.101156
988281.116834 1818731.098257 1621852242.400617
988289.60067 1818712.638276 1621852244.800625
988291.205957 1818706.963868 1621852245.450161
988292.902776 1818697.945257 1621852246.450495
988293.518174 1818691.971628 1621852247.10139
988293.503769 1818679.165746 1621852248.450452
988292.311425 1818669.530236 1621852249.450519
988290.693912 1818662.789828 1621852250.150562
988284.769886 1818647.51719 1621852251.801684
988287.441585 1818653.390496 1621852251.150557
988276.179038 1818633.316308 1621852253.500267
988274.052207 1818630.515836 1621852253.850579
988272.150277 1818628.169579 1621852254.150429
988260.122404 1818616.4431 1621852255.851435
988257.43617 1818614.385221 1621852256.211208
988245.17281 1818605.737069 1621852257.749611
988234.56101 1818598.247919 1621852259.100369
988222.980481 1818590.946787 1621852260.45065
988213.763082 1818585.080567 1621852261.500892
988210.669946 1818583.054948 1621852261.850905
988198.665903 1818575.117217 1621852263.212421
988195.573207 1818573.082647 1621852263.550447
988178.604037 1818561.768532 1621852265.550511
988176.149961 1818560.103153 1621852265.85062
988161.284443 1818550.19308 1621852267.749978
988156.623795 1818547.162228 1621852268.400595
988149.979611 1818542.861447 1621852269.45062
988146.108572 1818540.409347 1621852270.10089
988144.050389 1818539.207767 1621852270.450591
988122.242971 1818546.542008 1621852274.800856
988120.974603 1818548.500837 1621852275.150536
988114.580236 1818558.549852 1621852276.851172
988115.968509 1818556.337811 1621852276.500881
988113.34302 1818560.534306 1621852277.150627
988107.123228 1818570.682341 1621852278.550773
988103.982537 1818575.677705 1621852279.213134
988092.465196 1818593.055681 1621852281.400431
988084.98281 1818604.252685 1621852282.800828
988083.383267 1818606.67465 1621852283.100084
988081.51213 1818609.520627 1621852283.450502
988068.904519 1818629.059728 1621852285.800361
988065.064121 1818635.04462 1621852286.501693
988061.171607 1818640.999799 1621852287.213278
988057.508362 1818646.548016 1621852287.850701
988055.501549 1818649.578148 1621852288.213391
988043.902198 1818667.383535 1621852290.212734
988041.872749 1818670.51439 1621852290.55166
988031.424531 1818686.623576 1621852292.400913
988023.920562 1818698.155258 1621852293.800767
988018.782376 1818706.057821 1621852294.800891
988014.720243 1818713.552663 1621852295.800721
988017.168511 1818708.724107 1621852295.150546
988013.795915 1818716.12257 1621852296.150345
988014.106932 1818726.623801 1621852297.650625
988025.871754 1818738.043132 1621852299.850528
988032.977477 1818742.453645 1621852300.850531
988035.128002 1818743.744186 1621852301.150477
988037.581326 1818745.286102 1621852301.500767
988042.048619 1818748.220179 1621852302.150464
988053.051508 1818757.264685 1621852303.850427
988056.692671 1818761.51909 1621852304.550517
988061.286562 1818767.488671 1621852305.549505
988068.397679 1818773.907712 1621852306.900721
988076.64543 1818778.955602 1621852308.250561
988084.011174 1818783.587972 1621852309.451135
988090.400318 1818788.117519 1621852310.450393
988095.065773 1818791.437485 1621852311.150496
988104.144329 1818797.828445 1621852312.501145
988108.721603 1818800.907277 1621852313.150584
988113.762128 1818804.251169 1621852313.850457
988123.973197 1818810.992151 1621852315.251645
988136.714509 1818819.128154 1621852316.900847
988131.663147 1818815.92761 1621852316.250547
988139.45368 1818820.882724 1621852317.251378
988149.746172 1818827.68212 1621852318.550582
988160.162144 1818834.99438 1621852319.900772
988169.703299 1818842.838459 1621852321.250568
988174.143058 1818847.064471 1621852321.95058
988182.446769 1818856.282304 1621852323.60163
988185.760483 1818862.208416 1621852324.600594
988187.093466 1818866.919544 1621852325.300919
988186.89784 1818877.101915 1621852326.600868
988187.273989 1818874.650277 1621852326.301379
988178.821168 1818893.836109 1621852328.800454
988175.659963 1818898.825435 1621852329.501155
988169.796347 1818908.026864 1621852330.800595
988168.114872 1818910.651909 1621852331.150444
988166.380555 1818913.361429 1621852331.501074
988157.477372 1818927.156637 1621852333.209485
988151.96855 1818935.650492 1621852334.20966
988148.041474 1818941.722006 1621852334.902162
988146.344278 1818944.359339 1621852335.209447
988134.452093 1818962.683781 1621852337.250212
988127.7468 1818973.167833 1621852338.450386
988125.835728 1818976.172793 1621852338.800566
988118.723384 1818987.097629 1621852340.100661
988108.005473 1818998.490654 1621852341.850302
988098.741619 1819002.642055 1621852343.209257
988085.648389 1819003.403252 1621852344.900919
988088.531248 1819003.61972 1621852344.549844
988080.146367 1819002.394508 1621852345.549474
988071.206048 1818999.049219 1621852346.600755
988051.61086 1818987.885905 1621852348.950377
988037.561104 1818979.075271 1621852350.600173
988019.065799 1818969.44564 1621852352.650498
988014.299263 1818967.633412 1621852353.150375
988006.358467 1818965.07319 1621852353.950355
987987.161414 1818960.530912 1621852355.800419
987990.85395 1818961.27022 1621852355.450328
987965.648154 1818957.186646 1621852357.850464
987958.95209 1818956.679479 1621852358.500711
987951.967692 1818956.38444 1621852359.21185
987939.332038 1818956.372755 1621852360.549936
987929.314344 1818956.472939 1621852361.901238
987927.16666 1818956.129244 1621852362.25056
987920.224569 1818952.054986 1621852363.60058
987919.619765 1818951.331829 1621852363.750297
987916.494595 1818930.350891 1621852366.800634
987916.902917 1818925.081744 1621852367.500134
987917.626406 1818917.421327 1621852368.501067
987917.294612 1818920.128804 1621852368.149473
987925.005179 1818898.57949 1621852370.900697
987929.958174 1818890.732558 1621852371.901011
987931.509846 1818888.352421 1621852372.212237
987936.767891 1818880.412704 1621852373.212704
987943.77411 1818869.908876 1621852374.551327
987950.562685 1818859.731242 1621852375.901217
987947.072061 1818864.982725 1621852375.211524
987960.850958 1818844.232688 1621852377.900819
987958.998813 1818847.066261 1621852377.549466
987967.866553 1818833.273084 1621852379.211614
987971.736259 1818827.167496 1621852379.900808
987977.22571 1818818.356936 1621852380.900194
987981.031901 1818812.177321 1621852381.600478
987986.537627 1818803.616886 1621852382.600267
987990.38123 1818797.848073 1621852383.30098
988002.720257 1818786.565945 1621852385.150215
988007.925767 1818784.161831 1621852385.80031
988019.918205 1818780.611687 1621852387.211961
988066.109562 1818773.382267 1621852393.850689
988072.447427 1818776.84743 1621852394.850514
988068.278778 1818774.410198 1621852394.212273
988083.836686 1818784.578162 1621852396.549579
988090.673189 1818789.090106 1621852397.550175
988100.372551 1818795.257503 1621852398.950374
988101.38845 1818795.909714 1621852399.101028
988111.428215 1818802.422286 1621852400.650435
988115.735256 1818805.194231 1621852401.45066
988119.478923 1818807.570102 1621852402.301109
988123.69547 1818810.261604 1621852403.451339
988125.181232 1818811.220236 1621852403.950455
988127.319158 1818812.586664 1621852404.950305
988128.491582 1818813.388933 1621852406.300805
988128.525943 1818813.356544 1621852406.950026
