353744.999603 4026096.85409 1620813803.776746
353754.891769 4026104.6683 1620813804.576602
353764.814818 4026112.386824 1620813805.3759
353777.200282 4026122.007999 1620813806.376528
353794.314707 4026135.546943 1620813807.775709
353807.077676 4026145.680646 1620813808.825852
353819.136081 4026155.366753 1620813809.826866
353816.731034 4026153.423756 1620813809.626619
353836.639756 4026169.41547 1620813811.27886
353839.058985 4026171.376376 1620813811.476118
353874.907409 4026199.751284 1620813814.325945
353885.475445 4026208.093123 1620813815.126044
353888.138571 4026210.205786 1620813815.325896
353950.46326 4026259.772379 1620813819.775696
353956.359252 4026264.478411 1620813820.175577
353989.43976 4026291.372971 1620813822.375085
354126.583721 4026400.683978 1620813831.176097
354184.5151 4026442.650012 1620813834.876462
354200.597019 4026453.324479 1620813835.876298
354187.712317 4026444.79876 1620813835.076107
354233.923651 4026475.069495 1620813837.925826
354237.232616 4026477.246024 1620813838.125985
354240.533342 4026479.373449 1620813838.326085
354277.850868 4026502.28652 1620813840.576307
354288.036548 4026508.302825 1620813841.175789
354305.085001 4026518.43703 1620813842.175034
354311.893061 4026522.553023 1620813842.576399
354349.734393 4026546.366416 1620813844.826797
354362.9397 4026554.851164 1620813845.625818
354379.922353 4026565.824242 1620813846.676433
354395.830564 4026575.955925 1620813847.676065
354411.446035 4026585.873033 1620813848.677416
354426.725385 4026595.603729 1620813849.675802
354441.662586 4026605.184804 1620813850.676605
354456.253521 4026614.633148 1620813851.67599
354470.457634 4026623.905533 1620813852.675842
354484.340008 4026632.938746 1620813853.676018
354476.03637 4026627.56101 1620813853.076243
354511.774119 4026650.30375 1620813855.72847
354516.775809 4026653.471936 1620813856.126083
354521.614471 4026656.577302 1620813856.526217
354538.719762 4026667.493119 1620813858.12628
354550.557886 4026675.209523 1620813859.526309
354558.30474 4026680.2569 1620813860.728508
354555.963244 4026678.752383 1620813860.326355
354570.189294 4026687.780696 1620813863.975913
354570.592659 4026688.034158 1620813864.17487
354572.583971 4026689.110358 1620813865.175982
354575.234502 4026690.786986 1620813866.177362
354576.58867 4026691.628916 1620813866.57617
354586.676256 4026698.060761 1620813868.626364
354589.229512 4026699.682489 1620813869.027221
354622.30997 4026715.550249 1620813873.077396
354626.241131 4026716.514153 1620813873.479028
354643.287439 4026718.557498 1620813875.126493
354645.441068 4026718.599842 1620813875.326546
354807.973485 4026687.59492 1620813888.57728
354815.122699 4026686.055455 1620813889.176049
354826.912751 4026683.598501 1620813890.176316
354838.725472 4026681.380988 1620813891.176858
354856.051269 4026678.410338 1620813892.625813
354866.139502 4026676.862027 1620813893.476219
354880.513468 4026674.886505 1620813894.676214
354885.350782 4026674.291102 1620813895.07679
354907.421121 4026672.122181 1620813896.925242
354909.743386 4026671.945016 1620813897.126023
354920.609598 4026671.257549 1620813898.125969
354929.885373 4026670.807026 1620813899.176864
354937.679546 4026670.520337 1620813900.176551
354940.716736 4026670.409561 1620813900.576145
354955.390201 4026669.855543 1620813902.625978
354958.076912 4026669.769902 1620813903.025975
354968.628691 4026669.912411 1620813904.677249
354967.418736 4026669.979073 1620813904.477808
354975.573882 4026669.583679 1620813905.877254
354984.470172 4026669.292866 1620813907.728097
354989.59666 4026669.177623 1620813909.57629
354990.872303 4026669.157724 1620813910.175855
354992.71419 4026669.12213 1620813911.176027
354994.579038 4026669.054597 1620813913.240226
354994.566295 4026668.997831 1620813914.241069
354994.572681 4026668.851489 1620813917.675834
354994.570665 4026668.853737 1620813917.276504
354994.83412 4026668.871343 1620813919.728311
354994.740451 4026668.867649 1620813919.526037
355003.494706 4026668.755528 1620813923.126233
355036.079752 4026668.050999 1620813927.575965
355041.748871 4026667.934013 1620813928.176282
355051.469502 4026667.84938 1620813929.176209
355061.870173 4026667.755889 1620813930.176267
355072.993613 4026667.569096 1620813931.175981
355084.836677 4026667.23695 1620813932.176114
355097.487947 4026666.921116 1620813933.175846
355110.668905 4026666.584677 1620813934.17603
355118.757064 4026666.421863 1620813934.775985
355137.795669 4026666.090579 1620813936.17613
355172.019984 4026665.418774 1620813938.776019
355182.385007 4026665.171429 1620813939.577035
355177.201332 4026665.290956 1620813939.176084
355227.215536 4026664.174227 1620813942.975975
355237.4972 4026663.943674 1620813943.776204
355232.378332 4026664.05996 1620813943.376001
355274.856655 4026663.161757 1620813946.775506
355269.992518 4026663.272207 1620813946.376095
355282.627083 4026662.999585 1620813947.426248
355303.803969 4026662.559234 1620813949.276494
355312.495441 4026662.354815 1620813950.076183
355314.555076 4026662.303662 1620813950.276237
355336.214712 4026661.648149 1620813952.927768
355337.525023 4026661.608455 1620813953.126505
355343.567405 4026661.433659 1620813954.126584
355346.884543 4026661.364256 1620813954.727539
355356.559551 4026661.156817 1620813956.776134
355358.187293 4026661.15218 1620813957.176105
355363.031905 4026661.10539 1620813958.625945
355365.482638 4026661.079514 1620813960.827078
355365.487723 4026661.082174 1620813961.676256
355365.484709 4026661.080026 1620813961.23853
355365.48433 4026661.081267 1620813964.728256
355365.488534 4026661.081467 1620813965.126396
355365.476724 4026661.073467 1620813966.728294
355365.513515 4026661.080241 1620813967.72701
355365.557789 4026661.08998 1620813968.727448
355365.555821 4026661.092773 1620813969.727547
355365.55524 4026661.095259 1620813970.727363
355365.554398 4026661.092945 1620813971.726934
355365.563932 4026661.09585 1620813972.727644
355365.791768 4026661.094992 1620813973.726878
355366.527322 4026661.081541 1620813974.727408
355367.7796 4026661.064478 1620813975.727618
355369.410032 4026661.048263 1620813976.7275
355368.379917 4026661.058213 1620813976.126301
355370.23353 4026661.042857 1620813977.126314
355377.5369 4026661.040669 1620813979.176239
355387.462152 4026660.911163 1620813980.77701
355390.214711 4026660.862352 1620813981.176332
355444.045917 4026659.584715 1620813987.176461
355457.669359 4026659.373581 1620813988.237086
355471.460815 4026659.147813 1620813989.236619
355485.993159 4026658.999214 1620813990.235809
355507.466202 4026658.924582 1620813991.627192
355526.633095 4026658.912125 1620813992.827239
355533.0916 4026658.939367 1620813993.233905
355549.41252 4026659.010781 1620813994.236196
355555.940393 4026659.067679 1620813994.626139
355581.994519 4026659.222894 1620813996.23684
355598.121355 4026659.274962 1620813997.234035
355604.492791 4026659.351747 1620813997.626648
355629.719756 4026659.824702 1620813999.236827
355645.573241 4026660.054266 1620814000.238928
355651.966186 4026660.122356 1620814000.627131
355668.038736 4026660.255115 1620814001.626576
355693.835816 4026660.525732 1620814003.236846
355779.225598 4026661.237127 1620814008.67685
355776.253542 4026661.1537 1620814008.476592
355805.418429 4026661.982246 1620814010.477777
355847.203148 4026663.457096 1620814013.876897
355855.700167 4026663.777414 1620814014.877421
355858.511092 4026663.889865 1620814015.277422
355866.611629 4026664.263439 1620814016.87653
355868.969726 4026664.301107 1620814017.676634
355870.729851 4026664.226339 1620814018.676904
355871.478116 4026664.202163 1620814019.67783
355871.496296 4026664.223985 1620814020.677686
355871.519778 4026664.251484 1620814021.678563
355871.832832 4026664.241522 1620814022.728471
355872.449223 4026664.134382 1620814023.728497
355872.081979 4026664.201195 1620814023.127557
355873.655777 4026663.801726 1620814027.777195
355873.650308 4026663.795764 1620814028.177199
355873.762669 4026663.763507 1620814028.976432
355874.247268 4026663.552047 1620814030.238471
355874.3388 4026663.509818 1620814030.627327
355874.36007 4026663.44607 1620814032.677317
355874.361164 4026663.466853 1620814032.277276
355874.389463 4026663.403363 1620814033.276826
355878.587053 4026659.018361 1620814037.730209
355879.168576 4026657.590828 1620814038.126461
355879.895571 4026654.901822 1620814038.729432
355880.586602 4026646.410952 1620814040.176738
355880.642888 4026642.096091 1620814040.776319
355880.558577 4026630.305764 1620814042.240982
355880.395832 4026620.819069 1620814043.233136
355879.634643 4026593.940581 1620814045.67647
355879.290429 4026581.52393 1620814046.676278
355879.138241 4026573.926262 1620814047.276596
355878.759069 4026556.31895 1620814048.676867
355878.505294 4026544.163972 1620814049.676766
355878.201103 4026532.127002 1620814050.676797
355877.956834 4026519.923662 1620814051.676879
355877.736586 4026507.450013 1620814052.676843
355877.503597 4026494.720459 1620814053.678248
355877.229035 4026481.73792 1620814054.677179
355876.933226 4026468.726236 1620814055.678554
355876.700528 4026455.976947 1620814056.677251
355876.445537 4026443.49946 1620814057.676403
355876.193876 4026431.157986 1620814058.67674
355876.283455 4026436.099454 1620814058.2774
355875.094714 4026377.51084 1620814063.126663
355875.065724 4026375.209362 1620814063.326537
355874.024032 4026322.559833 1620814067.776986
355873.315666 4026292.041276 1620814070.177322
355872.971074 4026278.617581 1620814071.176804
355872.681371 4026264.953815 1620814072.178621
355872.554799 4026256.664334 1620814072.777418
355871.255353 4026210.396027 1620814076.236713
355870.903539 4026197.769518 1620814077.236222
355870.728822 4026192.817736 1620814077.626427
355859.026279 4025980.212294 1620814094.326219
355859.20862 4025982.844653 1620814094.126615
355855.955025 4025933.886155 1620814097.728648
355856.316432 4025939.451463 1620814097.328063
355853.844015 4025891.753039 1620814100.777966
355853.646446 4025886.236344 1620814101.177618
355853.513646 4025865.828153 1620814102.777141
355853.465911 4025861.681615 1620814103.177662
355853.753191 4025850.212132 1620814104.777403
355853.618766 4025852.435402 1620814104.37767
355855.103885 4025825.501664 1620814110.238301
355855.546093 4025820.481729 1620814111.027405
355856.707636 4025806.684132 1620814113.028471
355859.762992 4025777.908348 1620814117.238481
355860.651585 4025769.696983 1620814118.237895
355862.208502 4025755.73447 1620814119.677459
355863.546063 4025744.65698 1620814120.728109
355864.088296 4025740.387113 1620814121.126929
355865.572505 4025727.254687 1620814122.377585
355867.936889 4025702.734372 1620814124.8276
355868.466518 4025698.825487 1620814125.238509
355870.431987 4025683.729782 1620814126.826669
355871.549707 4025674.734378 1620814127.82778
355871.98843 4025671.228659 1620814128.240185
355873.403612 4025658.288301 1620814129.82774
355873.485022 4025655.468664 1620814130.239733
355871.988277 4025645.608737 1620814131.82857
355869.657283 4025640.179961 1620814132.828535
355868.379164 4025638.127527 1620814133.239837
355866.089446 4025635.250545 1620814133.82663
355859.136529 4025629.810457 1620814135.240073
355853.236345 4025627.371911 1620814136.240691
355847.267026 4025626.123929 1620814137.239661
355836.769403 4025625.723062 1620814139.026878
355823.373123 4025626.019457 1620814142.827929
355823.040474 4025626.011443 1620814143.240695
355822.505708 4025626.067108 1620814148.278426
355822.643711 4025626.047509 1620814149.278301
355822.64899 4025626.055873 1620814150.729429
355822.654541 4025626.060494 1620814151.728724
355822.735426 4025626.069923 1620814152.777529
355822.794135 4025626.088138 1620814153.977457
355822.771834 4025626.09349 1620814154.177684
355822.723115 4025626.094194 1620814154.376893
355822.166107 4025626.088515 1620814156.239534
355822.141194 4025626.088111 1620814156.427692
355821.481283 4025626.104922 1620814158.278177
355821.110008 4025626.115786 1620814159.677683
355821.143285 4025626.103847 1620814159.2767
355819.605887 4025625.737085 1620814162.728846
355820.332854 4025626.002826 1620814162.327394
355813.886323 4025623.159761 1620814164.177599
355812.752625 4025622.751717 1620814164.380345
355798.855703 4025620.208874 1620814166.239331
355789.945092 4025619.95922 1620814167.242462
355780.385053 4025620.048588 1620814168.239221
355770.019967 4025620.230903 1620814169.241187
355759.174299 4025620.498727 1620814170.24027
355740.597486 4025620.972901 1620814171.827032
355735.693663 4025621.110146 1620814172.241433
355723.079788 4025621.542428 1620814173.240043
355704.952941 4025621.932154 1620814174.627644
355697.169981 4025622.104743 1620814175.240936
355684.274777 4025622.439819 1620814176.241584
355671.298447 4025622.73986 1620814177.238762
355658.224167 4025623.031679 1620814178.239883
355652.980609 4025623.109997 1620814178.627357
355612.220295 4025623.873289 1620814181.677461
355604.01561 4025623.983342 1620814182.277277
355590.362142 4025624.147255 1620814183.276822
355576.57156 4025624.405439 1620814184.277038
355556.193843 4025624.892951 1620814185.728885
355541.916914 4025625.195091 1620814186.729648
355547.648563 4025625.084703 1620814186.328031
355497.398385 4025625.895757 1620814189.777698
355491.525781 4025625.977964 1620814190.177713
355467.245542 4025626.411604 1620814191.826883
355461.333364 4025626.550508 1620814192.241118
355446.46009 4025626.895412 1620814193.24071
355437.488954 4025627.059953 1620814193.827662
355415.615558 4025627.542955 1620814195.27702
355400.241831 4025627.890888 1620814196.277271
355384.665481 4025628.224839 1620814197.277223
355378.374221 4025628.351073 1620814197.678063
355345.627538 4025628.990712 1620814199.730261
355352.06758 4025628.857846 1620814199.326945
355335.92985 4025629.198593 1620814200.328495
355185.405704 4025630.07858 1620814208.777801
355193.852239 4025630.103735 1620814208.376788
355132.571931 4025630.299039 1620814211.234994
355110.671286 4025630.70145 1620814212.235278
355088.633841 4025631.180704 1620814213.237425
355066.508761 4025631.655605 1620814214.236917
355011.766625 4025632.647612 1620814216.728661
355007.466312 4025632.725228 1620814216.928012
354947.083114 4025633.831308 1620814219.777716
354955.474934 4025633.655759 1620814219.377721
354904.10589 4025634.786005 1620814221.827876
354883.023679 4025635.186485 1620814222.82779
354861.794809 4025635.517627 1620814223.827036
354840.46565 4025635.906142 1620814224.827176
354819.059681 4025636.320296 1620814225.826897
354797.569516 4025636.775687 1620814226.827957
354775.967063 4025637.319633 1620814227.826861
354754.267988 4025637.825421 1620814228.827036
354732.464671 4025638.301176 1620814229.827218
354745.567601 4025638.025904 1620814229.231135
354700.663696 4025638.930094 1620814231.276449
354678.62356 4025639.293993 1620814232.279088
354643.303528 4025639.901129 1620814233.877207
354652.122532 4025639.736246 1620814233.477346
354595.202847 4025641.033665 1620814236.076952
354586.557804 4025641.21908 1620814236.477389
354337.495458 4025646.669726 1620814248.928424
354316.240864 4025647.156426 1620814250.127177
354238.908995 4025650.412403 1620814254.729322
354224.316362 4025651.441986 1620814255.731707
354221.536994 4025651.601363 1620814255.928308
354203.181135 4025652.408798 1620814257.328223
354186.691585 4025652.840969 1620814258.72973
354191.219205 4025652.718564 1620814258.326978
354167.126385 4025653.303009 1620814260.528446
354154.844431 4025653.597229 1620814261.730075
354158.855519 4025653.501503 1620814261.327204
354128.683513 4025654.172889 1620814264.729954
354121.575721 4025654.319133 1620814265.731542
354117.706894 4025654.398915 1620814266.328394
354118.963898 4025654.375654 1620814266.127913
354099.253675 4025654.734346 1620814269.731252
354101.150571 4025654.696675 1620814269.328725
354086.519436 4025654.945161 1620814272.728353
354088.078455 4025654.903393 1620814272.328408
354085.007318 4025654.98926 1620814273.127296
354070.884603 4025655.357987 1620814278.777106
354070.875355 4025655.336052 1620814279.827708
354070.877294 4025655.306529 1620814280.827209
354070.88046 4025655.333452 1620814280.240635
354070.866814 4025655.251141 1620814282.827775
354070.839464 4025655.248769 1620814287.237676
354070.816339 4025655.292796 1620814293.878739
354070.816599 4025655.292885 1620814294.277063
354070.783065 4025655.296421 1620814295.278411
354070.298332 4025655.315588 1620814296.277321
354069.188753 4025655.360172 1620814297.278129
354067.724616 4025655.433019 1620814298.278045
354066.216448 4025655.510643 1620814299.277838
354064.800823 4025655.596234 1620814300.278006
354063.515689 4025655.686352 1620814301.27726
354062.398291 4025655.76465 1620814302.277126
354061.415494 4025655.869117 1620814303.277981
354060.291057 4025655.8998 1620814304.278077
354059.008121 4025655.973322 1620814305.278636
354050.763209 4025656.657411 1620814309.877139
354050.765605 4025656.666159 1620814310.277327
354050.756395 4025656.666538 1620814310.47951
353909.026947 4025665.347398 1620814326.327728
353894.671431 4025665.643395 1620814327.32755
353897.560624 4025665.581916 1620814327.128331
353781.252269 4025685.957577 1620814343.827258
353781.265244 4025685.948658 1620814344.428023
353781.257225 4025685.924338 1620814345.828141
353781.265721 4025685.925659 1620814345.428041
353781.250815 4025685.928459 1620814346.427983
353781.283332 4025685.91657 1620814348.878147
353781.283327 4025685.909271 1620814349.277879
353781.286675 4025685.908652 1620814349.479158
353781.296343 4025685.891959 1620814352.728812
353781.285991 4025685.883485 1620814353.728737
353781.257152 4025685.871317 1620814357.77831
353781.259708 4025685.870334 1620814357.177349
353781.23657 4025685.886539 1620814361.378296
353781.229776 4025685.881406 1620814362.7782
353781.223224 4025685.875695 1620814363.378335
353781.212086 4025685.865045 1620814364.378192
353781.205444 4025685.866231 1620814364.7784
353781.180662 4025685.868901 1620814366.37728
353781.173732 4025685.871566 1620814367.377522
353781.156946 4025685.866804 1620814368.778225
353781.160733 4025685.869878 1620814368.378046
353781.153243 4025685.858376 1620814370.178158
353781.122953 4025685.865112 1620814372.827332
353781.131054 4025685.865292 1620814372.428109
353781.11277 4025685.847303 1620814374.67872
353781.078982 4025685.845785 1620814377.677674
353781.080797 4025685.82439 1620814385.27761
353781.085131 4025685.815152 1620814388.928444
353781.104331 4025685.808328 1620814388.528671
353780.584037 4025686.038955 1620814390.328723
353780.370254 4025686.133838 1620814390.729872
353780.215889 4025686.107378 1620814394.778281
353780.222142 4025686.081296 1620814395.378637
353780.222661 4025686.039783 1620814396.376856
353780.214175 4025686.001621 1620814397.377724
353780.207374 4025685.988814 1620814397.778494
353780.030432 4025686.351439 1620814414.828228
353780.032491 4025686.360312 1620814415.82812
353780.03338 4025686.368891 1620814416.828258
353780.036031 4025686.378427 1620814417.828324
353780.033801 4025686.374669 1620814417.427796
353780.038288 4025686.386718 1620814419.877614
353780.035853 4025686.390782 1620814420.878452
353780.036876 4025686.390943 1620814421.926962
353780.03819 4025686.390234 1620814422.328673
353780.036671 4025686.391009 1620814422.927621
353780.033254 4025686.38561 1620814424.378204
353780.012908 4025686.397307 1620814425.828253
353780.005172 4025686.4023 1620814426.428374
353780.008079 4025686.399681 1620814426.23809
353779.962384 4025686.429236 1620814430.878314
353779.954794 4025686.431296 1620814431.877556
353779.959187 4025686.429793 1620814431.478577
353779.945571 4025686.427776 1620814433.729076
353779.912806 4025686.440774 1620814434.327784
353779.17018 4025686.785072 1620814435.377501
353777.19144 4025687.727373 1620814436.377253
353777.689078 4025687.489502 1620814436.177328
353737.06121 4025712.440114 1620814442.828374
353742.01326 4025708.938192 1620814442.238348
353735.413676 4025713.647472 1620814443.028417
353712.306274 4025734.820821 1620814445.87848
353717.083615 4025729.771068 1620814445.278673
353695.711234 4025753.640347 1620814447.927792
353692.446349 4025757.512004 1620814448.328144
353689.17398 4025761.440139 1620814448.729533
353672.098113 4025782.398406 1620814450.778234
353666.950167 4025788.738089 1620814451.377481
353657.845188 4025800.001732 1620814452.427824
353647.310784 4025813.201216 1620814453.628272
353643.748561 4025817.671365 1620814454.027408
353628.964953 4025836.248242 1620814455.678467
353623.637532 4025842.934521 1620814456.278373
353558.912191 4025931.579 1620814465.777444
353558.807047 4025933.021691 1620814465.976863
353562.495837 4025944.830826 1620814467.82755
353561.069798 4025942.569772 1620814467.427892
353573.373625 4025956.091396 1620814469.87814
353580.37308 4025962.08275 1620814470.87873
353577.460897 4025959.601428 1620814470.478633
353595.183028 4025974.349311 1620814472.729659
353605.872066 4025983.48078 1620814473.928947
353615.445758 4025991.889147 1620814474.928154
353619.416588 4025995.345777 1620814475.328949
353635.984004 4026009.491261 1620814476.928192
353658.224348 4026027.802476 1620814478.929578
353662.786903 4026031.494841 1620814479.328858
353681.22948 4026046.196889 1620814480.928758
353692.638529 4026055.266774 1620814481.928949
353703.750199 4026064.094363 1620814482.928811
353708.103081 4026067.565909 1620814483.328794
353712.410494 4026071.004847 1620814483.730381
353743.608421 4026095.881813 1620814486.778924
353747.4831 4026098.965015 1620814487.178467
353759.269938 4026108.32685 1620814488.428024
353762.908397 4026111.178417 1620814488.828376
353787.235415 4026129.936202 1620814492.478916
353789.419078 4026131.62449 1620814493.079614
353793.883226 4026135.113405 1620814494.878571
353793.129923 4026134.540299 1620814494.478672
353795.503136 4026136.293435 1620814496.878212
353795.509309 4026136.277429 1620814497.879453
353795.516223 4026136.283094 1620814497.478717
353795.499563 4026136.253156 1620814499.877622
353795.502875 4026136.241862 1620814500.878605
353795.50505 4026136.236997 1620814501.278935
353795.498358 4026136.227769 1620814501.678425
353795.55093 4026136.301087 1620814503.878661
353795.578875 4026136.36151 1620814504.278126
353795.571602 4026136.35368 1620814504.678785
353795.530427 4026136.279118 1620814507.678031
353795.517443 4026136.269781 1620814511.87864
353795.518933 4026136.270425 1620814512.878495
353795.517626 4026136.27044 1620814512.279095
353795.519147 4026136.270285 1620814513.478541
353795.514977 4026136.268019 1620814516.479066
353795.513415 4026136.268989 1620814518.877881
353795.513932 4026136.269871 1620814519.277893
353795.513412 4026136.269848 1620814519.479717
353795.511091 4026136.268752 1620814520.679651
353795.5098 4026136.270212 1620814525.278692
353795.506286 4026136.26849 1620814532.928964
353795.507085 4026136.26928 1620814533.730441
353795.507739 4026136.261634 1620814534.778423
353795.504346 4026136.245337 1620814535.377906
353795.477768 4026136.186496 1620814536.377603
353795.43399 4026136.152015 1620814537.828829
353795.40507 4026136.133452 1620814538.428513
353795.369442 4026136.120341 1620814539.478629
353795.281545 4026136.098512 1620814542.878508
353795.272981 4026136.102652 1620814543.878527
353795.29243 4026136.117503 1620814544.877713
353795.306687 4026136.125846 1620814545.881478
353795.303773 4026136.129156 1620814546.878456
353795.29343 4026136.142371 1620814547.87872
353795.332686 4026136.191276 1620814548.879626
353796.069737 4026136.780587 1620814549.877879
353797.947659 4026138.296104 1620814550.879355
353797.025302 4026137.546004 1620814550.478883
353799.785264 4026139.783219 1620814551.47946
353833.943125 4026167.405021 1620814556.928736
353843.031088 4026174.618857 1620814557.929044
353852.954901 4026182.483091 1620814558.929001
353863.487641 4026190.868751 1620814559.929135
353874.442173 4026199.634945 1620814560.928836
353885.85798 4026208.690917 1620814561.929983
353897.697984 4026218.044308 1620814562.929058
353902.540418 4026221.874065 1620814563.329214
353917.946302 4026234.209549 1620814564.578695
353927.920055 4026242.315557 1620814565.377823
353932.982114 4026246.40309 1620814565.778721
353959.479513 4026267.652117 1620814567.8286
353967.387002 4026273.984239 1620814568.428644
353981.358561 4026285.232485 1620814569.479028
354028.349649 4026322.739219 1620814572.928536
354020.067164 4026316.148786 1620814572.329109
354076.563403 4026361.10018 1620814576.378966
354082.163115 4026365.579562 1620814576.777819
354105.227852 4026383.997842 1620814578.429856
354119.251423 4026395.009116 1620814579.428873
354113.617202 4026390.630482 1620814579.029168
354149.137567 4026416.56898 1620814581.478747
354146.149398 4026414.539874 1620814581.280163
354186.370919 4026441.099691 1620814583.929229
354192.487142 4026445.021728 1620814584.329033
354214.648634 4026459.236 1620814585.779848
354223.811154 4026465.131478 1620814586.378156
354217.705325 4026461.197512 1620814585.97813
354261.286807 4026489.207001 1620814588.828742
354270.453688 4026495.060689 1620814589.428651
354276.575579 4026498.963956 1620814589.828925
354301.034435 4026514.561999 1620814591.431045
354317.076821 4026524.921447 1620814592.478783
354332.291638 4026534.698922 1620814593.479494
354326.206218 4026530.800318 1620814593.078957
354362.057636 4026553.849616 1620814595.478731
354356.218146 4026550.076439 1620814595.078859
354418.200133 4026589.911504 1620814599.52894
354425.764247 4026594.831571 1620814600.129236
354446.739762 4026608.282215 1620814601.978278
354444.614939 4026606.918857 1620814601.778135
354473.597233 4026625.775794 1620814604.628786
354477.458441 4026628.303464 1620814605.02881
354483.154632 4026631.998691 1620814605.629023
354499.845543 4026642.756445 1620814607.479962
354498.107584 4026641.644219 1620814607.278698
354572.798755 4026685.410792 1620814617.329296
354586.096197 4026692.860059 1620814625.978904
354586.096629 4026692.853535 1620814626.378817
354586.09182 4026692.848411 1620814626.777881
354586.083691 4026692.837422 1620814628.028896
354586.065385 4026692.846312 1620814629.428961
354586.068462 4026692.844962 1620814629.029696
354586.070973 4026692.851601 1620814631.480765
354586.075855 4026692.855188 1620814631.879209
354586.079385 4026692.871277 1620814633.878898
354586.079122 4026692.867911 1620814633.47965
354586.079738 4026692.874046 1620814634.28036
354586.085271 4026692.870271 1620814636.481348
354586.093686 4026692.858591 1620814637.280212
354586.095734 4026692.851342 1620814637.679216
354586.100909 4026692.836433 1620814640.929522
354586.099986 4026692.835209 1620814640.530452
354586.101208 4026692.837053 1620814641.129759
354586.132134 4026692.822287 1620814646.579144
354586.130817 4026692.827829 1620814647.378757
354586.131369 4026692.82683 1620814647.579032
354586.14292 4026692.813883 1620814649.828794
354586.144362 4026692.807863 1620814650.429409
354586.1522 4026692.808336 1620814651.479612
354586.142521 4026692.807399 1620814652.878955
354586.135231 4026692.8045 1620814653.929599
354586.131052 4026692.797293 1620814654.929157
354586.129514 4026692.794039 1620814655.329421
354586.123804 4026692.79965 1620814656.978761
354586.123089 4026692.799693 1620814657.379131
354586.119302 4026692.797285 1620814657.978917
354586.105803 4026692.79328 1620814659.428349
354586.1044 4026692.796044 1620814660.428958
354586.103731 4026692.79813 1620814661.479685
354586.093909 4026692.803782 1620814662.529505
354586.081978 4026692.806332 1620814663.92949
354586.08572 4026692.805601 1620814663.528884
354586.080417 4026692.806836 1620814664.128785
354586.014946 4026692.839954 1620814666.329105
354585.975949 4026692.858463 1620814667.129356
354585.856575 4026692.913087 1620814670.929224
354585.871106 4026692.907447 1620814670.529457
354585.812334 4026692.935346 1620814673.929376
354585.797657 4026692.946405 1620814678.777977
354585.774364 4026692.95396 1620814679.577886
354585.759451 4026692.959662 1620814680.178067
354585.710878 4026692.972277 1620814682.97904
354585.7096 4026692.971589 1620814682.579159
354585.688121 4026692.977165 1620814684.378186
354585.668088 4026692.982241 1620814685.379127
354585.65969 4026692.98258 1620814685.778839
354586.052365 4026693.235786 1620814688.377985
354586.764019 4026693.646088 1620814689.178905
354588.514631 4026694.661642 1620814690.778899
354588.959313 4026694.926995 1620814691.378603
354589.171021 4026695.057914 1620814691.778013
354589.494725 4026695.266922 1620814692.578227
354589.65807 4026695.560336 1620814698.628531
354589.631815 4026695.555431 1620814699.629176
354589.687985 4026695.379821 1620814703.428806
354589.686991 4026695.379645 1620814703.82913
354589.68568 4026695.379239 1620814705.828072
354589.691607 4026695.384409 1620814706.829156
354589.693187 4026695.38626 1620814707.429146
354589.686634 4026695.377652 1620814708.427986
354589.685566 4026695.37408 1620814709.42926
354589.688041 4026695.374627 1620814710.879909
354589.688988 4026695.374648 1620814711.480055
354589.68869 4026695.37539 1620814711.879175
354589.692314 4026695.378707 1620814713.92831
354589.704588 4026695.384482 1620814714.929382
354589.692916 4026695.379852 1620814714.329664
354591.222284 4026696.244533 1620814717.378909
354591.655916 4026696.49051 1620814718.029363
354591.87483 4026696.614493 1620814719.028951
354591.896807 4026696.633283 1620814720.028876
354591.921741 4026696.653412 1620814721.029001
354591.945131 4026696.672385 1620814722.028693
354591.963877 4026696.686777 1620814723.029913
354591.97572 4026696.694399 1620814724.029218
354592.194402 4026696.813247 1620814725.028932
354592.758563 4026697.123233 1620814726.029309
354593.290798 4026697.413253 1620814727.028999
354594.050689 4026697.830616 1620814728.029124
354595.811929 4026698.785285 1620814729.429122
354595.193574 4026698.454679 1620814729.029116
354599.892364 4026700.939309 1620814731.029194
354601.038977 4026701.49321 1620814731.428965
354602.888061 4026702.324986 1620814732.029425
354611.733293 4026705.134243 1620814734.480004
354615.136267 4026705.510806 1620814735.48009
354618.87464 4026705.133631 1620814736.480164
354622.989923 4026703.50098 1620814737.480175
354621.369706 4026704.331912 1620814737.079784
354627.572308 4026642.1694 1620814744.929713
354627.67531 4026644.746399 1620814744.732155
354625.529486 4026570.957275 1620814749.978231
354625.092322 4026556.122033 1620814750.97852
354624.655345 4026541.233232 1620814751.97857
354624.832729 4026547.193584 1620814751.579304
354624.489436 4026535.286647 1620814752.378407
354623.793877 4026511.117936 1620814754.029033
354623.612379 4026505.24134 1620814754.428479
354622.593365 4026474.627324 1620814756.479328
354622.083462 4026459.762745 1620814757.480313
354621.615243 4026445.223788 1620814758.480213
354621.199847 4026431.019661 1620814759.480228
354620.843649 4026417.13017 1620814760.479039
354620.517689 4026403.556438 1620814761.481053
354620.205863 4026390.289341 1620814762.483039
354619.851973 4026377.576312 1620814763.480342
354619.480749 4026366.31995 1620814764.480265
354619.281101 4026360.539867 1620814765.079389
354618.994637 4026352.862581 1620814766.079395
354618.495405 4026345.320278 1620814767.879165
354618.37406 4026344.487448 1620814768.279518
354618.145288 4026343.384417 1620814769.079167
354617.921696 4026342.546777 1620814771.279293
354617.971675 4026342.52693 1620814772.480793
354617.972416 4026342.52898 1620814774.679197
354617.974084 4026342.530223 1620814775.480191
354617.944598 4026342.528109 1620814779.279059
354617.356354 4026340.881239 1620814784.12872
354616.912583 4026339.980352 1620814785.530421
354615.391582 4026338.077024 1620814787.529834
354611.812926 4026335.968568 1620814788.930403
354602.829927 4026333.181522 1620814790.928182
354596.701425 4026331.615541 1620814791.929605
354589.604506 4026329.941039 1620814792.929512
354584.836399 4026328.838969 1620814793.529009
354581.429779 4026328.021102 1620814793.928871
354562.147806 4026323.237021 1620814795.929697
354555.802365 4026321.530057 1620814796.529531
354544.564014 4026318.337777 1620814797.529596
354549.1601 4026319.673663 1620814797.130025
354530.057157 4026313.744425 1620814798.729945
354501.528941 4026304.51865 1620814800.928737
354496.077559 4026302.766008 1620814801.329548
354484.955087 4026299.245035 1620814802.129137
354434.447987 4026283.386592 1620814805.529561
354381.331553 4026263.884776 1620814808.929496
354329.772047 4026239.78113 1620814812.179487
354307.026152 4026228.321301 1620814813.579058
354310.288888 4026229.99507 1620814813.379363
354268.089568 4026207.224363 1620814815.979641
354264.878504 4026205.370642 1620814816.179235
354245.189675 4026193.53295 1620814817.429024
354235.965979 4026187.833227 1620814818.029276
354229.883064 4026184.041924 1620814818.429282
354193.872711 4026160.828008 1620814820.879136
354185.374716 4026155.252912 1620814821.479373
354171.602831 4026145.973227 1620814822.480062
354177.045694 4026149.666516 1620814822.081304
354151.623033 4026131.743449 1620814824.079546
354143.027209 4026125.03727 1620814824.879911
354140.989681 4026123.42964 1620814825.080144
354094.449482 4026081.854604 1620814831.529619
354089.596177 4026076.549435 1620814832.529712
354084.231115 4026071.083702 1620814833.529981
354076.158859 4026062.779918 1620814834.929618
354072.560323 4026058.976092 1620814835.529666
354070.059233 4026056.367429 1620814835.931578
354059.555695 4026045.367254 1620814837.529618
354052.628609 4026038.036845 1620814838.530023
354042.277602 4026027.464128 1620814839.92965
354034.666048 4026019.641983 1620814840.929897
354030.024935 4026014.829765 1620814841.529922
354022.061708 4026006.671009 1620814842.52979
354023.269162 4026007.914503 1620814842.378844
354005.157435 4025989.25807 1620814844.5796
353998.488975 4025982.238675 1620814845.379349
353984.423734 4025967.442138 1620814847.029276
353983.121581 4025966.080663 1620814847.179403
353962.939677 4025944.975102 1620814849.479434
353961.188214 4025943.117405 1620814849.67898
353940.987766 4025922.271163 1620814851.930153
353939.164618 4025920.405698 1620814852.129837
353922.179395 4025903.027187 1620814853.978632
353913.040366 4025893.75133 1620814854.980137
353909.45343 4025890.103247 1620814855.379858
353835.317373 4025815.904416 1620814865.029712
353830.129829 4025811.959677 1620814866.029919
353824.94292 4025807.75231 1620814867.029446
353821.603956 4025804.968215 1620814867.629563
353794.897228 4025780.439113 1620814871.479838
353790.037056 4025775.799839 1620814872.079344
353774.643999 4025760.706354 1620814873.929792
353769.750364 4025755.842088 1620814874.530663
353772.99801 4025759.069589 1620814874.130131
353754.098906 4025740.97736 1620814876.529876
353757.174723 4025743.713312 1620814876.129834
353727.113375 4025729.814928 1620814879.97863
353722.236923 4025730.702094 1620814880.580742
353714.572118 4025734.215051 1620814881.579576
353717.543903 4025732.505954 1620814881.178495
353700.600161 4025747.217597 1620814883.629411
353701.953605 4025745.741156 1620814883.430582
353690.510249 4025759.144297 1620814885.078346
353682.667183 4025768.873575 1620814886.130181
353633.18104 4025831.53656 1620814891.97859
353627.714766 4025838.35929 1620814892.578619
353624.049781 4025842.934437 1620814892.979519
353609.168296 4025861.434441 1620814894.578684
353596.222712 4025877.451267 1620814895.979745
353590.869521 4025884.153528 1620814896.579473
353582.62171 4025894.696508 1620814897.579582
353579.589202 4025898.604696 1620814897.978534
353576.711664 4025902.327519 1620814898.378672
353563.739623 4025920.022091 1620814900.579985
353560.486114 4025926.701918 1620814901.579537
353560.976459 4025925.399164 1620814901.380335
353559.896934 4025939.65891 1620814903.980001
353560.521173 4025941.43348 1620814904.382333
353562.44677 4025944.995108 1620814905.179639
353582.723962 4025964.347424 1620814908.578571
353579.692164 4025961.695349 1620814908.179718
353606.984999 4025986.40766 1620814911.579217
353648.678768 4026019.97834 1620814916.028722
353664.213082 4026032.279251 1620814917.629373
353668.152143 4026035.361393 1620814918.029565
353678.035312 4026043.138117 1620814919.02983
353696.431648 4026057.607538 1620814920.879778
353698.420672 4026059.194634 1620814921.07969
353702.386504 4026062.403663 1620814921.479454
353726.579448 4026081.795494 1620814923.879642
