353744.381162 4026096.362706 1620813803.727271
353754.891769 4026104.6683 1620813804.576602
353764.814818 4026112.386824 1620813805.3759
353777.200282 4026122.007999 1620813806.376528
353794.314707 4026135.546943 1620813807.775709
353807.077676 4026145.680646 1620813808.825852
353819.136081 4026155.366753 1620813809.826866
353817.331507 4026153.908548 1620813809.67658
353836.033335 4026168.928466 1620813811.236914
353840.270123 4026172.361468 1620813811.575825
353874.907409 4026199.751284 1620813814.325945
353885.475445 4026208.093123 1620813815.126044
353888.138571 4026210.205786 1620813815.325896
353949.728682 4026259.187367 1620813819.726991
353957.838996 4026265.670097 1620813820.27564
353990.20377 4026291.981259 1620813822.425683
354125.814624 4026400.088757 1620813831.126117
354183.717395 4026442.11226 1620813834.825948
354200.597019 4026453.324479 1620813835.876298
354186.912008 4026444.262148 1620813835.027091
354233.923651 4026475.069495 1620813837.925826
354236.404721 4026476.703512 1620813838.077124
354239.714848 4026478.862426 1620813838.276186
354276.160283 4026501.278167 1620813840.47591
354288.036548 4026508.302825 1620813841.175789
354305.085001 4026518.43703 1620813842.175034
354311.04221 4026522.037391 1620813842.526383
354351.397704 4026547.432405 1620813844.925979
354362.9397 4026554.851164 1620813845.625818
354379.922353 4026565.824242 1620813846.676433
354395.830564 4026575.955925 1620813847.676065
354411.446035 4026585.873033 1620813848.677416
354426.725385 4026595.603729 1620813849.675802
354441.662586 4026605.184804 1620813850.676605
354456.253521 4026614.633148 1620813851.67599
354470.457634 4026623.905533 1620813852.675842
354484.340008 4026632.938746 1620813853.676018
354475.340823 4026627.106336 1620813853.026269
354512.405721 4026650.70397 1620813855.775932
354516.775809 4026653.471936 1620813856.126083
354520.415816 4026655.813227 1620813856.425899
354538.719762 4026667.493119 1620813858.12628
354549.812532 4026674.720884 1620813859.425939
354558.582925 4026680.436938 1620813860.776454
354556.870066 4026679.333756 1620813860.477287
354569.881252 4026687.585567 1620813863.825879
354570.592659 4026688.034158 1620813864.17487
354572.583971 4026689.110358 1620813865.175982
354575.234502 4026690.786986 1620813866.177362
354576.410848 4026691.517675 1620813866.5263
354586.676256 4026698.060761 1620813868.626364
354588.577023 4026699.269387 1620813868.926769
354621.823835 4026715.41559 1620813873.026337
354625.254309 4026716.290005 1620813873.377239
354642.752776 4026718.540358 1620813875.075732
354647.078497 4026718.607552 1620813875.476288
354807.377111 4026687.724355 1620813888.52654
354815.122699 4026686.055455 1620813889.176049
354826.912751 4026683.598501 1620813890.176316
354839.320616 4026681.272275 1620813891.239579
354856.051269 4026678.410338 1620813892.625813
354864.357538 4026677.131669 1620813893.326228
354880.513468 4026674.886505 1620813894.676214
354884.746082 4026674.363542 1620813895.026158
354905.667877 4026672.26316 1620813896.776859
354909.743386 4026671.945016 1620813897.126023
354920.609598 4026671.257549 1620813898.125969
354929.885373 4026670.807026 1620813899.176864
354937.679546 4026670.520337 1620813900.176551
354940.338977 4026670.424137 1620813900.526204
354955.390201 4026669.855543 1620813902.625978
354957.744063 4026669.780774 1620813902.9769
354968.628691 4026669.912411 1620813904.677249
354966.501304 4026670.02851 1620813904.326535
354976.68067 4026669.540026 1620813906.076258
354984.649186 4026669.289413 1620813907.776791
354989.484276 4026669.179321 1620813909.526351
354990.872303 4026669.157724 1620813910.175855
354992.791636 4026669.120534 1620813911.23924
354994.585702 4026669.052253 1620813913.276398
354994.56547 4026668.994931 1620813914.277361
354994.572847 4026668.851253 1620813917.728157
354994.571103 4026668.853193 1620813917.376142
354994.891942 4026668.873243 1620813919.827116
354994.703439 4026668.865837 1620813919.42608
355003.494706 4026668.755528 1620813923.126233
355035.614025 4026668.06402 1620813927.526502
355041.748871 4026667.934013 1620813928.176282
355051.971965 4026667.847852 1620813929.240318
355062.409265 4026667.752216 1620813930.241289
355073.568069 4026667.555108 1620813931.236412
355085.449171 4026667.218595 1620813932.235978
355098.135389 4026666.904514 1620813933.23623
355111.339022 4026666.571614 1620813934.240248
355120.114539 4026666.400104 1620813934.876045
355138.472888 4026666.078725 1620813936.236918
355173.311293 4026665.386011 1620813938.876437
355182.385007 4026665.171429 1620813939.577035
355177.846493 4026665.275156 1620813939.236369
355226.565682 4026664.188615 1620813942.926435
355239.407856 4026663.89806 1620813943.925531
355230.448804 4026664.102391 1620813943.236716
355276.667589 4026663.12281 1620813946.92632
355268.157521 4026663.30803 1620813946.235824
355284.971867 4026662.955799 1620813947.627006
355304.915447 4026662.533463 1620813949.376371
355311.971057 4026662.368304 1620813950.028203
355315.566771 4026662.27763 1620813950.376201
355335.210491 4026661.679551 1620813952.776287
355337.525023 4026661.608455 1620813953.126505
355343.567405 4026661.433659 1620813954.126584
355347.416181 4026661.353627 1620813954.827116
355356.976068 4026661.154996 1620813956.876074
355358.382277 4026661.151285 1620813957.233043
355362.907859 4026661.106834 1620813958.577204
355365.481596 4026661.079877 1620813960.976379
355365.487421 4026661.081975 1620813961.627159
355365.485355 4026661.080273 1620813961.277377
355365.48433 4026661.081267 1620813964.728256
355365.488094 4026661.081475 1620813965.076724
355365.476724 4026661.073467 1620813966.728294
355365.513515 4026661.080241 1620813967.72701
355365.557789 4026661.08998 1620813968.727448
355365.555821 4026661.092773 1620813969.727547
355365.55524 4026661.095259 1620813970.727363
355365.554398 4026661.092945 1620813971.726934
355365.563932 4026661.09585 1620813972.727644
355365.791768 4026661.094992 1620813973.726878
355366.527322 4026661.081541 1620813974.727408
355367.7796 4026661.064478 1620813975.727618
355369.410032 4026661.048263 1620813976.7275
355368.301923 4026661.058983 1620813976.076231
355370.123456 4026661.043474 1620813977.076135
355377.283486 4026661.041441 1620813979.126616
355387.803555 4026660.905718 1620813980.826193
355390.214711 4026660.862352 1620813981.176332
355444.045917 4026659.584715 1620813987.176461
355457.669359 4026659.373581 1620813988.237086
355471.460815 4026659.147813 1620813989.236619
355485.993159 4026658.999214 1620813990.235809
355506.678111 4026658.92725 1620813991.575573
355527.438125 4026658.914646 1620813992.876509
355533.0916 4026658.939367 1620813993.233905
355549.41252 4026659.010781 1620813994.236196
355555.125175 4026659.059825 1620813994.576221
355581.994519 4026659.222894 1620813996.23684
355598.121355 4026659.274962 1620813997.234035
355603.699378 4026659.343327 1620813997.576562
355629.719756 4026659.824702 1620813999.236827
355645.573241 4026660.054266 1620814000.238928
355651.167601 4026660.113153 1620814000.576689
355667.233797 4026660.249905 1620814001.576661
355694.640763 4026660.538048 1620814003.276253
355778.481316 4026661.215982 1620814008.627425
355774.013953 4026661.104164 1620814008.326507
355803.284393 4026661.924941 1620814010.327062
355848.144429 4026663.493471 1620814013.976263
355856.43596 4026663.803479 1620814014.976418
355858.840425 4026663.906575 1620814015.328792
355866.955168 4026664.274654 1620814016.977274
355868.969726 4026664.301107 1620814017.676634
355870.729851 4026664.226339 1620814018.676904
355871.465508 4026664.202391 1620814019.627619
355871.496296 4026664.223985 1620814020.677686
355871.519778 4026664.251484 1620814021.678563
355871.832832 4026664.241522 1620814022.728471
355872.449223 4026664.134382 1620814023.728497
355872.050338 4026664.206476 1620814023.076476
355873.655314 4026663.801102 1620814027.826639
355873.650308 4026663.795764 1620814028.177199
355873.734343 4026663.771709 1620814028.877227
355874.261523 4026663.545216 1620814030.277224
355874.331241 4026663.513761 1620814030.576789
355874.36007 4026663.44607 1620814032.677317
355874.361034 4026663.464459 1620814032.328421
355874.397237 4026663.399712 1620814033.327696
355878.587053 4026659.018361 1620814037.730209
355879.168576 4026657.590828 1620814038.126461
355879.94405 4026654.65786 1620814038.777099
355880.586602 4026646.410952 1620814040.176738
355880.644789 4026641.720907 1620814040.827301
355880.552209 4026629.85951 1620814042.276803
355880.387374 4026620.320649 1620814043.276397
355879.634643 4026593.940581 1620814045.67647
355879.290429 4026581.52393 1620814046.676278
355879.12299 4026573.291666 1620814047.326511
355878.759069 4026556.31895 1620814048.676867
355878.505294 4026544.163972 1620814049.676766
355878.201103 4026532.127002 1620814050.676797
355877.956834 4026519.923662 1620814051.676879
355877.736586 4026507.450013 1620814052.676843
355877.503597 4026494.720459 1620814053.678248
355877.229035 4026481.73792 1620814054.677179
355876.933226 4026468.726236 1620814055.678554
355876.700528 4026455.976947 1620814056.677251
355876.445537 4026443.49946 1620814057.676403
355876.193876 4026431.157986 1620814058.67674
355876.260078 4026434.864098 1620814058.376497
355875.100888 4026378.087194 1620814063.077627
355875.049862 4026374.059835 1620814063.42744
355874.011281 4026321.943312 1620814067.825915
355873.315666 4026292.041276 1620814070.177322
355872.971074 4026278.617581 1620814071.176804
355872.681371 4026264.953815 1620814072.178621
355872.525654 4026255.282723 1620814072.877887
355871.238475 4026209.745332 1620814076.278134
355870.884727 4026197.155581 1620814077.276675
355870.728822 4026192.817736 1620814077.626427
355858.983402 4025979.554958 1620814094.377392
355859.298388 4025984.158844 1620814094.02722
355855.955025 4025933.886155 1620814097.728648
355856.271216 4025938.758199 1620814097.377626
355853.844015 4025891.753039 1620814100.777966
355853.668684 4025886.929428 1620814101.126743
355853.513646 4025865.828153 1620814102.777141
355853.472067 4025862.170838 1620814103.126663
355853.753191 4025850.212132 1620814104.777403
355853.649764 4025851.855525 1620814104.477805
355855.086463 4025825.796855 1620814110.176302
355855.641978 4025819.493957 1620814111.177335
355856.80435 4025805.643015 1620814113.177443
355859.762992 4025777.908348 1620814117.238481
355860.651585 4025769.696983 1620814118.237895
355862.14623 4025756.246588 1620814119.627395
355863.484352 4025745.196005 1620814120.677325
355863.948553 4025741.45442 1620814121.027781
355865.621278 4025726.742904 1620814122.428917
355868.001625 4025702.243144 1620814124.876935
355868.398783 4025699.311126 1620814125.176878
355870.487369 4025683.271136 1620814126.877036
355871.603357 4025674.2933 1620814127.876995
355871.933833 4025671.663703 1620814128.177634
355873.421374 4025657.925625 1620814129.877257
355873.484588 4025655.809965 1620814130.176998
355871.897683 4025645.327521 1620814131.878139
355869.506656 4025639.9223 1620814132.878702
355868.549198 4025638.380916 1620814133.176781
355865.880366 4025635.023264 1620814133.878099
355859.419624 4025629.968483 1620814135.177361
355853.536702 4025627.463521 1620814136.177413
355847.267026 4025626.123929 1620814137.239661
355837.328873 4025625.717873 1620814138.927267
355823.326306 4025626.018825 1620814142.879086
355823.040474 4025626.011443 1620814143.240695
355822.505708 4025626.067108 1620814148.278426
355822.644493 4025626.048083 1620814149.326824
355822.649946 4025626.056158 1620814150.676994
355822.654541 4025626.060494 1620814151.728724
355822.735426 4025626.069923 1620814152.777529
355822.802667 4025626.083112 1620814153.776857
355822.77911 4025626.092045 1620814154.127932
355822.691172 4025626.093244 1620814154.477689
355822.166107 4025626.088515 1620814156.239534
355822.128893 4025626.087313 1620814156.577546
355821.457778 4025626.104789 1620814158.327908
355821.110008 4025626.115786 1620814159.677683
355821.136251 4025626.105329 1620814159.327266
355819.605887 4025625.737085 1620814162.728846
355820.260804 4025625.9809 1620814162.377618
355814.158156 4025623.264359 1620814164.126922
355812.161531 4025622.55203 1620814164.479038
355798.855703 4025620.208874 1620814166.239331
355789.945092 4025619.95922 1620814167.242462
355780.385053 4025620.048588 1620814168.239221
355770.019967 4025620.230903 1620814169.241187
355759.174299 4025620.498727 1620814170.24027
355739.990105 4025620.989273 1620814171.878515
355735.693663 4025621.110146 1620814172.241433
355723.079788 4025621.542428 1620814173.240043
355705.604961 4025621.918919 1620814174.577757
355697.169981 4025622.104743 1620814175.240936
355684.274777 4025622.439819 1620814176.241584
355671.298447 4025622.73986 1620814177.238762
355658.224167 4025623.031679 1620814178.239883
355653.635919 4025623.099233 1620814178.57898
355612.903159 4025623.863338 1620814181.627668
355603.330774 4025623.992319 1620814182.328022
355589.678572 4025624.15601 1620814183.328375
355575.878639 4025624.420617 1620814184.328338
355556.193843 4025624.892951 1620814185.728885
355541.916914 4025625.195091 1620814186.729648
355546.934405 4025625.099722 1620814186.376606
355496.664636 4025625.905636 1620814189.826908
355491.525781 4025625.977964 1620814190.177713
355466.507282 4025626.429448 1620814191.877645
355461.333364 4025626.550508 1620814192.241118
355446.46009 4025626.895412 1620814193.24071
355435.990591 4025627.08716 1620814193.927655
355414.853205 4025627.560767 1620814195.328729
355399.468154 4025627.909233 1620814196.327706
355383.88203 4025628.241219 1620814197.327851
355378.374221 4025628.351073 1620814197.678063
355345.627538 4025628.990712 1620814199.730261
355351.263836 4025628.874215 1620814199.377893
355334.308624 4025629.234334 1620814200.426764
355184.343909 4025630.075504 1620814208.826977
355191.751026 4025630.098204 1620814208.478071
355132.571931 4025630.299039 1620814211.234994
355110.671286 4025630.70145 1620814212.235278
355088.633841 4025631.180704 1620814213.237425
355066.508761 4025631.655605 1620814214.236917
355013.919126 4025632.609498 1620814216.626884
355005.317042 4025632.767331 1620814217.027741
354947.083114 4025633.831308 1620814219.777716
354954.425486 4025633.674855 1620814219.428267
354904.10589 4025634.786005 1620814221.827876
354883.023679 4025635.186485 1620814222.82779
354861.794809 4025635.517627 1620814223.827036
354840.46565 4025635.906142 1620814224.827176
354819.059681 4025636.320296 1620814225.826897
354797.569516 4025636.775687 1620814226.827957
354775.967063 4025637.319633 1620814227.826861
354754.267988 4025637.825421 1620814228.827036
354732.464671 4025638.301176 1620814229.827218
354746.655076 4025638.001721 1620814229.17726
354700.663696 4025638.930094 1620814231.276449
354678.62356 4025639.293993 1620814232.279088
354642.204999 4025639.925266 1620814233.927952
354648.81185 4025639.797307 1620814233.627426
354598.455516 4025640.961492 1620814235.927498
354583.327178 4025641.281696 1620814236.627044
354336.599618 4025646.688398 1620814248.976097
354318.879873 4025647.096623 1620814249.977293
354239.677944 4025650.349879 1620814254.677727
354225.016951 4025651.399321 1620814255.678049
354220.849736 4025651.638438 1620814255.977268
354203.181135 4025652.408798 1620814257.328223
354187.250557 4025652.825901 1620814258.678622
354190.644423 4025652.734169 1620814258.377765
354168.705875 4025653.262866 1620814260.378698
354155.341705 4025653.585704 1620814261.67827
354158.349633 4025653.514295 1620814261.379529
354129.057023 4025654.165215 1620814264.678891
354121.912361 4025654.31147 1620814265.677076
354117.706894 4025654.398915 1620814266.328394
354119.60291 4025654.361502 1620814266.029274
354099.48729 4025654.729623 1620814269.678263
354100.909858 4025654.701587 1620814269.378
354086.711324 4025654.940588 1620814272.67819
354087.880227 4025654.907895 1620814272.378112
354085.379519 4025654.977601 1620814273.027691
354070.884603 4025655.357987 1620814278.777106
354070.875355 4025655.336052 1620814279.827708
354070.877054 4025655.304317 1620814280.877978
354070.879887 4025655.333734 1620814280.177966
354070.866737 4025655.25048 1620814282.878059
354070.839964 4025655.248127 1620814287.176103
354070.816389 4025655.29279 1620814293.928187
354070.816599 4025655.292885 1620814294.277063
354070.783065 4025655.296421 1620814295.278411
354070.33922 4025655.314003 1620814296.237146
354069.188753 4025655.360172 1620814297.278129
354067.724616 4025655.433019 1620814298.278045
354066.216448 4025655.510643 1620814299.277838
354064.800823 4025655.596234 1620814300.278006
354063.515689 4025655.686352 1620814301.27726
354062.398291 4025655.76465 1620814302.277126
354061.415494 4025655.869117 1620814303.277981
354060.291057 4025655.8998 1620814304.278077
354059.008121 4025655.973322 1620814305.278636
354050.763763 4025656.659838 1620814309.976119
354050.765605 4025656.666159 1620814310.277327
354050.737941 4025656.668105 1620814310.626949
353908.319494 4025665.360859 1620814326.378124
353893.949993 4025665.659295 1620814327.377942
353899.005471 4025665.552038 1620814327.02804
353781.250908 4025685.958093 1620814343.778327
353781.265244 4025685.948658 1620814344.428023
353781.258264 4025685.924549 1620814345.778286
353781.265721 4025685.925659 1620814345.428041
353781.251455 4025685.929906 1620814346.479008
353781.283332 4025685.91657 1620814348.878147
353781.282785 4025685.909675 1620814349.236959
353781.288544 4025685.908222 1620814349.578385
353781.297793 4025685.893501 1620814352.628165
353781.286516 4025685.883516 1620814353.628378
353781.257694 4025685.870765 1620814357.678317
353781.260778 4025685.874027 1620814357.028023
353781.23657 4025685.886539 1620814361.378296
353781.231139 4025685.88217 1620814362.678268
353781.223224 4025685.875695 1620814363.378335
353781.212086 4025685.865045 1620814364.378192
353781.206437 4025685.866014 1620814364.728542
353781.180662 4025685.868901 1620814366.37728
353781.173732 4025685.871566 1620814367.377522
353781.157388 4025685.867305 1620814368.72967
353781.160293 4025685.869489 1620814368.428234
353781.153091 4025685.85896 1620814370.078272
353781.122953 4025685.865112 1620814372.827332
353781.130053 4025685.865345 1620814372.479061
353781.113753 4025685.847709 1620814374.57818
353781.079135 4025685.846047 1620814377.577789
353781.080752 4025685.824416 1620814385.237261
353781.079905 4025685.817263 1620814388.977635
353781.102822 4025685.808732 1620814388.628126
353780.584037 4025686.038955 1620814390.328723
353780.395103 4025686.122913 1620814390.678402
353780.215529 4025686.109462 1620814394.728671
353780.222142 4025686.081296 1620814395.378637
353780.222661 4025686.039783 1620814396.376856
353780.214175 4025686.001621 1620814397.377724
353780.208565 4025685.99024 1620814397.729924
353780.030432 4025686.351439 1620814414.828228
353780.032491 4025686.360312 1620814415.82812
353780.03338 4025686.368891 1620814416.828258
353780.036031 4025686.378427 1620814417.828324
353780.034085 4025686.375099 1620814417.479739
353780.038288 4025686.386718 1620814419.877614
353780.035807 4025686.390829 1620814420.927853
353780.037073 4025686.390828 1620814421.978157
353780.03819 4025686.390234 1620814422.328673
353780.0366 4025686.391082 1620814422.978434
353780.032502 4025686.386089 1620814424.427584
353780.012908 4025686.397307 1620814425.828253
353780.004453 4025686.402891 1620814426.47864
353780.008649 4025686.399454 1620814426.178344
353779.962384 4025686.429236 1620814430.878314
353779.954239 4025686.431477 1620814431.928537
353779.958133 4025686.430128 1620814431.577681
353779.945864 4025686.427764 1620814433.678332
353779.912806 4025686.440774 1620814434.327784
353779.097673 4025686.819352 1620814435.428341
353777.057098 4025687.791881 1620814436.428401
353777.915799 4025687.381789 1620814436.078569
353737.06121 4025712.440114 1620814442.828374
353742.421247 4025708.656486 1620814442.177242
353734.161743 4025714.581487 1620814443.178326
353711.907977 4025735.253824 1620814445.927634
353717.481915 4025729.362132 1620814445.238356
353695.302257 4025754.121953 1620814447.97834
353692.446349 4025757.512004 1620814448.328144
353689.583119 4025760.945906 1620814448.67833
353672.524011 4025781.873696 1620814450.729195
353666.519241 4025789.268631 1620814451.429177
353657.410705 4025800.545134 1620814452.478444
353648.199529 4025812.090318 1620814453.527852
353642.406517 4025819.355917 1620814454.178281
353629.857709 4025835.125658 1620814455.578464
353623.637532 4025842.934521 1620814456.278373
353559.053443 4025930.490928 1620814465.628426
353558.793713 4025933.378064 1620814466.028402
353562.303094 4025944.552626 1620814467.778311
353561.069798 4025942.569772 1620814467.427892
353573.049987 4025955.810014 1620814469.827989
353580.37308 4025962.08275 1620814470.87873
353577.819535 4025959.906732 1620814470.528966
353593.906504 4025973.28864 1620814472.576778
353605.872066 4025983.48078 1620814473.928947
353615.445758 4025991.889147 1620814474.928154
353618.418649 4025994.479822 1620814475.239197
353635.984004 4026009.491261 1620814476.928192
353658.224348 4026027.802476 1620814478.929578
353662.214022 4026031.034573 1620814479.278965
353681.22948 4026046.196889 1620814480.928758
353692.638529 4026055.266774 1620814481.928949
353703.750199 4026064.094363 1620814482.928811
353707.560841 4026067.134697 1620814483.278412
353711.339054 4026070.147496 1620814483.628296
353742.630612 4026095.104028 1620814486.678632
353746.036696 4026097.813298 1620814487.028464
353759.269938 4026108.32685 1620814488.428024
353762.457561 4026110.825131 1620814488.781302
353787.235415 4026129.936202 1620814492.478916
353789.740407 4026131.871349 1620814493.177331
353793.796884 4026135.047088 1620814494.828505
353793.231228 4026134.618162 1620814494.529057
353795.502736 4026136.295521 1620814496.828732
353795.510109 4026136.278216 1620814497.829631
353795.515382 4026136.28235 1620814497.527649
353795.499563 4026136.253156 1620814499.877622
353795.502875 4026136.241862 1620814500.878605
353795.505342 4026136.237777 1620814501.23975
353795.500757 4026136.231291 1620814501.52889
353795.55093 4026136.301087 1620814503.878661
353795.573758 4026136.350339 1620814504.177777
353795.574387 4026136.356724 1620814504.52968
353795.533225 4026136.282373 1620814507.529135
353795.517443 4026136.269781 1620814511.87864
353795.518933 4026136.270425 1620814512.878495
353795.517461 4026136.270325 1620814512.241
353795.518982 4026136.270294 1620814513.528788
353795.514661 4026136.268022 1620814516.578748
353795.513415 4026136.268989 1620814518.877881
353795.513924 4026136.26968 1620814519.177494
353795.513103 4026136.269817 1620814519.578793
353795.511377 4026136.269169 1620814520.578214
353795.509813 4026136.270321 1620814525.239064
353795.506286 4026136.26849 1620814532.928964
353795.506832 4026136.268839 1620814533.627595
353795.507863 4026136.263567 1620814534.678479
353795.504346 4026136.245337 1620814535.377906
353795.477768 4026136.186496 1620814536.377603
353795.436367 4026136.15373 1620814537.777883
353795.40507 4026136.133452 1620814538.428513
353795.369737 4026136.120788 1620814539.529965
353795.281916 4026136.09852 1620814542.82852
353795.272981 4026136.102652 1620814543.878527
353795.29243 4026136.117503 1620814544.877713
353795.306687 4026136.125846 1620814545.881478
353795.303773 4026136.129156 1620814546.878456
353795.29343 4026136.142371 1620814547.87872
353795.332686 4026136.191276 1620814548.879626
353796.069737 4026136.780587 1620814549.877879
353797.947659 4026138.296104 1620814550.879355
353797.232069 4026137.713062 1620814550.577612
353800.136096 4026140.07214 1620814551.577724
353834.379116 4026167.751898 1620814556.977725
353843.506737 4026174.996157 1620814557.9799
353853.471831 4026182.894124 1620814558.978078
353864.023676 4026191.296321 1620814559.978027
353875.001195 4026200.079478 1620814560.979012
353886.438615 4026209.153342 1620814561.977867
353898.302695 4026218.520197 1620814562.978669
353902.540418 4026221.874065 1620814563.329214
353919.803743 4026235.718961 1620814564.729912
353927.920055 4026242.315557 1620814565.377823
353932.349126 4026245.89133 1620814565.730867
353958.823499 4026267.128903 1620814567.778824
353968.04893 4026274.51572 1620814568.479155
353982.025975 4026285.772148 1620814569.528961
354029.042759 4026323.290009 1620814572.979885
354019.380534 4026315.600469 1620814572.279212
354076.563403 4026361.10018 1620814576.378966
354081.462135 4026365.019879 1620814576.730879
354105.926644 4026384.552313 1620814578.478317
354119.958074 4026395.552925 1620814579.480111
354115.019454 4026391.72854 1620814579.128615
354150.639673 4026417.581465 1620814581.578797
354145.405469 4026414.03008 1620814581.241915
354187.134579 4026441.589607 1620814583.977681
354192.487142 4026445.021728 1620814584.329033
354213.885346 4026458.746475 1620814585.729277
354223.811154 4026465.131478 1620814586.378156
354219.233027 4026462.178493 1620814586.078632
354260.522861 4026488.720209 1620814588.779491
354271.221344 4026495.550844 1620814589.478832
354275.811128 4026498.476362 1620814589.77974
354301.798804 4026515.056609 1620814591.480649
354317.076821 4026524.921447 1620814592.478783
354332.291638 4026534.698922 1620814593.479494
354326.964855 4026531.289379 1620814593.129187
354362.057636 4026553.849616 1620814595.478731
354357.685226 4026551.024248 1620814595.177804
354418.844043 4026590.331119 1620814599.578976
354426.988077 4026595.626903 1620814600.239896
354446.739762 4026608.282215 1620814601.978278
354443.005918 4026605.888711 1620814601.628968
354474.567502 4026626.411058 1620814604.732631
354477.936498 4026628.61662 1620814605.079025
354484.091375 4026632.601738 1620814605.732159
354499.845543 4026642.756445 1620814607.479962
354496.794358 4026640.795964 1620814607.12948
354572.229346 4026685.088778 1620814617.242243
354586.096197 4026692.860059 1620814625.978904
354586.097297 4026692.854125 1620814626.329487
354586.093126 4026692.849804 1620814626.679077
354586.083633 4026692.837125 1620814628.078759
354586.065385 4026692.846312 1620814629.428961
354586.067564 4026692.845417 1620814629.079299
354586.070973 4026692.851601 1620814631.480765
354586.075286 4026692.854769 1620814631.830042
354586.079312 4026692.870901 1620814633.831518
354586.079201 4026692.86833 1620814633.529526
354586.079516 4026692.873589 1620814634.178876
354586.085864 4026692.869633 1620814636.529571
354586.092877 4026692.859977 1620814637.178132
354586.094981 4026692.854112 1620814637.527914
354586.100909 4026692.836433 1620814640.929522
354586.100169 4026692.835389 1620814640.578898
354586.101433 4026692.837411 1620814641.242195
354586.131932 4026692.823229 1620814646.679025
354586.130862 4026692.828231 1620814647.329599
354586.13149 4026692.82623 1620814647.678842
354586.142927 4026692.815235 1620814649.731442
354586.144362 4026692.807863 1620814650.429409
354586.1522 4026692.808336 1620814651.479612
354586.143091 4026692.8079 1620814652.829077
354586.135231 4026692.8045 1620814653.929599
354586.131052 4026692.797293 1620814654.929157
354586.129859 4026692.793891 1620814655.27882
354586.123804 4026692.79965 1620814656.978761
354586.123422 4026692.799951 1620814657.32942
354586.119302 4026692.797285 1620814657.978917
354586.105803 4026692.79328 1620814659.428349
354586.1044 4026692.796044 1620814660.428958
354586.103258 4026692.798443 1620814661.529623
354586.093506 4026692.803836 1620814662.579172
354586.081978 4026692.806332 1620814663.92949
354586.085053 4026692.805645 1620814663.578845
354586.07801 4026692.807667 1620814664.279262
354586.017293 4026692.838919 1620814666.279084
354585.969938 4026692.861884 1620814667.27893
354585.856575 4026692.913087 1620814670.929224
354585.869268 4026692.908107 1620814670.578592
354585.812334 4026692.935346 1620814673.929376
354585.802291 4026692.94501 1620814678.628482
354585.771923 4026692.954764 1620814679.680043
354585.756327 4026692.96129 1620814680.329375
354585.710878 4026692.972277 1620814682.97904
354585.709924 4026692.971743 1620814682.679102
354585.689094 4026692.97691 1620814684.328243
354585.668088 4026692.982241 1620814685.379127
354585.661811 4026692.982497 1620814685.679038
354586.052365 4026693.235786 1620814688.377985
354586.610803 4026693.557375 1620814689.02907
354588.469536 4026694.635075 1620814690.730349
354588.928816 4026694.908446 1620814691.329373
354589.147355 4026695.04293 1620814691.730166
354589.532418 4026695.291358 1620814692.679139
354589.653946 4026695.560405 1620814698.77828
354589.629667 4026695.554483 1620814699.73022
354589.687985 4026695.379821 1620814703.428806
354589.687092 4026695.37963 1620814703.779247
354589.685251 4026695.379079 1620814705.729351
354589.690873 4026695.383623 1620814706.729793
354589.693187 4026695.38626 1620814707.429146
354589.686634 4026695.377652 1620814708.427986
354589.685566 4026695.37408 1620814709.42926
354589.688041 4026695.374627 1620814710.879909
354589.688892 4026695.374725 1620814711.529446
354589.68869 4026695.37539 1620814711.879175
354589.692314 4026695.378707 1620814713.92831
354589.704588 4026695.384482 1620814714.929382
354589.692771 4026695.379976 1620814714.278579
354591.222284 4026696.244533 1620814717.378909
354591.655916 4026696.49051 1620814718.029363
354591.87483 4026696.614493 1620814719.028951
354591.896807 4026696.633283 1620814720.028876
354591.921741 4026696.653412 1620814721.029001
354591.945131 4026696.672385 1620814722.028693
354591.963877 4026696.686777 1620814723.029913
354591.97572 4026696.694399 1620814724.029218
354592.194402 4026696.813247 1620814725.028932
354592.758563 4026697.123233 1620814726.029309
354593.290798 4026697.413253 1620814727.028999
354594.050689 4026697.830616 1620814728.029124
354595.727002 4026698.739982 1620814729.378143
354595.193574 4026698.454679 1620814729.029116
354599.892364 4026700.939309 1620814731.029194
354600.893202 4026701.424495 1620814731.378784
354602.888061 4026702.324986 1620814732.029425
354611.561404 4026705.101144 1620814734.429463
354614.962133 4026705.506496 1620814735.428583
354618.67548 4026705.178227 1620814736.428342
354622.796543 4026703.620166 1620814737.429015
354621.581005 4026704.243064 1620814737.129493
354627.599069 4026642.816961 1620814744.879399
354627.774398 4026647.284069 1620814744.529821
354625.529486 4026570.957275 1620814749.978231
354625.113747 4026556.865915 1620814750.929452
354624.655345 4026541.233232 1620814751.97857
354624.811009 4026546.448548 1620814751.628626
354624.528511 4026536.770717 1620814752.279499
354623.793877 4026511.117936 1620814754.029033
354623.635612 4026505.978384 1620814754.379294
354622.593365 4026474.627324 1620814756.479328
354622.083462 4026459.762745 1620814757.480313
354621.615243 4026445.223788 1620814758.480213
354621.199847 4026431.019661 1620814759.480228
354620.843649 4026417.13017 1620814760.479039
354620.517689 4026403.556438 1620814761.481053
354620.205863 4026390.289341 1620814762.483039
354619.851973 4026377.576312 1620814763.480342
354619.480749 4026366.31995 1620814764.480265
354619.265315 4026360.095705 1620814765.128638
354618.98171 4026352.545686 1620814766.129401
354618.509312 4026345.43955 1620814767.829259
354618.419763 4026344.773113 1620814768.128656
354618.133051 4026343.336394 1620814769.129774
354617.923965 4026342.559238 1620814771.129669
354617.971675 4026342.52693 1620814772.480793
354617.972722 4026342.529233 1620814774.827708
354617.974084 4026342.530223 1620814775.480191
354617.944659 4026342.527978 1620814779.179351
354617.336042 4026340.837966 1620814784.178569
354616.912583 4026339.980352 1620814785.530421
354615.391582 4026338.077024 1620814787.529834
354611.980032 4026336.038071 1620814788.879025
354603.110488 4026333.261747 1620814790.880254
354597.029886 4026331.693754 1620814791.879272
354589.982118 4026330.028487 1620814792.879147
354584.836399 4026328.838969 1620814793.529009
354581.863462 4026328.125168 1620814793.879295
354562.662288 4026323.374342 1620814795.87927
354555.802365 4026321.530057 1620814796.529531
354543.981207 4026318.164894 1620814797.579269
354548.022378 4026319.345905 1620814797.239283
354531.91682 4026314.35296 1620814798.579341
354502.205309 4026304.734654 1620814800.879611
354497.448257 4026303.20896 1620814801.236998
354483.542166 4026298.798461 1620814802.237234
354433.672315 4026283.138058 1620814805.578285
354381.331553 4026263.884776 1620814808.929496
354328.157981 4026238.985853 1620814812.280501
354306.210456 4026227.903184 1620814813.628975
354311.920047 4026230.829047 1620814813.280241
354268.089568 4026207.224363 1620814815.979641
354262.476428 4026203.969609 1620814816.329705
354245.967955 4026194.009413 1620814817.379363
354235.200909 4026187.359929 1620814818.079077
354229.883064 4026184.041924 1620814818.429282
354195.304462 4026161.753307 1620814820.779062
354185.374716 4026155.252912 1620814821.479373
354171.602831 4026145.973227 1620814822.480062
354176.357215 4026149.202316 1620814822.130607
354150.504742 4026130.884905 1620814824.178898
354143.543422 4026125.443918 1620814824.828901
354139.992896 4026122.634375 1620814825.179333
354094.209539 4026081.586091 1620814831.580366
354089.340927 4026076.284876 1620814832.580757
354083.946301 4026070.806512 1620814833.579525
354076.158859 4026062.779918 1620814834.929618
354072.253132 4026058.654222 1620814835.579372
354070.059233 4026056.367429 1620814835.931578
354059.218802 4026045.008485 1620814837.580487
354052.276541 4026037.66616 1620814838.579123
354042.277602 4026027.464128 1620814839.92965
354034.666048 4026019.641983 1620814840.929897
354029.633759 4026014.425078 1620814841.580627
354021.656437 4026006.255986 1620814842.579527
354024.468835 4026009.145365 1620814842.242609
354005.157435 4025989.25807 1620814844.5796
353999.742475 4025983.562428 1620814845.243723
353984.856882 4025967.895973 1620814846.979342
353981.380055 4025964.260521 1620814847.378278
353963.377429 4025945.438783 1620814849.429345
353960.313378 4025942.188294 1620814849.780526
353941.897721 4025923.20436 1620814851.832445
353938.70805 4025919.938179 1620814852.17862
353923.101016 4025903.964025 1620814853.880355
353913.493608 4025894.209398 1620814854.929393
353910.339892 4025891.014853 1620814855.279656
353835.584258 4025816.098177 1620814864.979376
353830.129829 4025811.959677 1620814866.029919
353824.94292 4025807.75231 1620814867.029446
353821.314593 4025804.724092 1620814867.679353
353795.295195 4025780.817423 1620814871.428853
353790.037056 4025775.799839 1620814872.079344
353775.465459 4025761.530156 1620814873.829917
353769.750364 4025755.842088 1620814874.530663
353772.586684 4025758.662915 1620814874.178978
353754.098906 4025740.97736 1620814876.529876
353756.787849 4025743.361992 1620814876.179614
353727.52314 4025729.782417 1620814879.929797
353722.236923 4025730.702094 1620814880.580742
353714.572118 4025734.215051 1620814881.579576
353717.164413 4025732.697228 1620814881.241916
353700.261552 4025747.593632 1620814883.67958
353702.630192 4025745.0154 1620814883.330245
353690.510249 4025759.144297 1620814885.078346
353682.282125 4025769.355393 1620814886.178777
353633.633804 4025830.970563 1620814891.930064
353627.258255 4025838.930142 1620814892.629673
353624.509982 4025842.360342 1620814892.930035
353609.168296 4025861.434441 1620814894.578684
353596.680235 4025876.886515 1620814895.929159
353590.436501 4025884.701485 1620814896.6294
353582.233915 4025895.19448 1620814897.630447
353579.95984 4025898.126456 1620814897.929883
353577.418712 4025901.411873 1620814898.279689
353563.529829 4025920.370379 1620814900.629613
353560.375477 4025927.024643 1620814901.629737
353561.252457 4025924.741021 1620814901.279715
353559.828716 4025939.435391 1620814903.930895
353560.352702 4025940.99499 1620814904.280048
353562.764996 4025945.463908 1620814905.27952
353583.10526 4025964.685063 1620814908.629809
353580.444681 4025962.348315 1620814908.27967
353607.421334 4025986.782697 1620814911.629698
353648.678768 4026019.97834 1620814916.028722
353664.704766 4026032.663752 1620814917.679523
353668.152143 4026035.361393 1620814918.029565
353678.035312 4026043.138117 1620814919.02983
353695.435661 4026056.816964 1620814920.779747
353698.917344 4026059.593202 1620814921.130943
353701.89072 4026062.001004 1620814921.429541
353725.559225 4026080.97851 1620814923.780725
